\INPUT_FILE = /stage/nexsci-exo-data-prep/ETSS-prep/KELT/s34/raw/KELT_S34_lc_030753_V01_east_tfa.dat
\INPUT_TYPE = "RAW"
\START_DATE = "Sun Jan 03, 20:25:35 2010"               
\STOP_DATE = "Sun Apr 06, 17:48:45 2014"               
\fixlen = T
\NUMRECORDS = 2692     
\
\ This file was produced by the NASA Exoplanet Archive  http://exoplanetarchive.ipac.caltech.edu 
\ Wed Oct 23, 13:06:47 2019
\ Documentation for the KELT Survey dataset can be found at http://exoplanetarchive.ipac.caltech.edu/docs/KELT.html
\
|          TIME|     MAG|MAG_ERR|
|          real|    real|   real|
|             d|     mag|    mag|
|          null|    null|   null|
 2455200.351102 13.50710 0.01935 
 2455200.353162 13.51241 0.01824 
 2455200.357281 13.52617 0.01917 
 2455200.361403 13.51758 0.01975 
 2455200.363463 13.47928 0.01817 
 2455200.365523 13.48706 0.01845 
 2455200.367583 13.50699 0.01969 
 2455200.369643 13.52303 0.01973 
 2455200.371704 13.49657 0.01825 
 2455200.373763 13.50772 0.01798 
 2455200.375824 13.52474 0.01919 
 2455200.377887 13.49799 0.01786 
 2455200.379943 13.49592 0.01817 
 2455200.382003 13.50330 0.01901 
 2455200.384063 13.54502 0.01954 
 2455200.386119 13.52231 0.01837 
 2455200.388181 13.49139 0.01783 
 2455200.392297 13.51045 0.01843 
 2455200.394354 13.47983 0.01768 
 2455200.396415 13.50242 0.01825 
 2455200.398475 13.54206 0.01896 
 2455200.400534 13.49333 0.01802 
 2455200.402594 13.50731 0.01816 
 2455200.404654 13.50106 0.01744 
 2455200.406710 13.50298 0.01773 
 2455200.408773 13.50355 0.01779 
 2455200.410831 13.50676 0.01788 
 2455200.412893 13.50785 0.01740 
 2455200.414950 13.49286 0.01730 
 2455200.417008 13.46327 0.01696 
 2455200.419069 13.52272 0.01813 
 2455200.421127 13.49571 0.01716 
 2455200.423193 13.48449 0.01702 
 2455200.425253 13.49554 0.01657 
 2455200.427311 13.48697 0.01711 
 2455200.429368 13.50594 0.01723 
 2455200.431426 13.53247 0.01771 
 2455200.433486 13.48832 0.01700 
 2455200.435547 13.50459 0.01720 
 2455200.437609 13.51775 0.01700 
 2455200.439667 13.50351 0.01710 
 2455200.441728 13.48852 0.01690 
 2455200.443787 13.47590 0.01657 
 2455200.445849 13.47100 0.01634 
 2455200.447907 13.48397 0.01696 
 2455200.449966 13.49969 0.01669 
 2455200.452024 13.50555 0.01684 
 2455200.454083 13.53217 0.01747 
 2455200.456142 13.51745 0.01677 
 2455200.458201 13.51134 0.01713 
 2455200.460261 13.48080 0.01668 
 2455200.462318 13.49566 0.01636 
 2455200.464379 13.49736 0.01650 
 2455200.466437 13.49890 0.01650 
 2455200.468499 13.54129 0.01677 
 2455200.470557 13.53163 0.01710 
 2455200.472617 13.50184 0.01671 
 2455200.474676 13.49013 0.01629 
 2455200.476734 13.49626 0.01629 
 2455200.478794 13.52416 0.01675 
 2455200.480852 13.52735 0.01649 
 2455200.482910 13.50298 0.01608 
 2455200.484968 13.50718 0.01640 
 2455200.487026 13.53489 0.01656 
 2455200.489085 13.48082 0.01617 
 2455200.491143 13.50385 0.01629 
 2455200.493202 13.51196 0.01664 
 2455200.495259 13.47645 0.01565 
 2455200.497316 13.50761 0.01614 
 2455201.337122 13.50845 0.01452 
 2455201.339179 13.52705 0.01537 
 2455201.341241 13.52758 0.01469 
 2455201.343300 13.49829 0.01386 
 2455201.345357 13.53543 0.01470 
 2455201.347417 13.51374 0.01435 
 2455201.349474 13.51456 0.01513 
 2455201.351532 13.49277 0.01450 
 2455201.353591 13.51917 0.01486 
 2455201.355653 13.51467 0.01424 
 2455201.357713 13.50061 0.01446 
 2455201.359772 13.51695 0.01543 
 2455201.361832 13.53198 0.01591 
 2455201.363893 13.50346 0.01522 
 2455201.365951 13.49861 0.01519 
 2455201.368012 13.52473 0.01567 
 2455201.370076 13.52705 0.01637 
 2455201.372134 13.53902 0.01681 
 2455201.374190 13.51281 0.01655 
 2455201.376248 13.51738 0.01679 
 2455201.378308 13.50801 0.01580 
 2455201.380365 13.50618 0.01529 
 2455201.382422 13.50916 0.01621 
 2455201.384491 13.52616 0.01594 
 2455201.388608 13.49657 0.01646 
 2455201.390666 13.51909 0.01665 
 2455201.392725 13.48156 0.01602 
 2455201.394785 13.50785 0.01550 
 2455201.396843 13.50617 0.01603 
 2455201.398902 13.53046 0.01636 
 2455201.400959 13.50087 0.01630 
 2455201.403017 13.50797 0.01618 
 2455201.405075 13.51828 0.01616 
 2455201.407133 13.50556 0.01616 
 2455201.409193 13.50438 0.01610 
 2455201.411252 13.51119 0.01596 
 2455201.413315 13.51106 0.01606 
 2455201.415373 13.49092 0.01592 
 2455201.417430 13.49504 0.01624 
 2455201.419488 13.51829 0.01590 
 2455201.421547 13.51559 0.01613 
 2455201.423605 13.54372 0.01727 
 2455201.425665 13.48728 0.01539 
 2455201.427724 13.49389 0.01548 
 2455201.429784 13.52975 0.01602 
 2455201.431844 13.47945 0.01509 
 2455201.433905 13.53024 0.01672 
 2455201.435964 13.48591 0.01569 
 2455201.438025 13.50697 0.01585 
 2455201.440092 13.52104 0.01663 
 2455201.442149 13.52942 0.01596 
 2455201.444213 13.49411 0.01587 
 2455201.446270 13.49558 0.01596 
 2455201.448326 13.51199 0.01582 
 2455201.450387 13.55993 0.01653 
 2455201.452446 13.49914 0.01542 
 2455201.454506 13.50165 0.01523 
 2455201.456569 13.51664 0.01543 
 2455201.458629 13.50305 0.01525 
 2455201.460686 13.50379 0.01546 
 2455201.462747 13.56418 0.01603 
 2455201.464806 13.51843 0.01533 
 2455201.466865 13.50974 0.01549 
 2455201.468925 13.50997 0.01510 
 2455201.470985 13.50004 0.01518 
 2455201.473041 13.52114 0.01545 
 2455201.475100 13.50131 0.01572 
 2455201.477157 13.53984 0.01559 
 2455201.491578 13.48164 0.01437 
 2455202.323166 13.52440 0.01477 
 2455202.331401 13.49936 0.01486 
 2455202.335524 13.52469 0.01544 
 2455202.339647 13.50711 0.01469 
 2455202.341705 13.52617 0.01509 
 2455202.343764 13.50085 0.01465 
 2455202.345827 13.53393 0.01440 
 2455202.347887 13.49576 0.01431 
 2455202.349945 13.48044 0.01370 
 2455202.352006 13.52939 0.01510 
 2455202.354064 13.52121 0.01448 
 2455202.356125 13.49628 0.01410 
 2455202.358184 13.51762 0.01396 
 2455202.360245 13.51619 0.01340 
 2455202.362310 13.52816 0.01331 
 2455202.364369 13.50570 0.01273 
 2455202.366427 13.47929 0.01242 
 2455202.368490 13.50862 0.01352 
 2455202.372606 13.51730 0.01383 
 2455202.374665 13.50972 0.01362 
 2455202.376727 13.54703 0.01450 
 2455202.378791 13.51823 0.01471 
 2455202.382908 13.50860 0.01487 
 2455202.384977 13.49574 0.01423 
 2455202.387036 13.49364 0.01425 
 2455202.389099 13.52330 0.01549 
 2455202.391165 13.47508 0.01466 
 2455202.393222 13.52374 0.01538 
 2455202.395283 13.50020 0.01478 
 2455202.397340 13.50719 0.01493 
 2455202.399401 13.50141 0.01504 
 2455202.401464 13.50143 0.01468 
 2455202.403522 13.49657 0.01462 
 2455202.405581 13.49270 0.01452 
 2455202.407638 13.49572 0.01531 
 2455202.411756 13.49822 0.01534 
 2455202.424107 13.51029 0.01612 
 2455202.426167 13.51652 0.01668 
 2455202.428225 13.50204 0.01550 
 2455202.430283 13.51408 0.01632 
 2455202.434403 13.51778 0.01498 
 2455202.436457 13.50597 0.01492 
 2455202.438514 13.50320 0.01479 
 2455202.440576 13.49801 0.01534 
 2455202.442632 13.51923 0.01587 
 2455202.444700 13.51475 0.01546 
 2455202.452943 13.52492 0.01539 
 2455202.455002 13.52005 0.01493 
 2455202.457066 13.51045 0.01446 
 2455202.459123 13.51733 0.01522 
 2455202.461183 13.52335 0.01494 
 2455202.463245 13.48788 0.01477 
 2455202.465303 13.50535 0.01450 
 2455202.467365 13.48127 0.01402 
 2455202.473548 13.51153 0.01441 
 2455203.339319 13.52731 0.01484 
 2455203.341381 13.49292 0.01395 
 2455203.345502 13.53189 0.01519 
 2455203.347563 13.52886 0.01447 
 2455203.349734 13.52891 0.01489 
 2455203.368269 13.51768 0.01395 
 2455203.370329 13.54539 0.01390 
 2455203.374449 13.51992 0.01337 
 2455203.376510 13.52609 0.01322 
 2455203.378570 13.49950 0.01358 
 2455203.380630 13.48195 0.01294 
 2455203.382689 13.50921 0.01319 
 2455203.384751 13.51398 0.01389 
 2455203.434172 13.51081 0.01385 
 2455203.436230 13.48139 0.01294 
 2455203.446531 13.49162 0.01374 
 2455203.448591 13.51007 0.01346 
 2455203.450654 13.50048 0.01311 
 2455203.452713 13.50910 0.01336 
 2455203.454773 13.50273 0.01362 
 2455203.456834 13.51005 0.01444 
 2455203.458892 13.51053 0.01388 
 2455203.460951 13.50678 0.01374 
 2455203.463009 13.50685 0.01397 
 2455203.467126 13.53174 0.01482 
 2455203.469182 13.52473 0.01360 
 2455203.471243 13.49858 0.01331 
 2455203.473302 13.51906 0.01353 
 2455203.475363 13.49517 0.01358 
 2455203.477421 13.51098 0.01393 
 2455203.479487 13.53287 0.01391 
 2455203.481546 13.52919 0.01353 
 2455203.483602 13.48208 0.01306 
 2455203.485663 13.47041 0.01287 
 2455204.380302 13.53880 0.01308 
 2455204.382359 13.56998 0.01298 
 2455204.384421 13.55772 0.01293 
 2455204.386479 13.57240 0.01327 
 2455204.400895 13.54228 0.01339 
 2455204.402956 13.53632 0.01308 
 2455204.405013 13.53404 0.01225 
 2455204.407071 13.49977 0.01178 
 2455204.409131 13.52946 0.01223 
 2455204.411192 13.51634 0.01247 
 2455204.413250 13.52208 0.01298 
 2455204.417366 13.51295 0.01361 
 2455204.419425 13.51298 0.01280 
 2455204.421484 13.50324 0.01224 
 2455204.423544 13.48760 0.01203 
 2455204.425606 13.50741 0.01248 
 2455204.427668 13.49063 0.01237 
 2455204.429730 13.52399 0.01334 
 2455204.431787 13.52321 0.01306 
 2455204.433849 13.52726 0.01304 
 2455204.435907 13.50513 0.01311 
 2455204.437965 13.50046 0.01280 
 2455204.440024 13.51075 0.01278 
 2455204.442081 13.49989 0.01285 
 2455204.444141 13.48961 0.01259 
 2455204.446199 13.52705 0.01334 
 2455204.448257 13.51223 0.01312 
 2455204.450318 13.51378 0.01280 
 2455204.452376 13.51639 0.01293 
 2455204.454438 13.48940 0.01270 
 2455204.456496 13.53191 0.01320 
 2455204.458556 13.50995 0.01329 
 2455204.460627 13.50571 0.01304 
 2455204.462679 13.52065 0.01320 
 2455204.464740 13.51135 0.01302 
 2455204.466798 13.49053 0.01307 
 2455204.468857 13.50865 0.01300 
 2455204.470920 13.52439 0.01320 
 2455204.472979 13.53903 0.01353 
 2455204.475039 13.50879 0.01309 
 2455204.477095 13.49276 0.01251 
 2455204.479156 13.48844 0.01270 
 2455204.481214 13.50141 0.01303 
 2455204.483271 13.47669 0.01263 
 2455204.485331 13.49665 0.01276 
 2455205.451278 13.51161 0.01257 
 2455205.453337 13.49194 0.01210 
 2455205.455400 13.50883 0.01262 
 2455205.457463 13.52065 0.01279 
 2455205.459522 13.49780 0.01250 
 2455205.469750 13.51029 0.01322 
 2455205.471818 13.49076 0.01240 
 2455205.473875 13.52485 0.01397 
 2455205.475936 13.47958 0.01238 
 2455206.330782 13.53636 0.01456 
 2455206.332844 13.51610 0.01393 
 2455206.334898 13.52119 0.01462 
 2455206.336963 13.48624 0.01357 
 2455206.339025 13.50891 0.01348 
 2455206.341083 13.51343 0.01376 
 2455206.343144 13.50777 0.01372 
 2455206.363862 13.49430 0.01244 
 2455206.365922 13.50272 0.01295 
 2455206.370045 13.49560 0.01235 
 2455206.372103 13.51695 0.01250 
 2455206.376224 13.51627 0.01264 
 2455206.378283 13.52176 0.01302 
 2455206.380341 13.52384 0.01323 
 2455206.382406 13.51577 0.01279 
 2455206.386522 13.51246 0.01296 
 2455206.388584 13.50569 0.01239 
 2455206.390642 13.54056 0.01289 
 2455206.392705 13.51180 0.01251 
 2455206.394767 13.50279 0.01207 
 2455206.396824 13.52826 0.01176 
 2455206.398888 13.49717 0.01194 
 2455206.400945 13.50109 0.01190 
 2455206.403007 13.49195 0.01154 
 2455206.405066 13.51875 0.01233 
 2455206.407122 13.50449 0.01200 
 2455206.409184 13.49108 0.01196 
 2455206.411241 13.51105 0.01182 
 2455206.413304 13.50306 0.01166 
 2455206.415362 13.52218 0.01215 
 2455206.417419 13.52061 0.01160 
 2455206.419481 13.50712 0.01222 
 2455206.421540 13.50032 0.01180 
 2455206.423601 13.47321 0.01149 
 2455206.425662 13.49286 0.01176 
 2455206.427723 13.49342 0.01141 
 2455206.429782 13.52888 0.01174 
 2455206.431839 13.50455 0.01138 
 2455206.433902 13.50510 0.01154 
 2455206.435960 13.50666 0.01135 
 2455206.438017 13.50789 0.01153 
 2455206.440082 13.49114 0.01120 
 2455206.442139 13.51936 0.01159 
 2455212.311402 13.51976 0.01320 
 2455212.317590 13.47922 0.01275 
 2455212.319652 13.52476 0.01326 
 2455212.321715 13.51753 0.01275 
 2455212.323772 13.51286 0.01277 
 2455212.325838 13.50613 0.01231 
 2455212.327897 13.49786 0.01232 
 2455212.329954 13.51969 0.01238 
 2455212.332012 13.51418 0.01269 
 2455212.334070 13.51005 0.01187 
 2455212.336133 13.48253 0.01158 
 2455212.338193 13.50005 0.01159 
 2455212.340256 13.51799 0.01199 
 2455212.342314 13.51890 0.01221 
 2455212.344372 13.51796 0.01204 
 2455212.346434 13.51826 0.01186 
 2455212.348493 13.50941 0.01181 
 2455212.350555 13.50159 0.01174 
 2455212.352614 13.53043 0.01197 
 2455212.354674 13.51495 0.01187 
 2455212.356735 13.46919 0.01112 
 2455212.358794 13.49537 0.01140 
 2455212.360856 13.54628 0.01204 
 2455212.362917 13.51389 0.01188 
 2455212.364975 13.50249 0.01147 
 2455212.367035 13.53478 0.01145 
 2455212.369094 13.52179 0.01146 
 2455212.371155 13.50704 0.01148 
 2455212.373213 13.54131 0.01218 
 2455212.375277 13.52717 0.01209 
 2455212.377335 13.52096 0.01197 
 2455212.379393 13.53158 0.01218 
 2455212.381454 13.48076 0.01133 
 2455212.383513 13.50544 0.01158 
 2455212.385573 13.52159 0.01201 
 2455212.387635 13.50014 0.01127 
 2455212.389693 13.52067 0.01199 
 2455212.391756 13.48901 0.01130 
 2455212.393814 13.52652 0.01160 
 2455212.395877 13.49682 0.01143 
 2455212.397940 13.51653 0.01140 
 2455212.399997 13.52513 0.01166 
 2455212.402058 13.50178 0.01122 
 2455212.404117 13.52843 0.01157 
 2455212.406178 13.49840 0.01129 
 2455212.408236 13.51064 0.01126 
 2455212.410298 13.49433 0.01143 
 2455212.412361 13.51224 0.01151 
 2455212.414419 13.49705 0.01159 
 2455212.416480 13.49850 0.01143 
 2455212.418539 13.50345 0.01169 
 2455212.420608 13.51371 0.01131 
 2455212.422667 13.50440 0.01114 
 2455212.424724 13.51081 0.01153 
 2455212.430902 13.50479 0.01103 
 2455212.432964 13.49075 0.01081 
 2455212.435023 13.49722 0.01100 
 2455212.437083 13.51264 0.01198 
 2455212.439141 13.50716 0.01158 
 2455212.441202 13.50003 0.01098 
 2455212.443260 13.51041 0.01137 
 2455212.445319 13.49523 0.01122 
 2455212.447378 13.52056 0.01130 
 2455212.449438 13.50907 0.01106 
 2455212.451501 13.51512 0.01158 
 2455212.453560 13.51872 0.01142 
 2455212.455625 13.50554 0.01088 
 2455212.457686 13.49001 0.01080 
 2455212.459745 13.50116 0.01104 
 2455212.461806 13.51907 0.01122 
 2455212.463864 13.51668 0.01111 
 2455213.308065 13.49642 0.01373 
 2455213.310126 13.48570 0.01286 
 2455213.314253 13.47404 0.01338 
 2455213.318376 13.50639 0.01354 
 2455213.320435 13.51490 0.01377 
 2455213.322498 13.52901 0.01337 
 2455213.324556 13.50943 0.01304 
 2455213.326621 13.51248 0.01371 
 2455213.328683 13.46497 0.01295 
 2455213.330742 13.53394 0.01401 
 2455213.332805 13.49454 0.01260 
 2455213.334864 13.50518 0.01305 
 2455213.338991 13.50753 0.01325 
 2455213.341051 13.52086 0.01329 
 2455213.343113 13.49733 0.01258 
 2455213.345177 13.51435 0.01287 
 2455213.347240 13.52311 0.01364 
 2455213.349302 13.52230 0.01361 
 2455213.351364 13.49661 0.01264 
 2455213.353426 13.52477 0.01299 
 2455213.355484 13.47651 0.01207 
 2455213.357547 13.50684 0.01266 
 2455213.359606 13.52761 0.01286 
 2455213.361665 13.48544 0.01260 
 2455213.363729 13.51016 0.01284 
 2455213.365789 13.52961 0.01313 
 2455213.367851 13.52428 0.01269 
 2455213.369910 13.48898 0.01229 
 2455213.371994 13.49015 0.01212 
 2455213.374058 13.50443 0.01194 
 2455213.376118 13.49454 0.01183 
 2455213.378178 13.51196 0.01195 
 2455213.380247 13.49860 0.01186 
 2455213.382310 13.52677 0.01294 
 2455213.384373 13.51294 0.01317 
 2455213.386432 13.50826 0.01290 
 2455213.388498 13.52757 0.01321 
 2455213.390557 13.49427 0.01187 
 2455213.392618 13.48245 0.01153 
 2455213.394676 13.48122 0.01195 
 2455213.396733 13.50565 0.01238 
 2455213.398794 13.50284 0.01173 
 2455213.400853 13.49152 0.01187 
 2455213.402920 13.48225 0.01171 
 2455213.404979 13.48801 0.01173 
 2455213.407037 13.49664 0.01205 
 2455213.409099 13.52858 0.01260 
 2455213.411158 13.51412 0.01215 
 2455213.413222 13.49414 0.01202 
 2455213.415285 13.50951 0.01206 
 2455213.417345 13.50529 0.01184 
 2455213.419407 13.49739 0.01185 
 2455213.421466 13.49120 0.01186 
 2455213.423531 13.51959 0.01233 
 2455213.425590 13.51162 0.01206 
 2455213.427649 13.49005 0.01165 
 2455213.429709 13.50161 0.01180 
 2455213.431767 13.50708 0.01257 
 2455213.433824 13.49693 0.01236 
 2455213.435883 13.50508 0.01209 
 2455213.437940 13.47912 0.01174 
 2455213.440002 13.50509 0.01202 
 2455213.442061 13.50450 0.01215 
 2455213.444133 13.48614 0.01170 
 2455213.446192 13.52930 0.01235 
 2455213.448252 13.48723 0.01208 
 2455213.450314 13.52378 0.01242 
 2455213.452372 13.47983 0.01198 
 2455213.454434 13.50510 0.01217 
 2455213.456493 13.50514 0.01224 
 2455213.458555 13.50054 0.01231 
 2455213.460614 13.48755 0.01209 
 2455214.309986 13.51354 0.01308 
 2455214.312045 13.53158 0.01323 
 2455214.314105 13.50659 0.01332 
 2455214.316168 13.49871 0.01226 
 2455214.318230 13.48468 0.01215 
 2455214.320289 13.52307 0.01300 
 2455214.322351 13.50771 0.01211 
 2455214.324410 13.53184 0.01264 
 2455214.326473 13.50763 0.01241 
 2455214.328533 13.52106 0.01248 
 2455214.330592 13.50936 0.01249 
 2455214.332656 13.50662 0.01225 
 2455214.334719 13.52781 0.01262 
 2455214.336785 13.52624 0.01270 
 2455214.338843 13.50100 0.01235 
 2455214.340903 13.51000 0.01236 
 2455214.342964 13.52286 0.01222 
 2455214.345023 13.49741 0.01206 
 2455214.347091 13.51670 0.01227 
 2455214.349151 13.51743 0.01209 
 2455214.351218 13.51252 0.01260 
 2455214.353279 13.49146 0.01197 
 2455214.355343 13.52523 0.01245 
 2455214.357408 13.53954 0.01287 
 2455214.359467 13.49885 0.01134 
 2455214.361531 13.51102 0.01205 
 2455214.363592 13.52442 0.01255 
 2455214.365650 13.53316 0.01353 
 2455214.367712 13.50155 0.01166 
 2455214.369776 13.49902 0.01157 
 2455214.371841 13.52055 0.01245 
 2455214.373906 13.51391 0.01230 
 2455214.375971 13.52063 0.01220 
 2455214.378030 13.51826 0.01222 
 2455214.380091 13.51085 0.01206 
 2455214.382153 13.50764 0.01173 
 2455214.384213 13.50338 0.01212 
 2455214.386270 13.50140 0.01172 
 2455214.388332 13.49756 0.01166 
 2455216.310920 13.51862 0.01352 
 2455216.312980 13.54085 0.01343 
 2455216.317104 13.52653 0.01307 
 2455216.323289 13.52697 0.01281 
 2455216.325354 13.50527 0.01204 
 2455216.327418 13.50545 0.01301 
 2455216.329473 13.50376 0.01284 
 2455216.331536 13.50410 0.01283 
 2455216.333599 13.52816 0.01320 
 2455216.335657 13.51262 0.01287 
 2455216.337715 13.48058 0.01211 
 2455216.339778 13.54160 0.01360 
 2455216.341848 13.51196 0.01373 
 2455216.343911 13.51994 0.01319 
 2455216.345971 13.48961 0.01328 
 2455216.348029 13.53355 0.01372 
 2455216.350094 13.50443 0.01290 
 2455216.352155 13.50888 0.01331 
 2455216.354218 13.55281 0.01359 
 2455216.356283 13.53781 0.01417 
 2455216.358340 13.52277 0.01376 
 2455216.360403 13.50863 0.01304 
 2455216.362461 13.51645 0.01321 
 2455216.366580 13.49141 0.01278 
 2455216.368640 13.49654 0.01274 
 2455216.370703 13.50626 0.01344 
 2455216.372765 13.50722 0.01304 
 2455216.374828 13.49760 0.01385 
 2455216.376887 13.52118 0.01355 
 2455216.378944 13.54736 0.01342 
 2455216.381005 13.47920 0.01227 
 2455216.383064 13.51694 0.01340 
 2455216.385126 13.50551 0.01338 
 2455216.387185 13.50029 0.01228 
 2455216.389244 13.53233 0.01310 
 2455216.391305 13.51148 0.01341 
 2455216.393368 13.53082 0.01305 
 2455216.395432 13.52091 0.01303 
 2455216.397490 13.50740 0.01266 
 2455216.399553 13.48109 0.01185 
 2455216.401618 13.51975 0.01270 
 2455216.403675 13.52166 0.01321 
 2455216.405740 13.53484 0.01318 
 2455216.407799 13.50645 0.01291 
 2455216.409860 13.52361 0.01375 
 2455216.411921 13.51286 0.01310 
 2455216.413979 13.50223 0.01252 
 2455216.416048 13.50855 0.01281 
 2455216.418109 13.50953 0.01286 
 2455216.426351 13.52233 0.01281 
 2455216.428410 13.52685 0.01247 
 2455216.430472 13.50003 0.01233 
 2455216.432531 13.52319 0.01214 
 2455216.434591 13.51441 0.01232 
 2455216.436653 13.51106 0.01186 
 2455216.438712 13.47521 0.01179 
 2455216.440772 13.51229 0.01188 
 2455216.442831 13.51945 0.01233 
 2455216.444893 13.52149 0.01232 
 2455216.446955 13.51025 0.01199 
 2455216.449013 13.49652 0.01184 
 2455216.451077 13.48096 0.01132 
 2455216.453137 13.51244 0.01217 
 2455217.308994 13.46963 0.01359 
 2455217.310941 13.51422 0.01339 
 2455217.312996 13.48590 0.01372 
 2455217.315058 13.51834 0.01351 
 2455217.317118 13.50431 0.01345 
 2455217.319180 13.50184 0.01325 
 2455217.321354 13.51345 0.01428 
 2455217.323415 13.51558 0.01341 
 2455217.325477 13.49841 0.01298 
 2455217.327538 13.51793 0.01319 
 2455217.329604 13.49450 0.01300 
 2455217.331655 13.54086 0.01339 
 2455217.333713 13.51018 0.01336 
 2455217.335773 13.47232 0.01242 
 2455217.337829 13.51375 0.01273 
 2455217.339890 13.52468 0.01301 
 2455217.341963 13.48553 0.01212 
 2455217.344024 13.50732 0.01304 
 2455217.346080 13.48248 0.01211 
 2455217.348135 13.49003 0.01244 
 2455217.350196 13.49457 0.01238 
 2455217.352237 13.48952 0.01224 
 2455217.354303 13.50715 0.01240 
 2455217.356360 13.49612 0.01224 
 2455217.358415 13.48586 0.01248 
 2455217.360476 13.51172 0.01252 
 2455217.362532 13.49642 0.01257 
 2455217.364587 13.49693 0.01232 
 2455217.366650 13.50064 0.01249 
 2455217.368837 13.49284 0.01248 
 2455217.370894 13.49891 0.01246 
 2455217.372950 13.51648 0.01234 
 2455217.375019 13.50139 0.01220 
 2455217.377074 13.51161 0.01239 
 2455217.379129 13.47997 0.01246 
 2455217.381190 13.50298 0.01214 
 2455217.383251 13.51007 0.01250 
 2455217.385317 13.50559 0.01237 
 2455217.387380 13.49440 0.01227 
 2455217.389437 13.52955 0.01269 
 2455217.391496 13.50568 0.01245 
 2455217.393551 13.50122 0.01206 
 2455217.395612 13.49781 0.01225 
 2455217.397669 13.49238 0.01228 
 2455217.399729 13.50642 0.01238 
 2455217.401789 13.52026 0.01222 
 2455217.403848 13.51296 0.01256 
 2455217.405908 13.49355 0.01193 
 2455217.407969 13.50492 0.01214 
 2455217.410032 13.49052 0.01195 
 2455217.412090 13.52266 0.01225 
 2455217.414149 13.50909 0.01238 
 2455217.416209 13.52003 0.01269 
 2455217.418267 13.49830 0.01190 
 2455217.420325 13.48560 0.01191 
 2455217.422381 13.51505 0.01214 
 2455217.424438 13.49357 0.01181 
 2455217.426502 13.50321 0.01234 
 2455217.428561 13.51246 0.01220 
 2455217.430619 13.51587 0.01224 
 2455217.432678 13.53271 0.01209 
 2455217.434733 13.51108 0.01193 
 2455217.436791 13.49070 0.01162 
 2455217.438847 13.50252 0.01188 
 2455217.440904 13.48130 0.01150 
 2455217.442961 13.51948 0.01210 
 2455217.445017 13.50704 0.01190 
 2455217.447076 13.50231 0.01183 
 2455217.449131 13.49882 0.01162 
 2455218.306210 13.47683 0.01423 
 2455218.308267 13.48571 0.01373 
 2455218.310323 13.51106 0.01396 
 2455218.312386 13.53206 0.01471 
 2455218.314441 13.52862 0.01396 
 2455218.316571 13.50247 0.01375 
 2455218.318634 13.51250 0.01420 
 2455218.320691 13.47955 0.01337 
 2455218.322752 13.49372 0.01311 
 2455218.324810 13.49370 0.01297 
 2455218.326862 13.50354 0.01346 
 2455218.328925 13.51927 0.01367 
 2455218.330986 13.51725 0.01380 
 2455218.333049 13.53515 0.01401 
 2455218.335109 13.50007 0.01308 
 2455218.337173 13.50170 0.01297 
 2455218.339233 13.49034 0.01285 
 2455218.341291 13.52175 0.01314 
 2455218.343351 13.50847 0.01275 
 2455218.345411 13.48044 0.01239 
 2455218.347471 13.49380 0.01290 
 2455218.349535 13.50580 0.01284 
 2455218.351590 13.49975 0.01261 
 2455218.353648 13.52701 0.01334 
 2455218.355705 13.51874 0.01303 
 2455218.357762 13.50647 0.01281 
 2455218.359821 13.49453 0.01267 
 2455218.361881 13.50660 0.01239 
 2455218.363942 13.49448 0.01238 
 2455218.366001 13.50107 0.01266 
 2455218.368063 13.46740 0.01175 
 2455218.370121 13.51564 0.01212 
 2455218.372180 13.53109 0.01226 
 2455218.374243 13.51017 0.01191 
 2455218.376302 13.52429 0.01212 
 2455218.378362 13.51646 0.01190 
 2455218.380423 13.51742 0.01190 
 2455218.382478 13.52109 0.01215 
 2455218.384536 13.50788 0.01128 
 2455218.386592 13.50445 0.01144 
 2455218.388655 13.48119 0.01123 
 2455218.390713 13.50037 0.01155 
 2455218.392772 13.51279 0.01159 
 2455218.394832 13.50767 0.01173 
 2455218.396893 13.51625 0.01162 
 2455218.398952 13.51512 0.01135 
 2455218.401012 13.50035 0.01087 
 2455218.403070 13.48692 0.01128 
 2455218.405127 13.50441 0.01133 
 2455218.407182 13.50135 0.01121 
 2455218.409241 13.48052 0.01082 
 2455218.411303 13.49300 0.01088 
 2455218.413363 13.50915 0.01107 
 2455218.415425 13.50631 0.01107 
 2455218.417488 13.48377 0.01088 
 2455218.419551 13.50194 0.01115 
 2455218.421608 13.51289 0.01134 
 2455218.423668 13.50915 0.01111 
 2455218.425725 13.50114 0.01081 
 2455218.427783 13.47959 0.01078 
 2455218.429844 13.49638 0.01068 
 2455218.431904 13.49273 0.01116 
 2455218.433962 13.49270 0.01093 
 2455218.436018 13.51727 0.01123 
 2455218.438072 13.48971 0.01087 
 2455218.440131 13.50289 0.01090 
 2455218.442187 13.49337 0.01106 
 2455218.444247 13.51060 0.01114 
 2455218.446303 13.50462 0.01072 
 2455218.448361 13.49696 0.01057 
 2455220.307923 13.49424 0.01492 
 2455220.309990 13.49935 0.01496 
 2455220.312054 13.49517 0.01474 
 2455220.314116 13.53301 0.01515 
 2455220.316179 13.49208 0.01487 
 2455220.318237 13.52820 0.01492 
 2455220.320300 13.49512 0.01488 
 2455220.322358 13.47472 0.01375 
 2455220.324419 13.48832 0.01471 
 2455220.326480 13.52033 0.01483 
 2455220.328537 13.50553 0.01480 
 2455220.330591 13.47805 0.01413 
 2455220.332654 13.50903 0.01435 
 2455220.334711 13.53833 0.01445 
 2455220.336772 13.49096 0.01439 
 2455220.338827 13.52584 0.01462 
 2455220.340889 13.50475 0.01451 
 2455220.342950 13.50003 0.01471 
 2455220.345008 13.50307 0.01429 
 2455220.347071 13.51530 0.01425 
 2455220.349127 13.50901 0.01435 
 2455220.351192 13.49639 0.01424 
 2455220.353252 13.49006 0.01438 
 2455220.355309 13.50685 0.01385 
 2455220.357369 13.51033 0.01413 
 2455220.359427 13.47405 0.01366 
 2455220.361484 13.50214 0.01403 
 2455220.363547 13.52438 0.01378 
 2455220.365608 13.51825 0.01375 
 2455220.367668 13.49082 0.01335 
 2455220.369731 13.51330 0.01363 
 2455220.371793 13.51588 0.01383 
 2455220.373849 13.49689 0.01348 
 2455220.375910 13.50397 0.01398 
 2455220.377977 13.51316 0.01337 
 2455220.380034 13.53391 0.01352 
 2455220.382093 13.51222 0.01338 
 2455220.384151 13.53566 0.01390 
 2455220.386211 13.52374 0.01362 
 2455220.388273 13.51088 0.01283 
 2455220.390329 13.55274 0.01347 
 2455220.392394 13.53257 0.01267 
 2455220.394451 13.53733 0.01327 
 2455220.396507 13.55924 0.01345 
 2455220.398568 13.54484 0.01307 
 2455220.400623 13.55429 0.01337 
 2455220.402683 13.56480 0.01323 
 2455220.406802 13.56545 0.01291 
 2455220.410922 13.55709 0.01197 
 2455220.412985 13.55733 0.01234 
 2455221.305483 13.47658 0.01581 
 2455221.307540 13.52749 0.01625 
 2455221.309599 13.49293 0.01619 
 2455221.311660 13.53400 0.01627 
 2455221.313722 13.47975 0.01493 
 2455221.315785 13.52212 0.01690 
 2455221.317845 13.50535 0.01576 
 2455221.321976 13.51140 0.01543 
 2455221.324035 13.49427 0.01579 
 2455221.326097 13.50929 0.01602 
 2455221.328153 13.50857 0.01620 
 2455221.330213 13.50559 0.01546 
 2455221.332276 13.51541 0.01544 
 2455221.334336 13.50381 0.01523 
 2455221.336405 13.50648 0.01532 
 2455221.338464 13.49233 0.01507 
 2455221.340521 13.50713 0.01589 
 2455221.342580 13.51716 0.01518 
 2455221.344638 13.49127 0.01504 
 2455221.346701 13.51427 0.01514 
 2455221.348764 13.52787 0.01541 
 2455229.300395 13.52166 0.01660 
 2455229.302454 13.48509 0.01660 
 2455229.304517 13.51275 0.01772 
 2455229.306574 13.49277 0.01754 
 2455229.308701 13.53802 0.01807 
 2455229.310764 13.47572 0.01770 
 2455229.312823 13.51929 0.01860 
 2455229.314886 13.52637 0.01878 
 2455229.316945 13.48856 0.01818 
 2455229.319008 13.52730 0.01918 
 2455229.321068 13.53096 0.01927 
 2455229.323131 13.48776 0.01843 
 2455229.325188 13.50510 0.01900 
 2455229.327245 13.55800 0.01935 
 2455229.329304 13.51946 0.01884 
 2455229.331367 13.51900 0.01883 
 2455229.333430 13.50859 0.01894 
 2455229.335486 13.49369 0.01795 
 2455229.337550 13.51113 0.01878 
 2455229.339611 13.50282 0.01937 
 2455229.341668 13.50470 0.01898 
 2455229.343728 13.51099 0.01837 
 2455229.345786 13.50950 0.01897 
 2455229.347847 13.53237 0.01915 
 2455229.349910 13.51057 0.01855 
 2455229.351968 13.49902 0.01863 
 2455229.354028 13.46656 0.01786 
 2455229.356087 13.50746 0.01882 
 2455229.358147 13.52069 0.01932 
 2455229.360208 13.51681 0.01925 
 2455229.362272 13.47138 0.01821 
 2455229.364334 13.49987 0.01865 
 2455229.366394 13.48094 0.01831 
 2455229.368450 13.52974 0.01881 
 2455229.370512 13.52377 0.01879 
 2455229.372569 13.53715 0.01860 
 2455229.374630 13.48798 0.01831 
 2455229.376689 13.53613 0.01900 
 2455229.380812 13.51562 0.01855 
 2455229.382868 13.53741 0.01902 
 2455229.384927 13.49277 0.01787 
 2455229.386985 13.53929 0.01848 
 2455229.389044 13.53540 0.01841 
 2455229.391100 13.49384 0.01800 
 2455229.393156 13.52519 0.01837 
 2455229.395215 13.52508 0.01829 
 2455229.397274 13.48584 0.01793 
 2455229.399332 13.50414 0.01796 
 2455229.401389 13.50365 0.01794 
 2455229.403446 13.52891 0.01798 
 2455229.405505 13.51738 0.01850 
 2455229.407563 13.48190 0.01740 
 2455229.409622 13.51386 0.01775 
 2455229.411679 13.51815 0.01753 
 2455229.413737 13.50789 0.01823 
 2455229.415798 13.48031 0.01717 
 2455229.417859 13.52723 0.01794 
 2455230.298950 13.49587 0.01151 
 2455230.301008 13.50243 0.01116 
 2455230.303130 13.53462 0.01159 
 2455230.305192 13.49163 0.01142 
 2455230.307249 13.51956 0.01161 
 2455230.309311 13.48954 0.01147 
 2455230.311369 13.52031 0.01253 
 2455230.313369 13.53185 0.01298 
 2455230.315434 13.52102 0.01233 
 2455230.317491 13.51155 0.01274 
 2455230.319554 13.49452 0.01282 
 2455230.321610 13.51946 0.01366 
 2455230.323720 13.49596 0.01347 
 2455230.325782 13.51173 0.01359 
 2455230.327839 13.50410 0.01414 
 2455230.329901 13.48013 0.01419 
 2455230.331960 13.52271 0.01482 
 2455230.334017 13.50418 0.01456 
 2455230.336080 13.46062 0.01412 
 2455230.338142 13.47503 0.01451 
 2455230.340205 13.49646 0.01507 
 2455230.342261 13.54468 0.01544 
 2455230.344211 13.50656 0.01529 
 2455230.346271 13.49706 0.01520 
 2455230.348329 13.50536 0.01546 
 2455230.350390 13.49910 0.01530 
 2455230.352447 13.50186 0.01530 
 2455230.354620 13.49946 0.01515 
 2455230.356683 13.48386 0.01488 
 2455230.358739 13.51913 0.01509 
 2455230.360802 13.50255 0.01516 
 2455230.362859 13.51296 0.01530 
 2455230.364919 13.48379 0.01480 
 2455230.366980 13.50790 0.01511 
 2455230.369036 13.48581 0.01487 
 2455230.371098 13.51583 0.01521 
 2455230.373159 13.51470 0.01565 
 2455230.375223 13.52694 0.01519 
 2455230.377280 13.50529 0.01513 
 2455230.379339 13.51454 0.01551 
 2455230.381400 13.50343 0.01488 
 2455230.383457 13.51383 0.01542 
 2455230.385520 13.49435 0.01482 
 2455230.387577 13.50140 0.01500 
 2455230.389633 13.50350 0.01536 
 2455230.391694 13.52174 0.01522 
 2455230.393751 13.49773 0.01511 
 2455230.395814 13.50551 0.01494 
 2455230.397871 13.50159 0.01505 
 2455230.399933 13.50301 0.01503 
 2455230.401994 13.51710 0.01500 
 2455230.404053 13.50269 0.01558 
 2455230.406111 13.51931 0.01510 
 2455230.408170 13.51577 0.01520 
 2455230.410232 13.49394 0.01461 
 2455230.412292 13.51102 0.01500 
 2455230.414353 13.50948 0.01522 
 2455231.300560 13.51061 0.01344 
 2455231.302616 13.50305 0.01333 
 2455231.304680 13.51875 0.01373 
 2455231.306737 13.50716 0.01304 
 2455231.308799 13.52936 0.01335 
 2455231.317030 13.50612 0.01268 
 2455231.319091 13.51405 0.01281 
 2455231.321149 13.51280 0.01241 
 2455231.323208 13.47875 0.01229 
 2455231.325265 13.51388 0.01257 
 2455231.327315 13.50528 0.01259 
 2455231.329377 13.48982 0.01185 
 2455231.331434 13.51206 0.01276 
 2455231.333499 13.49806 0.01210 
 2455231.335555 13.51709 0.01271 
 2455231.337618 13.50835 0.01251 
 2455231.339678 13.51532 0.01302 
 2455231.341734 13.47643 0.01247 
 2455231.343795 13.49370 0.01301 
 2455231.345853 13.47443 0.01301 
 2455231.349962 13.48777 0.01318 
 2455231.356138 13.49792 0.01377 
 2455231.358205 13.53241 0.01404 
 2455231.360266 13.49330 0.01455 
 2455231.362326 13.47858 0.01385 
 2455231.364386 13.48134 0.01389 
 2455231.366447 13.49307 0.01455 
 2455231.368507 13.52618 0.01455 
 2455231.370570 13.48668 0.01453 
 2455231.372627 13.50493 0.01417 
 2455231.374688 13.53776 0.01514 
 2455231.380869 13.50351 0.01454 
 2455232.299227 13.52001 0.01236 
 2455232.301290 13.50164 0.01190 
 2455232.303349 13.48980 0.01174 
 2455232.305413 13.51976 0.01197 
 2455232.307469 13.47774 0.01153 
 2455232.309526 13.52969 0.01193 
 2455232.311587 13.53214 0.01217 
 2455232.313649 13.51636 0.01164 
 2455232.315714 13.50803 0.01172 
 2455232.317773 13.51334 0.01168 
 2455232.319841 13.50130 0.01128 
 2455232.321902 13.51486 0.01131 
 2455232.323965 13.49542 0.01177 
 2455232.326026 13.49965 0.01150 
 2455232.328083 13.51634 0.01153 
 2455232.330146 13.50885 0.01137 
 2455232.332203 13.48912 0.01123 
 2455232.334259 13.49698 0.01150 
 2455232.336322 13.51999 0.01154 
 2455232.338381 13.51290 0.01170 
 2455232.340439 13.51413 0.01146 
 2455232.342502 13.51340 0.01160 
 2455232.344559 13.51468 0.01130 
 2455232.346620 13.49411 0.01128 
 2455232.348684 13.51889 0.01132 
 2455232.350748 13.47204 0.01099 
 2455232.352806 13.50637 0.01117 
 2455232.354863 13.49390 0.01100 
 2455232.356925 13.49497 0.01161 
 2455232.358986 13.49130 0.01110 
 2455232.361047 13.49355 0.01121 
 2455232.363103 13.47699 0.01131 
 2455232.365163 13.51892 0.01150 
 2455232.367226 13.50131 0.01170 
 2455232.369285 13.50680 0.01172 
 2455232.371349 13.50347 0.01166 
 2455232.373406 13.50229 0.01198 
 2455232.375463 13.51123 0.01198 
 2455232.377526 13.49250 0.01186 
 2455232.379583 13.50926 0.01220 
 2455232.381647 13.50521 0.01243 
 2455232.383704 13.51224 0.01225 
 2455232.385762 13.50805 0.01217 
 2455232.387823 13.49896 0.01225 
 2455232.389884 13.49685 0.01226 
 2455232.391947 13.51315 0.01232 
 2455232.394004 13.50355 0.01242 
 2455232.396066 13.50325 0.01239 
 2455232.398126 13.49216 0.01250 
 2455232.400183 13.51872 0.01230 
 2455232.402245 13.50853 0.01227 
 2455232.404307 13.49675 0.01239 
 2455232.406370 13.49659 0.01281 
 2455232.408426 13.48425 0.01200 
 2455233.296957 13.54193 0.01380 
 2455233.299016 13.51953 0.01350 
 2455233.301077 13.52482 0.01335 
 2455233.303143 13.50740 0.01366 
 2455233.305204 13.49693 0.01304 
 2455233.307265 13.49590 0.01286 
 2455233.309328 13.50600 0.01295 
 2455233.311385 13.50579 0.01278 
 2455233.313442 13.47181 0.01274 
 2455233.315504 13.50745 0.01269 
 2455233.317564 13.50271 0.01281 
 2455233.319630 13.51387 0.01327 
 2455233.321696 13.50329 0.01239 
 2455233.323752 13.48270 0.01250 
 2455233.325814 13.48738 0.01241 
 2455233.327871 13.49405 0.01233 
 2455233.329932 13.51937 0.01256 
 2455233.331995 13.50874 0.01255 
 2455233.334052 13.53255 0.01262 
 2455233.336115 13.50821 0.01260 
 2455233.338173 13.51932 0.01255 
 2455233.340235 13.49769 0.01259 
 2455233.342293 13.51444 0.01212 
 2455233.344353 13.53213 0.01227 
 2455233.346416 13.50400 0.01205 
 2455233.348474 13.51760 0.01168 
 2455233.350537 13.51901 0.01216 
 2455233.352594 13.49915 0.01198 
 2455233.354652 13.50848 0.01219 
 2455233.356715 13.50137 0.01189 
 2455233.358773 13.50965 0.01185 
 2455233.360833 13.52230 0.01270 
 2455233.362891 13.49003 0.01150 
 2455233.364949 13.48679 0.01195 
 2455233.367011 13.50516 0.01185 
 2455233.369068 13.49890 0.01181 
 2455233.371130 13.50439 0.01234 
 2455233.373188 13.51379 0.01235 
 2455233.375250 13.52183 0.01200 
 2455233.377308 13.51315 0.01193 
 2455233.379364 13.51296 0.01245 
 2455233.381426 13.49875 0.01183 
 2455233.383477 13.52639 0.01206 
 2455233.385536 13.48196 0.01203 
 2455233.387595 13.52803 0.01233 
 2455233.389652 13.50110 0.01236 
 2455233.391714 13.49549 0.01199 
 2455233.393781 13.49819 0.01230 
 2455233.395844 13.51224 0.01273 
 2455233.397904 13.50939 0.01208 
 2455233.399966 13.47931 0.01215 
 2455233.402028 13.51310 0.01248 
 2455233.404085 13.53437 0.01297 
 2455233.406147 13.50262 0.01242 
 2455234.295900 13.52222 0.01199 
 2455234.297959 13.50434 0.01232 
 2455234.300022 13.50951 0.01200 
 2455234.302085 13.51212 0.01216 
 2455234.304145 13.51746 0.01219 
 2455234.306207 13.52245 0.01196 
 2455234.308271 13.50104 0.01187 
 2455234.310329 13.51617 0.01205 
 2455234.312400 13.51755 0.01203 
 2455234.314461 13.49042 0.01165 
 2455234.316520 13.49991 0.01172 
 2455234.318585 13.50811 0.01170 
 2455234.320645 13.52973 0.01186 
 2455234.322706 13.52098 0.01196 
 2455234.324770 13.51134 0.01152 
 2455234.326831 13.51772 0.01147 
 2455234.328899 13.52360 0.01175 
 2455234.330958 13.52202 0.01169 
 2455234.333010 13.51089 0.01164 
 2455234.335073 13.50755 0.01148 
 2455234.337134 13.48875 0.01156 
 2455234.339199 13.50734 0.01147 
 2455234.341262 13.51112 0.01164 
 2455234.343330 13.51839 0.01156 
 2455234.345395 13.51829 0.01159 
 2455234.347455 13.50408 0.01136 
 2455234.349514 13.50063 0.01143 
 2455234.351575 13.51047 0.01132 
 2455234.353637 13.50444 0.01149 
 2455234.355696 13.50118 0.01130 
 2455234.357759 13.51256 0.01175 
 2455234.359819 13.52484 0.01131 
 2455234.361880 13.51840 0.01128 
 2455234.363933 13.49929 0.01142 
 2455234.365997 13.51445 0.01126 
 2455234.368059 13.50438 0.01134 
 2455234.370118 13.49239 0.01101 
 2455234.372177 13.49060 0.01100 
 2455234.374241 13.48582 0.01130 
 2455234.376313 13.49569 0.01105 
 2455234.378374 13.52298 0.01126 
 2455234.380433 13.51611 0.01111 
 2455234.382491 13.51121 0.01118 
 2455234.384555 13.51732 0.01152 
 2455234.386613 13.51889 0.01121 
 2455234.388674 13.54373 0.01143 
 2455234.390732 13.51952 0.01154 
 2455234.392794 13.50630 0.01159 
 2455234.394856 13.52835 0.01117 
 2455234.396914 13.49933 0.01093 
 2455234.398974 13.52143 0.01125 
 2455234.401032 13.50861 0.01131 
 2455234.403099 13.48651 0.01102 
 2455235.295486 13.48800 0.01282 
 2455235.297550 13.52403 0.01285 
 2455235.299608 13.51461 0.01327 
 2455235.301670 13.50600 0.01306 
 2455235.303730 13.52486 0.01286 
 2455235.305794 13.48377 0.01240 
 2455235.307851 13.52618 0.01291 
 2455235.309910 13.53302 0.01352 
 2455235.311972 13.53861 0.01354 
 2455235.314030 13.49224 0.01233 
 2455235.316093 13.49913 0.01278 
 2455235.318150 13.47719 0.01191 
 2455235.320209 13.49998 0.01258 
 2455235.322271 13.48842 0.01228 
 2455235.324329 13.51476 0.01287 
 2455235.326393 13.51535 0.01275 
 2455235.328454 13.50714 0.01253 
 2455235.330511 13.53100 0.01263 
 2455235.332574 13.48753 0.01226 
 2455235.334634 13.49657 0.01233 
 2455235.336695 13.51988 0.01221 
 2455235.338754 13.49610 0.01241 
 2455235.340815 13.50705 0.01231 
 2455235.342879 13.52643 0.01270 
 2455235.344937 13.50566 0.01250 
 2455235.347001 13.48394 0.01163 
 2455235.355248 13.52203 0.01226 
 2455235.357311 13.50151 0.01232 
 2455235.359369 13.49126 0.01184 
 2455235.361431 13.50472 0.01221 
 2455235.363496 13.49722 0.01207 
 2455235.365553 13.49422 0.01189 
 2455235.367615 13.49253 0.01182 
 2455235.369673 13.51642 0.01192 
 2455235.371736 13.51818 0.01199 
 2455235.373798 13.51224 0.01236 
 2455235.375857 13.51521 0.01168 
 2455235.377920 13.49528 0.01197 
 2455235.379980 13.52207 0.01219 
 2455235.382040 13.49419 0.01188 
 2455235.384098 13.50736 0.01170 
 2455235.386162 13.49001 0.01148 
 2455235.388225 13.51546 0.01218 
 2455235.390283 13.49729 0.01126 
 2455235.392344 13.50530 0.01174 
 2455235.394403 13.49598 0.01154 
 2455235.396461 13.49194 0.01172 
 2455235.398523 13.51375 0.01187 
 2455235.400580 13.50557 0.01160 
 2455236.296580 13.51194 0.01136 
 2455236.298642 13.47609 0.01142 
 2455236.300703 13.51154 0.01156 
 2455236.302766 13.51775 0.01199 
 2455236.304833 13.50689 0.01143 
 2455236.306895 13.52432 0.01111 
 2455236.308962 13.49821 0.01170 
 2455236.311022 13.50646 0.01135 
 2455236.313082 13.49916 0.01108 
 2455236.315147 13.53179 0.01185 
 2455236.317213 13.52161 0.01170 
 2455236.319276 13.49307 0.01146 
 2455236.321337 13.51158 0.01192 
 2455236.323396 13.50059 0.01190 
 2455236.325460 13.51565 0.01131 
 2455236.327518 13.50742 0.01133 
 2455236.329583 13.50380 0.01132 
 2455236.331648 13.48951 0.01143 
 2455236.333714 13.53048 0.01175 
 2455236.335777 13.51162 0.01138 
 2455236.337840 13.50166 0.01122 
 2455236.339904 13.50123 0.01114 
 2455236.341964 13.51466 0.01150 
 2455236.344026 13.51532 0.01130 
 2455236.346083 13.53158 0.01152 
 2455236.348141 13.50066 0.01131 
 2455236.350211 13.50645 0.01118 
 2455236.352269 13.51017 0.01126 
 2455236.354333 13.50079 0.01131 
 2455236.356391 13.50794 0.01128 
 2455236.358447 13.50304 0.01097 
 2455236.360512 13.52852 0.01124 
 2455236.362572 13.50404 0.01130 
 2455236.364636 13.51092 0.01147 
 2455236.368756 13.51234 0.01120 
 2455236.370829 13.50992 0.01107 
 2455236.372891 13.50238 0.01094 
 2455236.374953 13.48709 0.01080 
 2455239.312933 13.50353 0.01222 
 2455239.314997 13.50942 0.01217 
 2455239.317055 13.51968 0.01202 
 2455239.319118 13.52136 0.01195 
 2455239.321175 13.49800 0.01201 
 2455239.323235 13.51113 0.01186 
 2455239.325298 13.50771 0.01208 
 2455239.327354 13.51999 0.01178 
 2455239.329471 13.49988 0.01176 
 2455239.331533 13.50372 0.01182 
 2455239.333596 13.48990 0.01158 
 2455239.335653 13.51037 0.01185 
 2455239.337711 13.49000 0.01162 
 2455239.339774 13.50218 0.01178 
 2455239.341838 13.49978 0.01168 
 2455239.343902 13.48938 0.01160 
 2455239.345965 13.50252 0.01164 
 2455239.348026 13.51883 0.01141 
 2455239.350088 13.51215 0.01176 
 2455239.352145 13.50863 0.01141 
 2455239.354209 13.51556 0.01155 
 2455239.356270 13.52791 0.01165 
 2455239.358326 13.49517 0.01124 
 2455239.360336 13.50902 0.01149 
 2455239.362394 13.52145 0.01127 
 2455239.364456 13.51089 0.01156 
 2455239.366514 13.50740 0.01149 
 2455239.368571 13.50220 0.01118 
 2455239.370630 13.51448 0.01147 
 2455239.372688 13.51234 0.01142 
 2455239.374749 13.49389 0.01127 
 2455239.376808 13.51709 0.01116 
 2455239.378869 13.49587 0.01131 
 2455239.380931 13.53161 0.01140 
 2455239.382988 13.53618 0.01162 
 2455239.385010 13.50647 0.01112 
 2455239.387067 13.52246 0.01131 
 2455239.389130 13.50822 0.01103 
 2455240.294015 13.51123 0.01205 
 2455240.296073 13.49309 0.01185 
 2455240.298135 13.50972 0.01161 
 2455240.300192 13.50440 0.01160 
 2455240.302260 13.50887 0.01161 
 2455240.304374 13.51894 0.01183 
 2455240.306431 13.51613 0.01161 
 2455240.308497 13.52193 0.01186 
 2455240.310554 13.52936 0.01225 
 2455240.312618 13.50414 0.01168 
 2455240.314680 13.52850 0.01184 
 2455240.316744 13.50010 0.01155 
 2455240.329103 13.48794 0.01120 
 2455240.343536 13.53673 0.01140 
 2455240.345594 13.49599 0.01072 
 2455240.347655 13.50954 0.01143 
 2455240.349717 13.49776 0.01054 
 2455240.351775 13.51153 0.01107 
 2455240.353835 13.51261 0.01083 
 2455240.355898 13.49871 0.01074 
 2455240.357960 13.49767 0.01053 
 2455240.360022 13.49666 0.01067 
 2455240.362079 13.50118 0.01069 
 2455240.364143 13.49603 0.01031 
 2455240.366200 13.49934 0.01075 
 2455240.368265 13.51828 0.01072 
 2455240.370329 13.50910 0.01064 
 2455240.372390 13.51194 0.01046 
 2455240.374454 13.49174 0.01010 
 2455240.376514 13.50104 0.01073 
 2455240.378575 13.50727 0.01086 
 2455240.380633 13.49614 0.01024 
 2455240.382693 13.50385 0.01035 
 2455240.384755 13.51110 0.01062 
 2455240.386812 13.49414 0.01042 
 2455243.288180 13.51308 0.01205 
 2455243.290244 13.52922 0.01301 
 2455243.292301 13.50770 0.01213 
 2455243.294366 13.53821 0.01271 
 2455243.296430 13.49789 0.01171 
 2455243.298500 13.51651 0.01245 
 2455243.300564 13.48993 0.01181 
 2455243.302624 13.51646 0.01221 
 2455243.304689 13.51095 0.01199 
 2455243.306749 13.51599 0.01256 
 2455243.308813 13.47875 0.01192 
 2455243.310873 13.45133 0.01168 
 2455243.312934 13.52968 0.01223 
 2455243.314999 13.53362 0.01258 
 2455243.317058 13.51599 0.01181 
 2455243.319134 13.49721 0.01194 
 2455243.321198 13.49141 0.01203 
 2455243.323259 13.48741 0.01167 
 2455243.325323 13.48433 0.01187 
 2455243.327381 13.49527 0.01179 
 2455243.329442 13.53080 0.01228 
 2455243.331501 13.49978 0.01171 
 2455243.333568 13.50789 0.01207 
 2455243.335626 13.48868 0.01198 
 2455243.337690 13.52319 0.01200 
 2455243.339762 13.49294 0.01165 
 2455243.341821 13.48878 0.01161 
 2455243.343885 13.49991 0.01164 
 2455243.345943 13.50764 0.01178 
 2455243.348001 13.49821 0.01174 
 2455243.349998 13.51563 0.01158 
 2455243.352056 13.51293 0.01162 
 2455243.354119 13.49890 0.01155 
 2455243.356177 13.49635 0.01141 
 2455243.358235 13.50810 0.01150 
 2455243.360368 13.51680 0.01157 
 2455243.362434 13.50070 0.01178 
 2455243.364496 13.52046 0.01179 
 2455243.366554 13.51899 0.01110 
 2455243.368612 13.50890 0.01171 
 2455243.370682 13.49697 0.01152 
 2455243.372741 13.49378 0.01115 
 2455243.374804 13.50649 0.01126 
 2455243.376863 13.50293 0.01134 
 2455243.378921 13.49750 0.01124 
 2455244.290664 13.51105 0.01147 
 2455244.292783 13.50084 0.01138 
 2455244.294852 13.53847 0.01152 
 2455244.296913 13.50291 0.01121 
 2455244.298972 13.50513 0.01133 
 2455244.301043 13.52525 0.01172 
 2455244.303063 13.51428 0.01120 
 2455244.305133 13.51424 0.01146 
 2455244.307197 13.51593 0.01151 
 2455244.309267 13.50326 0.01149 
 2455244.311327 13.51166 0.01086 
 2455244.313565 13.52856 0.01142 
 2455244.315632 13.51931 0.01098 
 2455244.317695 13.49562 0.01096 
 2455244.319769 13.51055 0.01128 
 2455244.321832 13.49754 0.01059 
 2455244.323894 13.51648 0.01126 
 2455244.325952 13.50740 0.01124 
 2455244.328018 13.50517 0.01096 
 2455244.330086 13.51723 0.01108 
 2455244.332149 13.51244 0.01091 
 2455244.334207 13.51927 0.01077 
 2455244.336231 13.51886 0.01091 
 2455244.338300 13.49153 0.01112 
 2455244.340368 13.50972 0.01077 
 2455244.344493 13.48946 0.01080 
 2455244.346603 13.51611 0.01102 
 2455244.348664 13.49440 0.01119 
 2455244.350732 13.49137 0.01037 
 2455244.352798 13.47938 0.01055 
 2455244.354860 13.50294 0.01067 
 2455244.356824 13.50701 0.01060 
 2455244.358885 13.50769 0.01103 
 2455244.360949 13.51365 0.01056 
 2455244.363008 13.51005 0.01065 
 2455244.365068 13.51523 0.01067 
 2455244.367076 13.50716 0.01091 
 2455244.369141 13.49609 0.01031 
 2455244.371204 13.52238 0.01061 
 2455244.373263 13.50155 0.01032 
 2455244.375329 13.51869 0.01082 
 2455245.288648 13.49942 0.01108 
 2455245.290713 13.51055 0.01170 
 2455245.292778 13.51557 0.01114 
 2455245.329932 13.50686 0.01112 
 2455245.331994 13.49647 0.01074 
 2455245.334058 13.51266 0.01083 
 2455245.336123 13.49674 0.01078 
 2455245.338183 13.50550 0.01068 
 2455245.340197 13.48839 0.01061 
 2455245.342259 13.50201 0.01070 
 2455245.344318 13.50911 0.01069 
 2455245.346382 13.50105 0.01083 
 2455245.348444 13.50777 0.01092 
 2455245.350568 13.50070 0.01082 
 2455245.352630 13.50904 0.01066 
 2455245.354689 13.49653 0.01070 
 2455245.356752 13.51050 0.01095 
 2455245.358818 13.52225 0.01086 
 2455245.360882 13.50930 0.01091 
 2455245.362948 13.51671 0.01086 
 2455245.365009 13.50288 0.01106 
 2455245.367075 13.49922 0.01055 
 2455245.369134 13.50816 0.01064 
 2455245.371198 13.51909 0.01054 
 2455245.373261 13.51421 0.01057 
 2455246.286007 13.50535 0.01128 
 2455246.288066 13.51802 0.01132 
 2455246.290134 13.52161 0.01113 
 2455246.292198 13.52496 0.01116 
 2455246.294268 13.51726 0.01096 
 2455246.296332 13.51767 0.01133 
 2455246.298404 13.52697 0.01113 
 2455246.300474 13.48083 0.01069 
 2455246.302538 13.52787 0.01093 
 2455246.304604 13.49796 0.01066 
 2455246.306662 13.49532 0.01093 
 2455246.308728 13.49784 0.01068 
 2455246.310799 13.47416 0.01067 
 2455246.312863 13.49701 0.01062 
 2455246.314922 13.50489 0.01069 
 2455246.316987 13.51858 0.01062 
 2455246.319052 13.50678 0.01060 
 2455246.321120 13.50369 0.01068 
 2455246.323185 13.50751 0.01058 
 2455246.325253 13.51493 0.01066 
 2455246.327316 13.53093 0.01061 
 2455246.329379 13.50058 0.01055 
 2455246.331440 13.52077 0.01061 
 2455246.333503 13.50421 0.01068 
 2455246.335564 13.49499 0.01034 
 2455246.337629 13.50583 0.01060 
 2455246.339700 13.51513 0.01072 
 2455246.341767 13.50893 0.01049 
 2455246.343831 13.51901 0.01063 
 2455246.345890 13.50891 0.01059 
 2455246.347949 13.48588 0.01030 
 2455246.350014 13.49662 0.01021 
 2455246.352024 13.50804 0.01041 
 2455246.354095 13.49062 0.01064 
 2455246.356155 13.49654 0.01023 
 2455246.358214 13.51007 0.01053 
 2455246.360280 13.49666 0.01048 
 2455246.362287 13.51430 0.01080 
 2455246.364352 13.51758 0.01034 
 2455246.366413 13.50265 0.01049 
 2455246.368473 13.50102 0.01052 
 2455246.370536 13.50122 0.01081 
 2456186.636587 13.48911 0.01526 
 2456188.630626 13.54500 0.01529 
 2456190.627940 13.49884 0.01368 
 2456195.621096 13.51984 0.01595 
 2456211.580945 13.49634 0.01480 
 2456212.567052 13.52094 0.01394 
 2456212.581206 13.50443 0.01355 
 2456212.597574 13.48261 0.01372 
 2456213.562377 13.50832 0.01321 
 2456213.579645 13.51009 0.01344 
 2456213.598142 13.51983 0.01250 
 2456214.558811 13.49913 0.01329 
 2456214.576017 13.48575 0.01303 
 2456214.594610 13.55304 0.01273 
 2456218.548737 13.49350 0.01252 
 2456218.565026 13.54142 0.01301 
 2456225.531474 13.49815 0.01713 
 2456225.545603 13.51901 0.01453 
 2456225.562003 13.50223 0.01381 
 2456225.580677 13.51425 0.01431 
 2456225.603787 13.47839 0.01421 
 2456228.532175 13.48662 0.02387 
 2456228.557014 13.49559 0.02291 
 2456228.605033 13.51582 0.01694 
 2456229.520795 13.52292 0.02823 
 2456229.534957 13.47839 0.02914 
 2456229.551426 13.48569 0.02722 
 2456229.570107 13.52782 0.02474 
 2456229.590916 13.51044 0.02262 
 2456233.551482 13.52447 0.01977 
 2456233.569990 13.50041 0.01941 
 2456233.587115 13.50600 0.01906 
 2456234.512025 13.55775 0.02007 
 2456234.523930 13.49085 0.01905 
 2456234.535798 13.48769 0.01826 
 2456234.549780 13.49384 0.01890 
 2456234.561685 13.52648 0.01609 
 2456240.504935 13.55746 0.01390 
 2456240.558193 13.52447 0.01374 
 2456240.572438 13.49777 0.01403 
 2456242.492110 13.48826 0.01408 
 2456242.510706 13.49328 0.01324 
 2456242.527293 13.50933 0.01344 
 2456242.550269 13.51722 0.01356 
 2456242.571032 13.49715 0.01338 
 2456243.479950 13.46666 0.01369 
 2456243.497244 13.52037 0.01374 
 2456243.515860 13.51836 0.01336 
 2456243.534547 13.51017 0.01324 
 2456243.555399 13.48266 0.01285 
 2456243.576399 13.48036 0.01262 
 2456245.474094 13.50975 0.01432 
 2456245.491339 13.47504 0.01409 
 2456246.481103 13.48346 0.01650 
 2456246.497610 13.51522 0.01369 
 2456246.516221 13.52863 0.01424 
 2456246.539215 13.51607 0.01353 
 2456246.560102 13.47561 0.01281 
 2456246.581183 13.52653 0.01301 
 2456247.469558 13.50009 0.01343 
 2456247.486850 13.51422 0.01340 
 2456247.503281 13.51559 0.01285 
 2456247.523985 13.50331 0.01268 
 2456247.544925 13.49760 0.01207 
 2456251.462242 13.50189 0.01309 
 2456251.478725 13.52754 0.01261 
 2456251.495267 13.52990 0.01245 
 2456251.516034 13.49674 0.01278 
 2456251.537676 13.49181 0.01220 
 2456251.558784 13.50711 0.01223 
 2456251.579767 13.50983 0.01221 
 2456253.461345 13.51862 0.01550 
 2456253.477886 13.51956 0.01448 
 2456253.494342 13.51733 0.01274 
 2456253.519370 13.51489 0.01289 
 2456253.540267 13.49666 0.01208 
 2456253.561272 13.53346 0.01245 
 2456254.463687 13.47910 0.01731 
 2456254.480212 13.49651 0.01912 
 2456254.496652 13.51102 0.01456 
 2456254.519538 13.49010 0.01069 
 2456254.540292 13.52093 0.01281 
 2456254.561287 13.50082 0.01284 
 2456255.449677 13.51193 0.02078 
 2456255.463960 13.49439 0.01965 
 2456255.480429 13.51205 0.01871 
 2456255.499146 13.54863 0.01756 
 2456255.522183 13.51232 0.01585 
 2456255.543266 13.52078 0.01379 
 2456255.564363 13.50373 0.01333 
 2456257.458145 13.51138 0.02185 
 2456257.474612 13.47088 0.02062 
 2456257.493243 13.46805 0.02100 
 2456257.516192 13.49904 0.01932 
 2456257.540306 13.47126 0.01812 
 2456257.561404 13.52701 0.01664 
 2456258.452759 13.50111 0.02366 
 2456258.471321 13.54317 0.02293 
 2456258.489969 13.50875 0.02268 
 2456258.510958 13.56634 0.02127 
 2456258.535060 13.51306 0.02005 
 2456258.558574 13.49509 0.01892 
 2456259.448172 13.51662 0.02727 
 2456259.460067 13.53702 0.02685 
 2456259.474276 13.50285 0.02543 
 2456259.488370 13.52544 0.02442 
 2456259.504806 13.48804 0.02417 
 2456259.521219 13.48611 0.02309 
 2456259.537710 13.49517 0.02306 
 2456260.487619 13.56637 0.03097 
 2456260.504085 13.52811 0.02552 
 2456261.462681 13.48148 0.02484 
 2456261.506186 13.56028 0.02275 
 2456261.518146 13.48808 0.02195 
 2456261.530031 13.48969 0.02136 
 2456261.541868 13.51386 0.02123 
 2456261.555981 13.53078 0.01981 
 2456261.568099 13.48907 0.01976 
 2456264.423635 13.51543 0.01879 
 2456264.435580 13.47164 0.01781 
 2456264.447572 13.46329 0.01708 
 2456264.555347 13.50315 0.01674 
 2456264.565093 13.52378 0.01756 
 2456265.424279 13.48997 0.01801 
 2456265.436299 13.49206 0.01765 
 2456265.448258 13.45860 0.01777 
 2456273.401990 13.52239 0.01303 
 2456273.416259 13.50825 0.01279 
 2456273.432896 13.50196 0.01290 
 2456279.397725 13.49047 0.01612 
 2456279.414272 13.52685 0.01479 
 2456279.432969 13.52728 0.01419 
 2456279.453965 13.47100 0.01514 
 2456279.480352 13.47076 0.01405 
 2456279.501425 13.52161 0.01367 
 2456279.522564 13.50095 0.01337 
 2456279.543830 13.50669 0.01286 
 2456281.381635 13.49064 0.01660 
 2456281.400315 13.52360 0.01554 
 2456281.437876 13.51254 0.01369 
 2456281.456489 13.49896 0.01303 
 2456281.479934 13.50022 0.01260 
 2456281.503240 13.53928 0.01320 
 2456282.383046 13.47345 0.01744 
 2456282.401668 13.49921 0.01647 
 2456282.418191 13.49829 0.01464 
 2456282.441264 13.47753 0.00884 
 2456282.462105 13.52125 0.01194 
 2456282.517458 13.48415 0.01254 
 2456283.458793 13.54052 0.01508 
 2456284.474149 13.51923 0.01487 
 2456284.528207 13.50622 0.01336 
 2456287.366343 13.49663 0.02255 
 2456287.378331 13.50278 0.02107 
 2456287.392291 13.52684 0.02096 
 2456288.357371 13.52819 0.02553 
 2456288.369327 13.45333 0.02344 
 2456290.354388 13.51068 0.02643 
 2456290.366134 13.55215 0.02555 
 2456290.377900 13.55135 0.02467 
 2456290.410515 13.53525 0.02351 
 2456290.422414 13.50735 0.02390 
 2456290.463196 13.46390 0.02179 
 2456290.480022 13.51957 0.02180 
 2456290.499987 13.51671 0.02097 
 2456290.511801 13.51116 0.02249 
 2456291.352548 13.51066 0.02242 
 2456291.364355 13.49849 0.02225 
 2456291.376089 13.52297 0.02240 
 2456291.389939 13.45953 0.02205 
 2456291.401678 13.51586 0.02194 
 2456291.411303 13.48469 0.02158 
 2456291.420963 13.51061 0.02191 
 2456291.430520 13.48252 0.02231 
 2456291.440105 13.54791 0.02136 
 2456291.449714 13.51776 0.02142 
 2456291.459388 13.46937 0.02116 
 2456291.468976 13.51819 0.02174 
 2456291.478579 13.50341 0.02271 
 2456291.488149 13.49673 0.02104 
 2456291.497738 13.47119 0.02131 
 2456294.345587 13.49616 0.01723 
 2456294.361874 13.50869 0.01938 
 2456295.347459 13.50035 0.01298 
 2456295.363747 13.48711 0.01345 
 2456295.380030 13.49731 0.01511 
 2456295.402671 13.55901 0.01586 
 2456295.418984 13.48636 0.01605 
 2456295.437743 13.52637 0.01623 
 2456295.456531 13.51904 0.01600 
 2456295.473087 13.49808 0.01565 
 2456295.491825 13.51998 0.01660 
 2456296.347706 13.54445 0.01335 
 2456296.364097 13.52445 0.01178 
 2456296.380493 13.50271 0.01287 
 2456296.403250 13.52836 0.01489 
 2456296.421835 13.53019 0.01479 
 2456296.440656 13.48668 0.01489 
 2456296.459445 13.53455 0.01459 
 2456296.476034 13.51721 0.01477 
 2456297.346016 13.51623 0.01314 
 2456297.362334 13.48054 0.01329 
 2456297.378686 13.49044 0.01287 
 2456297.401535 13.50365 0.01253 
 2456297.422196 13.50008 0.01348 
 2456297.443099 13.50574 0.01379 
 2456297.461775 13.52026 0.01393 
 2456297.480470 13.52033 0.01444 
 2456298.334122 13.54279 0.01358 
 2456298.350425 13.49127 0.01383 
 2456298.366763 13.51433 0.01329 
 2456298.387313 13.50493 0.01313 
 2456298.408726 13.49425 0.01280 
 2456298.429622 13.50813 0.01287 
 2456298.450491 13.50725 0.01330 
 2456298.469119 13.48773 0.01377 
 2456298.487762 13.49461 0.01369 
 2456299.333483 13.52651 0.01355 
 2456299.349788 13.52700 0.01328 
 2456299.366081 13.51130 0.01355 
 2456299.388883 13.50056 0.01291 
 2456299.407312 13.49740 0.01323 
 2456299.428206 13.48778 0.01317 
 2456299.449159 13.53783 0.01280 
 2456300.337932 13.49966 0.01382 
 2456300.354285 13.51501 0.01314 
 2456300.370622 13.53209 0.01321 
 2456300.393494 13.49277 0.01281 
 2456300.414133 13.55085 0.01259 
 2456300.435030 13.50606 0.01302 
 2456300.455946 13.50272 0.01263 
 2456300.476856 13.50089 0.01247 
 2456301.324620 13.49516 0.01539 
 2456301.338740 13.49676 0.01465 
 2456301.355093 13.49397 0.01426 
 2456301.373645 13.50686 0.01381 
 2456301.396494 13.51278 0.01328 
 2456301.417433 13.50068 0.01271 
 2456301.438359 13.49972 0.01319 
 2456301.459300 13.54180 0.01337 
 2456301.482478 13.51549 0.01311 
 2456302.322519 13.48715 0.01405 
 2456302.336621 13.48857 0.01334 
 2456302.421196 13.51915 0.01219 
 2456303.317500 13.49444 0.01607 
 2456303.334651 13.47800 0.01518 
 2456303.351019 13.52892 0.01409 
 2456303.369612 13.51610 0.01368 
 2456303.392561 13.51612 0.01363 
 2456304.316619 13.53450 0.01339 
 2456304.330697 13.53638 0.01247 
 2456304.347071 13.52301 0.01259 
 2456304.365612 13.49655 0.01256 
 2456304.388471 13.51423 0.01285 
 2456304.409399 13.52379 0.01239 
 2456304.430274 13.52912 0.01248 
 2456304.451188 13.50261 0.01270 
 2456304.474333 13.50601 0.01266 
 2456305.313123 13.51323 0.01366 
 2456305.324089 13.51556 0.01402 
 2456305.340390 13.51795 0.01357 
 2456305.356734 13.51700 0.01288 
 2456305.377479 13.49778 0.01315 
 2456305.400458 13.52396 0.01243 
 2456305.421388 13.48926 0.01231 
 2456305.442353 13.51404 0.01230 
 2456305.463265 13.50453 0.01251 
 2456307.342832 13.53576 0.01276 
 2456307.361520 13.51358 0.01297 
 2456307.382416 13.50417 0.01255 
 2456307.403487 13.48061 0.01313 
 2456307.424444 13.45652 0.01354 
 2456307.445370 13.52127 0.01367 
 2456307.466209 13.49724 0.01320 
 2456308.307591 13.53370 0.01357 
 2456308.319488 13.49768 0.01377 
 2456308.335848 13.52221 0.01361 
 2456308.354368 13.47645 0.01305 
 2456308.375107 13.49288 0.01353 
 2456308.401425 13.51889 0.01286 
 2456308.422339 13.52289 0.01335 
 2456308.443264 13.50979 0.01314 
 2456308.464158 13.51878 0.01354 
 2456309.301892 13.50105 0.01549 
 2456314.300264 13.48523 0.01868 
 2456314.304762 13.48740 0.01814 
 2456314.309250 13.52588 0.01759 
 2456314.321000 13.54751 0.01755 
 2456314.332752 13.46907 0.01770 
 2456314.351179 13.48895 0.01702 
 2456314.365234 13.51250 0.01695 
 2456314.381541 13.50663 0.01618 
 2456314.400020 13.52455 0.01600 
 2456314.416439 13.49801 0.01615 
 2456314.432895 13.52699 0.01531 
 2456315.298999 13.51426 0.01952 
 2456315.303505 13.51065 0.01860 
 2456315.307998 13.46510 0.01906 
 2456315.327956 13.51187 0.01833 
 2456315.339803 13.49386 0.01780 
 2456315.351760 13.49096 0.01771 
 2456315.363551 13.52475 0.01661 
 2456315.375293 13.51850 0.01655 
 2456315.389168 13.53932 0.01670 
 2456315.400913 13.52595 0.01639 
 2456315.412817 13.52509 0.01649 
 2456315.424762 13.50572 0.01630 
 2456315.436670 13.48623 0.01625 
 2456316.300934 13.53276 0.02288 
 2456316.305427 13.50450 0.02243 
 2456316.309932 13.48819 0.02266 
 2456316.321667 13.48710 0.02124 
 2456316.333394 13.48716 0.02107 
 2456316.345297 13.46638 0.02408 
 2456316.357231 13.55389 0.02236 
 2456316.368960 13.51107 0.02259 
 2456316.382786 13.51076 0.02095 
 2456316.394542 13.53483 0.01970 
 2456316.418332 13.55145 0.01868 
 2456316.430254 13.51131 0.01805 
 2456316.442112 13.52973 0.01830 
 2456317.300358 13.52206 0.02148 
 2456317.304927 13.50042 0.02127 
 2456317.309416 13.56156 0.02078 
 2456317.321167 13.47932 0.02104 
 2456317.333055 13.50893 0.02075 
 2456317.344954 13.50239 0.01939 
 2456317.356686 13.53042 0.02002 
 2456317.368441 13.50658 0.01986 
 2456317.382319 13.50329 0.01890 
 2456317.394086 13.52217 0.01919 
 2456317.406073 13.52237 0.01902 
 2456317.417946 13.49917 0.01802 
 2456317.429867 13.50499 0.01798 
 2456318.299949 13.50033 0.02391 
 2456318.304432 13.51616 0.02388 
 2456318.308908 13.51678 0.02314 
 2456318.320670 13.51706 0.02318 
 2456318.332406 13.49146 0.02294 
 2456318.344309 13.49664 0.02134 
 2456318.356152 13.55782 0.02136 
 2456318.367964 13.52474 0.02127 
 2456318.381828 13.52408 0.02175 
 2456318.393613 13.49386 0.02073 
 2456318.405573 13.51430 0.02118 
 2456318.417470 13.48502 0.02068 
 2456318.429424 13.51625 0.02001 
 2456319.295786 13.51307 0.02742 
 2456319.300277 13.50337 0.02696 
 2456319.304787 13.46433 0.02614 
 2456319.316584 13.50155 0.02569 
 2456319.328412 13.47798 0.02550 
 2456319.338123 13.50339 0.02556 
 2456319.347845 13.55586 0.02494 
 2456319.357475 13.48013 0.02534 
 2456319.367103 13.51559 0.02361 
 2456319.376767 13.51778 0.02402 
 2456319.386633 13.50103 0.02419 
 2456319.394205 13.50514 0.02374 
 2456319.404002 13.48858 0.02350 
 2456319.423397 13.45630 0.02344 
 2456319.433073 13.50735 0.02352 
 2456320.297545 13.51263 0.02627 
 2456320.306314 13.55777 0.02606 
 2456320.322641 13.49446 0.02507 
 2456320.336927 13.53498 0.02456 
 2456320.349034 13.51606 0.02465 
 2456320.377602 13.47221 0.02411 
 2456320.392036 13.53830 0.02351 
 2456320.404144 13.48076 0.02364 
 2456320.416219 13.55371 0.02293 
 2456320.428281 13.51819 0.02376 
 2456321.297251 13.49623 0.02229 
 2456321.306053 13.46018 0.02180 
 2456321.322447 13.51219 0.02190 
 2456321.336741 13.50102 0.02174 
 2456321.350933 13.53976 0.02136 
 2456321.381890 13.50911 0.02156 
 2456321.394005 13.51056 0.02151 
 2456321.406162 13.49418 0.02091 
 2456321.418256 13.48119 0.02133 
 2456322.298854 13.50747 0.01771 
 2456322.307651 13.51902 0.02020 
 2456322.328304 13.50881 0.02217 
 2456323.299655 13.50224 0.01351 
 2456323.308460 13.49629 0.01416 
 2456323.327041 13.53854 0.01660 
 2456324.325469 13.46204 0.01179 
 2456324.346232 13.52203 0.01267 
 2456324.367267 13.52114 0.01461 
 2456324.388343 13.52364 0.01516 
 2456324.407187 13.50260 0.01534 
 2456325.299204 13.49752 0.01395 
 2456325.312433 13.53284 0.01321 
 2456325.333142 13.52558 0.01322 
 2456325.354108 13.53551 0.01289 
 2456325.375108 13.50565 0.01456 
 2456325.393869 13.51184 0.01533 
 2456325.414839 13.51916 0.01583 
 2456326.294589 13.50312 0.01214 
 2456326.307849 13.50841 0.01157 
 2456326.391493 13.50183 0.01233 
 2456326.414738 13.51511 0.01289 
 2456327.293441 13.52509 0.01356 
 2456327.306713 13.51238 0.01279 
 2456327.327431 13.49562 0.01214 
 2456327.348336 13.52235 0.01226 
 2456328.293972 13.51201 0.01262 
 2456328.309546 13.49902 0.01169 
 2456328.328101 13.53040 0.01167 
 2456328.349228 13.50188 0.01172 
 2456328.370352 13.51306 0.01174 
 2456328.391392 13.49462 0.01158 
 2456329.295791 13.49162 0.01231 
 2456329.311350 13.51039 0.01251 
 2456329.332113 13.50157 0.01196 
 2456329.353131 13.51917 0.01206 
 2456329.376416 13.50171 0.01212 
 2456329.397452 13.50454 0.01187 
 2456330.294878 13.50740 0.01216 
 2456330.310425 13.51852 0.01169 
 2456330.331224 13.50824 0.01207 
 2456330.352261 13.50985 0.01247 
 2456330.373384 13.52321 0.01226 
 2456330.394494 13.49263 0.01196 
 2456331.294081 13.50659 0.01262 
 2456331.309642 13.46665 0.01214 
 2456331.330481 13.49275 0.01187 
 2456331.351524 13.50695 0.01179 
 2456331.372558 13.53021 0.01109 
 2456331.393608 13.50919 0.01118 
 2456334.284900 13.48650 0.01276 
 2456334.305865 13.51718 0.01386 
 2456334.350934 13.52575 0.01145 
 2456336.287987 13.51517 0.01272 
 2456336.303479 13.51278 0.01246 
 2456336.324414 13.53592 0.01227 
 2456336.345469 13.49644 0.01236 
 2456336.366562 13.48687 0.01232 
 2456336.387583 13.51736 0.01275 
 2456337.292518 13.55102 0.01234 
 2456337.306693 13.53870 0.01185 
 2456337.327659 13.47864 0.01203 
 2456337.350943 13.53214 0.01207 
 2456337.372058 13.51329 0.01170 
 2456339.294568 13.49591 0.01383 
 2456339.303300 13.49592 0.01352 
 2456339.324240 13.52532 0.01334 
 2456339.347414 13.51156 0.01289 
 2456339.368420 13.47713 0.01240 
 2456342.369561 13.53900 0.01436 
 2456344.276256 13.50084 0.01681 
 2456344.283772 13.50923 0.01661 
 2456344.288279 13.48857 0.01637 
 2456344.300204 13.48843 0.01635 
 2456344.312299 13.50359 0.01588 
 2456344.324206 13.50420 0.01531 
 2456344.336211 13.51342 0.01551 
 2456344.348251 13.51407 0.01575 
 2456344.360255 13.50417 0.01556 
 2456345.283851 13.48273 0.01736 
 2456345.288301 13.51261 0.01716 
 2456345.300072 13.51514 0.01724 
 2456345.311863 13.49616 0.01658 
 2456345.323724 13.50079 0.01712 
 2456345.335634 13.52093 0.01730 
 2456345.347565 13.50825 0.01640 
 2456345.359568 13.52007 0.01756 
 2456346.279966 13.51467 0.01997 
 2456346.282136 13.47691 0.02012 
 2456346.291759 13.53569 0.01933 
 2456346.311094 13.48673 0.01898 
 2456346.320747 13.50326 0.01852 
 2456346.330440 13.52302 0.01790 
 2456346.340172 13.47296 0.01855 
 2456346.349838 13.53598 0.01745 
 2456346.359586 13.51879 0.01865 
 2456347.279297 13.48671 0.02160 
 2456347.281464 13.46917 0.02135 
 2456347.291087 13.48434 0.02030 
 2456347.300709 13.47824 0.02036 
 2456347.310337 13.51457 0.02033 
 2456347.317881 13.54924 0.01978 
 2456347.325484 13.48669 0.01968 
 2456347.333090 13.52235 0.01925 
 2456347.340641 13.50081 0.01848 
 2456348.279081 13.52503 0.02387 
 2456348.281246 13.50427 0.02384 
 2456348.295513 13.49583 0.02301 
 2456348.309794 13.52099 0.02237 
 2456348.321886 13.53438 0.02306 
 2456348.333958 13.49221 0.02282 
 2456348.346085 13.50939 0.02288 
 2456349.272997 13.44667 0.02677 
 2456349.275164 13.52933 0.02685 
 2456349.277328 13.47477 0.02663 
 2456349.279505 13.51561 0.02516 
 2456349.293786 13.50005 0.02711 
 2456350.278233 13.50885 0.02618 
 2456350.284829 13.49505 0.02560 
 2456350.303622 13.51347 0.02577 
 2456350.320277 13.50484 0.02488 
 2456350.336903 13.52956 0.02518 
 2456351.330883 13.48260 0.02149 
 2456352.266201 13.50224 0.01421 
 2456352.287128 13.51347 0.01615 
 2456352.308073 13.49837 0.01811 
 2456355.274295 13.53826 0.01298 
 2456355.283053 13.51821 0.01275 
 2456355.304066 13.50374 0.01279 
 2456355.325096 13.53358 0.01210 
 2456362.259144 13.51686 0.01395 
 2456362.267908 13.50831 0.01335 
 2456362.276678 13.49265 0.01319 
 2456362.297668 13.53313 0.01279 
 2456363.258934 13.50981 0.01386 
 2456363.267636 13.51267 0.01322 
 2456363.278609 13.51840 0.01302 
 2456363.299612 13.48370 0.01276 
 2456364.258878 13.52342 0.01351 
 2456364.267569 13.51136 0.01292 
 2456364.278524 13.48781 0.01311 
 2456364.299464 13.51355 0.01303 
 2456365.278497 13.50793 0.01199 
 2456365.299454 13.51379 0.01226 
 2456372.269251 13.51217 0.01445 
 2456372.281166 13.52115 0.01444 
 2456373.263768 13.50422 0.01519 
 2456373.273441 13.51581 0.01536 
 2456373.283148 13.49675 0.01493 
 2456374.267288 13.49140 0.01751 
 2456374.276981 13.47218 0.01632 
 2456386.236079 13.47622 0.01545 
 2456386.242895 13.51251 0.01316 
 2456386.249730 13.52377 0.01315 
 2456389.233504 13.50560 0.01360 
 2456389.240328 13.49873 0.01321 
 2456552.633432 13.50732 0.01709 
 2456553.634911 13.50188 0.02123 
 2456554.628372 13.48962 0.02908 
 2456557.619446 13.52431 0.02183 
 2456557.635637 13.52587 0.02197 
 2456558.624542 13.50428 0.02189 
 2456559.614080 13.52594 0.01940 
 2456559.625739 13.51072 0.02009 
 2456560.611858 13.51289 0.01796 
 2456560.623563 13.48615 0.01766 
 2456561.613062 13.53616 0.01754 
 2456561.624776 13.54199 0.01722 
 2456564.605661 13.49641 0.01653 
 2456564.615223 13.51499 0.01558 
 2456564.622520 13.51307 0.01579 
 2456565.597784 13.45793 0.01755 
 2456565.607367 13.48578 0.01729 
 2456565.615682 13.51459 0.01761 
 2456566.607644 13.50725 0.01719 
 2456566.614920 13.49840 0.01386 
 2456567.603327 13.50884 0.01696 
 2456567.615183 13.53200 0.01605 
 2456568.623010 13.51093 0.02295 
 2456569.595190 13.51322 0.01706 
 2456569.609233 13.51461 0.01669 
 2456570.584932 13.52861 0.01629 
 2456570.601124 13.52289 0.01591 
 2456570.615244 13.52168 0.01361 
 2456573.582587 13.50205 0.01546 
 2456573.603344 13.53306 0.01547 
 2456573.617408 13.48968 0.01568 
 2456574.580326 13.51789 0.01577 
 2456574.601079 13.50900 0.01575 
 2456574.615121 13.49181 0.01566 
 2456575.611940 13.49634 0.01665 
 2456579.566398 13.52256 0.01590 
 2456579.580448 13.51554 0.01567 
 2456579.601205 13.49817 0.01585 
 2456580.556698 13.51328 0.01729 
 2456580.572922 13.49584 0.01599 
 2456580.587090 13.48402 0.01604 
 2456580.609995 13.52400 0.01568 
 2456581.559088 13.49931 0.02336 
 2456581.573209 13.52161 0.02026 
 2456581.587277 13.52630 0.01760 
 2456582.560289 13.47503 0.02651 
 2456582.574243 13.49720 0.02592 
 2456585.557506 13.48988 0.02939 
 2456585.571590 13.51171 0.02624 
 2456585.585705 13.48609 0.02562 
 2456588.545600 13.48680 0.02142 
 2456594.529471 13.47853 0.01719 
 2456594.541408 13.52340 0.01722 
 2456594.553360 13.48675 0.01672 
 2456594.565315 13.49094 0.01763 
 2456594.577275 13.49844 0.01720 
 2456594.586341 13.54289 0.01680 
 2456595.516420 13.51524 0.01303 
 2456595.532745 13.50337 0.01637 
 2456595.546876 13.49500 0.01643 
 2456595.567689 13.52664 0.01596 
 2456595.578939 13.54235 0.01544 
 2456595.590186 13.48301 0.01507 
 2456599.516194 13.50395 0.01773 
 2456599.530391 13.48717 0.01695 
 2456599.544496 13.49564 0.01625 
 2456599.560754 13.51843 0.01617 
 2456599.576423 13.52153 0.01611 
 2456600.509223 13.48966 0.02035 
 2456600.530091 13.52517 0.01494 
 2456600.544307 13.50476 0.01526 
 2456600.562786 13.49335 0.01406 
 2456600.580747 13.48473 0.01499 
 2456601.508006 13.52000 0.01573 
 2456601.528900 13.51916 0.01560 
 2456601.543036 13.49282 0.01543 
 2456601.561523 13.50393 0.01554 
 2456601.580306 13.53662 0.01493 
 2456602.504919 13.51739 0.01601 
 2456602.525700 13.51533 0.01621 
 2456602.539792 13.49012 0.01532 
 2456602.577042 13.51928 0.01489 
 2456604.498355 13.50893 0.01579 
 2456604.519177 13.48224 0.01530 
 2456604.533332 13.49769 0.01566 
 2456604.551816 13.50045 0.01513 
 2456604.569748 13.52513 0.01551 
 2456604.586143 13.52942 0.01458 
 2456605.503835 13.50690 0.01710 
 2456605.525592 13.48851 0.01439 
 2456605.541882 13.51337 0.01500 
 2456605.557641 13.49508 0.01545 
 2456605.576345 13.51910 0.01401 
 2456606.519635 13.50311 0.01506 
 2456606.533757 13.50053 0.01479 
 2456606.549512 13.50104 0.01477 
 2456606.565210 13.51222 0.01480 
 2456606.581606 13.48533 0.01539 
 2456607.483704 13.51548 0.01526 
 2456607.500112 13.52281 0.01471 
 2456607.521062 13.49556 0.01481 
 2456607.537455 13.48324 0.01535 
 2456607.553275 13.50764 0.01494 
 2456607.572859 13.51655 0.01443 
 2456608.485945 13.47806 0.01860 
 2456608.500197 13.48061 0.01658 
 2456608.521125 13.48126 0.01567 
 2456608.537490 13.50720 0.01570 
 2456608.553239 13.50259 0.01554 
 2456608.572756 13.49198 0.01463 
 2456609.482046 13.51397 0.02000 
 2456609.497765 13.52845 0.01926 
 2456609.520478 13.53013 0.01722 
 2456609.539139 13.52986 0.01516 
 2456609.557958 13.50085 0.01440 
 2456609.574433 13.52736 0.01420 
 2456610.482434 13.48831 0.02186 
 2456610.497332 13.49584 0.02084 
 2456610.518303 13.51456 0.02076 
 2456610.536861 13.47995 0.01974 
 2456610.555815 13.52348 0.01627 
 2456610.572401 13.49886 0.01526 
 2456612.523036 13.54720 0.02435 
 2456612.538868 13.52943 0.02403 
 2456612.557514 13.52939 0.01979 
 2456612.582696 13.52410 0.02169 
 2456615.466050 13.54500 0.02615 
 2456615.478068 13.49056 0.02559 
 2456615.496379 13.46330 0.02431 
 2456615.506085 13.47470 0.02410 
 2456615.522397 13.48918 0.02365 
 2456615.531560 13.51584 0.02393 
 2456615.541633 13.50580 0.02274 
 2456615.548708 13.52594 0.02279 
 2456615.555794 13.50978 0.02201 
 2456615.565054 13.47335 0.02252 
 2456615.574309 13.48615 0.02159 
 2456616.534708 13.53184 0.02232 
 2456616.551215 13.51327 0.02570 
 2456616.560412 13.55198 0.02058 
 2456618.453385 13.49553 0.02125 
 2456618.463245 13.49792 0.02171 
 2456618.470699 13.50523 0.02033 
 2456618.478168 13.49953 0.02106 
 2456618.485694 13.52779 0.01901 
 2456618.493248 13.48774 0.01936 
 2456618.500722 13.50005 0.02029 
 2456618.514927 13.49309 0.01960 
 2456618.519762 13.51407 0.01915 
 2456618.524693 13.52083 0.01946 
 2456618.529524 13.51059 0.01960 
 2456618.532016 13.51797 0.01761 
 2456618.534495 13.53009 0.01852 
 2456618.536964 13.50465 0.01735 
 2456618.539567 13.49801 0.01839 
 2456618.542088 13.53985 0.01743 
 2456618.544569 13.50289 0.01731 
 2456618.547034 13.49179 0.01741 
 2456618.551918 13.50708 0.01766 
 2456618.556910 13.49838 0.01682 
 2456618.561831 13.49366 0.01647 
 2456618.573845 13.51395 0.01628 
 2456619.452031 13.46824 0.02153 
 2456619.461842 13.50697 0.02047 
 2456619.469314 13.53056 0.02085 
 2456619.476828 13.48795 0.01901 
 2456619.484332 13.48774 0.02007 
 2456619.491811 13.53394 0.01921 
 2456619.499433 13.51218 0.01915 
 2456619.513608 13.49046 0.01901 
 2456619.518496 13.49817 0.01877 
 2456619.523367 13.48162 0.01862 
 2456619.529040 13.49361 0.01658 
 2456619.531565 13.50985 0.01663 
 2456619.534074 13.51657 0.01718 
 2456619.536590 13.47852 0.01655 
 2456619.539147 13.51535 0.01673 
 2456619.541622 13.49827 0.01643 
 2456619.544107 13.52718 0.01744 
 2456619.548982 13.52342 0.01722 
 2456619.553846 13.51761 0.01719 
 2456619.558694 13.50127 0.01602 
 2456619.570645 13.52126 0.01622 
 2456621.455406 13.51498 0.01546 
 2456621.467441 13.51778 0.01819 
 2456621.479476 13.52055 0.01744 
 2456621.491456 13.50999 0.01744 
 2456621.520226 13.51133 0.01753 
 2456621.527989 13.53239 0.01177 
 2456622.443264 13.51737 0.01963 
 2456622.489356 13.50887 0.01853 
 2456622.501441 13.48859 0.01841 
 2456622.510624 13.48389 0.01789 
 2456622.520712 13.50462 0.01626 
 2456622.528422 13.49107 0.01634 
 2456622.536265 13.52937 0.01542 
 2456622.555165 13.51547 0.01461 
 2456622.569611 13.52725 0.01542 
 2456625.439093 13.52240 0.01577 
 2456625.453431 13.50097 0.01499 
 2456625.474461 13.48386 0.01494 
 2456625.490917 13.51561 0.01506 
 2456625.506832 13.51947 0.01396 
 2456627.440146 13.51425 0.01367 
 2456628.518827 13.47547 0.01452 
 2456628.537690 13.49372 0.01330 
 2456630.434057 13.47170 0.01546 
 2456631.437305 13.49577 0.01546 
 2456632.422010 13.51498 0.01529 
 2456632.436373 13.49449 0.01634 
 2456632.450642 13.50178 0.01533 
 2456632.467088 13.49270 0.01835 
 2456632.490205 13.54548 0.01387 
 2456632.506805 13.55759 0.01493 
 2456633.439912 13.50538 0.01656 
 2456633.475998 13.48576 0.01640 
 2456636.424474 13.52570 0.01736 
 2456636.438842 13.48249 0.01658 
 2456636.467470 13.49883 0.01472 
 2456636.492987 13.50809 0.01419 
 2456636.509607 13.53638 0.01378 
 2456636.533061 13.51683 0.01434 
 2456639.408675 13.50716 0.03018 
 2456639.423218 13.49661 0.02119 
 2456639.444405 13.50780 0.02088 
 2456639.472896 13.49611 0.02009 
 2456639.489611 13.52306 0.02635 
 2456639.508636 13.52375 0.01689 
 2456643.391454 13.51227 0.03255 
 2456643.403616 13.53834 0.03031 
 2456643.413787 13.49946 0.02887 
 2456643.423470 13.46527 0.02895 
 2456643.433245 13.48077 0.02761 
 2456643.443019 13.48553 0.02784 
 2456643.452351 13.54366 0.02664 
 2456643.461745 13.48731 0.02854 
 2456644.384166 13.51101 0.02971 
 2456644.399550 13.52458 0.02964 
 2456644.407215 13.52052 0.02798 
 2456644.414790 13.48483 0.02880 
 2456644.429101 13.51564 0.02683 
 2456644.436747 13.50234 0.02648 
 2456644.441724 13.54580 0.02671 
 2456644.449012 13.49738 0.02725 
 2456644.456217 13.52198 0.02657 
 2456644.461121 13.48078 0.02405 
 2456644.466040 13.49726 0.02334 
 2456644.471027 13.50615 0.02256 
 2456644.475981 13.48675 0.02298 
 2456644.483081 13.53587 0.02368 
 2456644.490282 13.49102 0.02364 
 2456644.504532 13.54606 0.02295 
 2456645.379741 13.48192 0.02902 
 2456645.389622 13.50465 0.02690 
 2456645.404783 13.51863 0.02546 
 2456645.412328 13.47218 0.02599 
 2456645.419881 13.46606 0.02439 
 2456645.434228 13.50789 0.02488 
 2456645.439133 13.52067 0.02434 
 2456645.446358 13.52475 0.02485 
 2456645.453766 13.48579 0.02418 
 2456645.458658 13.49773 0.02216 
 2456645.463619 13.50513 0.02113 
 2456645.468528 13.51862 0.02079 
 2456645.473498 13.47636 0.02054 
 2456645.480632 13.48726 0.02107 
 2456645.487846 13.53837 0.02134 
 2456645.501989 13.51790 0.02053 
 2456645.516267 13.54487 0.02015 
 2456645.530540 13.51814 0.01992 
 2456646.388197 13.51879 0.02444 
 2456646.395763 13.50762 0.02557 
 2456646.403352 13.46717 0.02533 
 2456646.410965 13.48296 0.02394 
 2456646.418564 13.51496 0.02489 
 2456646.426150 13.51432 0.02363 
 2456646.433743 13.53322 0.02287 
 2456646.443677 13.48155 0.02330 
 2456646.448616 13.47857 0.02394 
 2456646.454385 13.49622 0.02097 
 2456646.457059 13.50803 0.02054 
 2456646.459816 13.52851 0.01993 
 2456646.472033 13.50332 0.02036 
 2456646.477148 13.50553 0.02009 
 2456646.482185 13.51446 0.01974 
 2456646.487313 13.48600 0.01936 
 2456646.499398 13.49731 0.01966 
 2456647.380970 13.47022 0.02336 
 2456647.395302 13.51063 0.02293 
 2456647.402990 13.47540 0.02230 
 2456647.410572 13.50428 0.02228 
 2456647.418166 13.50392 0.02205 
 2456647.425769 13.52910 0.02268 
 2456647.430948 13.51738 0.02187 
 2456647.435941 13.50655 0.02247 
 2456647.441002 13.50013 0.02273 
 2456647.446006 13.52608 0.02265 
 2456647.451913 13.48272 0.01997 
 2456647.454626 13.51942 0.01978 
 2456647.457201 13.51114 0.02040 
 2456647.459876 13.48799 0.01946 
 2456647.504926 13.53113 0.01866 
 2456647.515003 13.51127 0.01871 
 2456647.524966 13.50657 0.01870 
 2456647.534971 13.53451 0.01793 
 2456648.377808 13.49591 0.02044 
 2456648.392549 13.50561 0.01979 
 2456648.401112 13.51073 0.02098 
 2456648.409332 13.54088 0.02097 
 2456648.417112 13.47679 0.02028 
 2456648.424772 13.52081 0.02041 
 2456648.429815 13.50432 0.02106 
 2456648.434792 13.53177 0.02020 
 2456648.439821 13.51569 0.02047 
 2456648.445021 13.49962 0.02082 
 2456648.450827 13.49960 0.01786 
 2456648.453478 13.50001 0.01805 
 2456648.456239 13.51513 0.01834 
 2456648.458937 13.51580 0.01798 
 2456648.479447 13.52040 0.01811 
 2456648.491556 13.49905 0.01792 
 2456648.501592 13.51653 0.01739 
 2456648.511580 13.50349 0.01751 
 2456648.521574 13.51520 0.01711 
 2456648.531690 13.51382 0.01699 
 2456649.373513 13.56183 0.01570 
 2456649.400656 13.51828 0.01883 
 2456649.412819 13.52776 0.01918 
 2456649.458366 13.48919 0.01719 
 2456649.475196 13.50175 0.01729 
 2456649.491977 13.54025 0.01681 
 2456649.506542 13.50086 0.01715 
 2456650.379040 13.52630 0.01634 
 2456650.400086 13.53531 0.01804 
 2456650.414536 13.51965 0.01846 
 2456651.370051 13.51576 0.01700 
 2456652.369301 13.51408 0.01588 
 2456652.383674 13.53184 0.01502 
 2456652.418719 13.49475 0.01558 
 2456652.436903 13.51437 0.01549 
 2456652.453529 13.49171 0.01600 
 2456652.481404 13.52202 0.01621 
 2456652.502837 13.50009 0.01578 
 2456653.358699 13.51553 0.01622 
 2456653.376135 13.50341 0.01539 
 2456653.397293 13.53057 0.01593 
 2456653.413869 13.50454 0.01445 
 2456653.429820 13.53154 0.01492 
 2456653.449491 13.51757 0.01480 
 2456653.477287 13.51935 0.01944 
 2456653.500874 13.49233 0.01242 
 2456654.355969 13.50969 0.01604 
 2456654.373482 13.49697 0.01519 
 2456654.394639 13.50972 0.01440 
 2456654.411313 13.52155 0.01510 
 2456654.427257 13.52176 0.01501 
 2456654.447045 13.50167 0.01449 
 2456654.466009 13.50166 0.01512 
 2456654.489542 13.51689 0.01366 
 2456654.515180 13.51961 0.01324 
 2456655.473335 13.48643 0.01402 
 2456655.497004 13.50195 0.01477 
 2456656.356981 13.50420 0.01621 
 2456656.371443 13.50778 0.01627 
 2456656.392639 13.50440 0.01524 
 2456656.411355 13.50029 0.01517 
 2456656.430468 13.50087 0.01296 
 2456656.447161 13.48598 0.01324 
 2456656.466037 13.52198 0.01364 
 2456656.503688 13.51423 0.01270 
 2456657.432134 13.50542 0.01623 
 2456657.449733 13.49714 0.01576 
 2456657.458835 13.51794 0.01290 
 2456657.464147 13.49802 0.01472 
 2456657.478634 13.49793 0.01467 
 2456657.482410 13.51821 0.01259 
 2456657.489565 13.50527 0.01260 
 2456657.494677 13.51525 0.01405 
 2456657.520323 13.51210 0.01375 
 2456658.347868 13.48510 0.01589 
 2456658.362878 13.50919 0.01571 
 2456658.377696 13.50658 0.01509 
 2456658.401767 13.49573 0.01505 
 2456658.420604 13.51132 0.01468 
 2456658.437793 13.50138 0.01393 
 2456658.469468 13.52773 0.01379 
 2456658.496155 13.50175 0.01318 
 2456659.481056 13.56845 0.01444 
 2456660.349022 13.51018 0.01547 
 2456660.365029 13.49489 0.01579 
 2456660.381335 13.50835 0.01506 
 2456660.408888 13.47426 0.01477 
 2456660.429239 13.50677 0.01468 
 2456660.448827 13.50540 0.01357 
 2456660.473247 13.51007 0.01373 
 2456660.499689 13.50274 0.01400 
 2456661.349580 13.48506 0.01512 
 2456661.364297 13.51882 0.01500 
 2456661.378921 13.50037 0.01469 
 2456661.404974 13.50568 0.01476 
 2456668.318515 13.49898 0.02149 
 2456668.330744 13.54520 0.02076 
 2456669.315934 13.48067 0.02097 
 2456669.328104 13.50338 0.02022 
 2456669.337987 13.55702 0.01980 
 2456669.347810 13.53277 0.01897 
 2456669.357663 13.51830 0.01802 
 2456669.372105 13.51141 0.01846 
 2456669.394366 13.50879 0.01764 
 2456669.418030 13.53663 0.01684 
 2456669.439598 13.48396 0.01694 
 2456669.461282 13.52776 0.01614 
 2456670.311425 13.51512 0.02246 
 2456670.321197 13.50214 0.02120 
 2456670.331075 13.51918 0.02115 
 2456670.340883 13.54067 0.02035 
 2456670.350817 13.48961 0.01997 
 2456670.360692 13.50954 0.01926 
 2456670.370625 13.47467 0.01979 
 2456670.380121 13.50890 0.01910 
 2456670.396934 13.50929 0.01886 
 2456670.404109 13.49983 0.01880 
 2456670.413661 13.51002 0.01889 
 2456670.423239 13.48321 0.01845 
 2456670.437895 13.53953 0.01784 
 2456670.454836 13.52075 0.01804 
 2456670.471739 13.48591 0.01743 
 2456671.310431 13.49898 0.02346 
 2456671.317491 13.50090 0.02125 
 2456671.325093 13.49381 0.02176 
 2456671.332772 13.49002 0.02167 
 2456671.340415 13.52983 0.02153 
 2456671.348042 13.52755 0.02086 
 2456671.355652 13.50936 0.02011 
 2456671.363304 13.50952 0.01989 
 2456671.368313 13.50061 0.02053 
 2456671.375612 13.53273 0.01979 
 2456671.390166 13.49429 0.01990 
 2456671.395018 13.52783 0.01882 
 2456671.399874 13.50196 0.01896 
 2456671.407061 13.50557 0.01882 
 2456671.414366 13.50131 0.01879 
 2456671.429031 13.48774 0.01806 
 2456671.443625 13.49095 0.01813 
 2456671.458243 13.52701 0.01810 
 2456672.310219 13.51259 0.02526 
 2456672.327387 13.51459 0.02481 
 2456672.332354 13.47114 0.02494 
 2456672.337371 13.48950 0.02584 
 2456672.342294 13.52298 0.02492 
 2456672.347224 13.53921 0.02388 
 2456672.362271 13.49591 0.02764 
 2456672.369606 13.50230 0.02628 
 2456672.376860 13.49535 0.02397 
 2456672.393944 13.50221 0.02277 
 2456672.398827 13.48684 0.02283 
 2456672.456921 13.51488 0.01760 
 2456673.304240 13.51157 0.02890 
 2456673.311322 13.52993 0.02858 
 2456673.329602 13.52170 0.02781 
 2456673.334655 13.49846 0.02696 
 2456673.339618 13.51997 0.02755 
 2456673.344591 13.47989 0.02709 
 2456673.349535 13.51950 0.02543 
 2456673.354546 13.50328 0.02686 
 2456673.359496 13.46905 0.02607 
 2456673.364438 13.46930 0.02560 
 2456673.369485 13.49995 0.02600 
 2456673.374454 13.46943 0.02570 
 2456673.389219 13.50103 0.02480 
 2456673.391685 13.49724 0.02492 
 2456673.394176 13.53265 0.02441 
 2456673.396713 13.54394 0.02442 
 2456673.401643 13.50512 0.02410 
 2456673.406690 13.51751 0.02429 
 2456673.411667 13.51069 0.02315 
 2456673.424047 13.49944 0.02247 
 2456673.436322 13.52347 0.02284 
 2456673.448642 13.50773 0.02325 
 2456673.460951 13.49600 0.02264 
 2456674.303698 13.49597 0.02656 
 2456674.310740 13.48070 0.02719 
 2456674.328500 13.50044 0.02640 
 2456674.333458 13.48590 0.02558 
 2456674.338498 13.50598 0.02592 
 2456674.343391 13.49940 0.02409 
 2456674.348387 13.51436 0.02493 
 2456674.353345 13.47788 0.02424 
 2456674.358293 13.51104 0.02466 
 2456674.363231 13.51519 0.02473 
 2456674.368136 13.48901 0.02438 
 2456674.373155 13.53035 0.02326 
 2456674.388259 13.51460 0.02361 
 2456674.390741 13.51810 0.02316 
 2456674.393206 13.53704 0.02285 
 2456674.398127 13.51236 0.02182 
 2456674.403221 13.48576 0.02261 
 2456674.408262 13.50110 0.02252 
 2456674.413260 13.50000 0.02136 
 2456674.425558 13.52046 0.02250 
 2456674.435647 13.53745 0.02205 
 2456674.445772 13.52905 0.02158 
 2456674.455851 13.51377 0.02048 
 2456676.402459 13.51827 0.01815 
 2456676.419569 13.53465 0.01922 
 2456676.434511 13.47199 0.01821 
 2456676.449398 13.51736 0.01778 
 2456677.303825 13.52387 0.01640 
 2456677.315270 13.49063 0.01763 
 2456677.336914 13.54879 0.01886 
 2456677.348638 13.53847 0.01952 
 2456677.360310 13.49684 0.02022 
 2456677.373041 13.52739 0.01943 
 2456677.394708 13.48333 0.01848 
 2456677.407142 13.49529 0.01739 
 2456677.424246 13.52007 0.01760 
 2456677.439095 13.52773 0.01761 
 2456678.302089 13.47443 0.01386 
 2456678.313663 13.50531 0.01290 
 2456678.335445 13.51090 0.01386 
 2456678.351872 13.50002 0.01560 
 2456678.368165 13.52862 0.01663 
 2456678.382963 13.52572 0.01654 
 2456678.409505 13.49303 0.01668 
 2456678.432302 13.49202 0.01639 
 2456679.302215 13.51036 0.01472 
 2456679.322215 13.49858 0.01379 
 2456679.346109 13.49004 0.01380 
 2456679.362497 13.51008 0.01483 
 2456679.377277 13.53127 0.01559 
 2456679.403919 13.48416 0.01573 
 2456679.425889 13.47532 0.01629 
 2456679.447929 13.47857 0.01609 
 2456680.300720 13.49825 0.01500 
 2456680.312176 13.50421 0.01379 
 2456680.336122 13.51843 0.01322 
 2456681.298984 13.49819 0.01526 
 2456681.310422 13.50966 0.01442 
 2456681.334326 13.51480 0.01413 
 2456681.350689 13.51270 0.01390 
 2456681.373275 13.49535 0.01362 
 2456681.402048 13.51913 0.01374 
 2456681.424891 13.50813 0.01392 
 2456682.346725 13.50082 0.01333 
 2456682.363525 13.51001 0.01261 
 2456682.404017 13.50765 0.01206 
 2456682.428193 13.51252 0.01128 
 2456683.299558 13.48489 0.01571 
 2456683.310960 13.49894 0.01529 
 2456683.334854 13.48737 0.01564 
 2456683.353335 13.51619 0.01450 
 2456683.370187 13.50895 0.01374 
 2456683.398801 13.50995 0.01380 
 2456683.435686 13.50211 0.01397 
 2456684.301075 13.52233 0.01352 
 2456684.312575 13.51031 0.01349 
 2456684.338602 13.51490 0.01338 
 2456684.360426 13.52441 0.01326 
 2456684.379845 13.52670 0.01252 
 2456684.403894 13.50914 0.01265 
 2456684.432435 13.50857 0.01180 
 2456685.299548 13.52777 0.01462 
 2456685.310982 13.50189 0.01413 
 2456685.334731 13.49448 0.01456 
 2456685.354196 13.48792 0.01379 
 2456685.373613 13.52852 0.01345 
 2456685.399961 13.51901 0.01286 
 2456685.428561 13.51759 0.01207 
 2456687.298251 13.49731 0.01350 
 2456687.309639 13.52788 0.01363 
 2456688.299280 13.48970 0.01391 
 2456688.312900 13.49457 0.01362 
 2456688.336573 13.51401 0.01339 
 2456688.356562 13.49911 0.01345 
 2456688.375831 13.50254 0.01298 
 2456688.399962 13.53581 0.01279 
 2456689.352281 13.52368 0.01263 
 2456689.367135 13.50079 0.01213 
 2456689.398444 13.50320 0.01247 
 2456690.297426 13.53031 0.01473 
 2456690.313644 13.52788 0.01451 
 2456690.339868 13.52445 0.01437 
 2456690.359205 13.51068 0.01344 
 2456690.385595 13.51775 0.01304 
 2456690.409611 13.52079 0.01304 
 2456691.297243 13.51997 0.01395 
 2456691.321865 13.50714 0.01322 
 2456691.356056 13.50652 0.01284 
 2456691.382684 13.51891 0.01270 
 2456691.406759 13.51878 0.01296 
 2456692.373919 13.52147 0.01336 
 2456692.397971 13.52863 0.01294 
 2456693.301222 13.49422 0.01761 
 2456693.351347 13.51267 0.01315 
 2456693.405871 13.49620 0.01023 
 2456694.297526 13.50761 0.01571 
 2456694.313674 13.50582 0.01504 
 2456694.347887 13.53555 0.01414 
 2456694.374408 13.49783 0.01357 
 2456694.398557 13.51817 0.01336 
 2456695.293763 13.50642 0.01498 
 2456695.305133 13.51109 0.01470 
 2456695.328938 13.51661 0.01451 
 2456695.342856 13.51078 0.01378 
 2456695.356755 13.50325 0.01383 
 2456695.376217 13.49899 0.01336 
 2456695.400140 13.50619 0.01302 
 2456696.294201 13.50405 0.01682 
 2456696.305608 13.48381 0.01611 
 2456696.329392 13.49064 0.01527 
 2456696.343272 13.49683 0.01486 
 2456696.357202 13.50897 0.01498 
 2456696.376693 13.52894 0.01430 
 2456696.398371 13.51010 0.01406 
 2456697.290545 13.51558 0.01696 
 2456697.297487 13.52971 0.01707 
 2456697.314436 13.48942 0.01632 
 2456697.321510 13.50345 0.01645 
 2456697.328586 13.51660 0.01663 
 2456697.338061 13.50015 0.01580 
 2456697.347483 13.50614 0.01573 
 2456697.364262 13.49156 0.01552 
 2456697.378773 13.49802 0.01502 
 2456697.395752 13.50344 0.01467 
 2456698.288244 13.53808 0.01726 
 2456698.293035 13.52766 0.01728 
 2456698.307546 13.53915 0.01754 
 2456698.315430 13.55794 0.01690 
 2456698.320286 13.49444 0.01669 
 2456698.325042 13.50422 0.01636 
 2456698.329809 13.53024 0.01623 
 2456698.337035 13.52151 0.01621 
 2456698.344106 13.52783 0.01618 
 2456698.358506 13.51296 0.01614 
 2456698.372960 13.53695 0.01536 
 2456698.387374 13.51246 0.01583 
 2456699.287332 13.51959 0.01830 
 2456699.294361 13.48785 0.01887 
 2456699.308823 13.48649 0.01810 
 2456699.313636 13.50198 0.01843 
 2456699.318466 13.50476 0.01817 
 2456699.323282 13.49637 0.01791 
 2456699.330341 13.50405 0.01738 
 2456699.337398 13.50803 0.01705 
 2456699.344541 13.51000 0.01690 
 2456699.356855 13.50904 0.01661 
 2456699.371256 13.48146 0.01613 
 2456699.385781 13.48312 0.01605 
 2456700.287550 13.49155 0.01938 
 2456700.292259 13.49859 0.01950 
 2456700.304580 13.51398 0.01873 
 2456700.307049 13.53542 0.01871 
 2456700.309470 13.49414 0.01934 
 2456700.311916 13.54071 0.01855 
 2456700.314360 13.52816 0.01934 
 2456700.316812 13.53557 0.01854 
 2456700.319247 13.49449 0.01890 
 2456700.321660 13.52085 0.01853 
 2456700.324199 13.53786 0.01884 
 2456700.329095 13.50840 0.01884 
 2456700.353394 13.52427 0.01813 
 2456700.365631 13.52445 0.01747 
 2456700.377824 13.51136 0.01804 
 2456700.390087 13.48150 0.01751 
 2456701.337564 13.49003 0.02173 
 2456704.286598 13.52734 0.02467 
 2456704.296865 13.48686 0.02604 
 2456704.316138 13.50404 0.02592 
 2456704.326150 13.51809 0.02526 
 2456704.343192 13.50922 0.02487 
 2456704.358021 13.48748 0.02519 
 2456704.372825 13.52458 0.02476 
 2456709.286989 13.51666 0.01339 
 2456709.313359 13.50146 0.01313 
 2456710.287012 13.50263 0.01381 
 2456710.298506 13.49961 0.01306 
 2456710.328374 13.51170 0.01311 
 2456710.352415 13.48751 0.01200 
 2456711.282402 13.49895 0.01348 
 2456711.293745 13.51602 0.01326 
 2456711.322489 13.50264 0.01269 
 2456711.346640 13.48620 0.01256 
 2456712.282991 13.51649 0.01415 
 2456712.296772 13.51579 0.01332 
 2456713.310537 13.50572 0.01356 
 2456713.335564 13.50509 0.01317 
 2456716.319519 13.51593 0.01336 
 2456717.277070 13.50415 0.01357 
 2456717.290899 13.53046 0.01335 
 2456717.315033 13.53647 0.01308 
 2456718.280771 13.52232 0.01364 
 2456718.294541 13.51065 0.01321 
 2456718.318743 13.51168 0.01357 
 2456719.279816 13.51461 0.01356 
 2456719.293675 13.49362 0.01281 
 2456719.318757 13.48802 0.01269 
 2456721.277809 13.49847 0.01345 
 2456721.291791 13.51529 0.01305 
 2456721.315917 13.51561 0.01283 
 2456722.276209 13.52544 0.01322 
 2456722.298645 13.50408 0.01325 
 2456722.327339 13.50843 0.01288 
 2456723.276367 13.49748 0.01406 
 2456723.290167 13.51179 0.01379 
 2456723.309643 13.49778 0.01330 
 2456724.272537 13.52154 0.01469 
 2456724.281854 13.51895 0.01439 
 2456724.296513 13.49150 0.01397 
 2456724.322257 13.50928 0.01329 
 2456725.272075 13.52034 0.01497 
 2456725.281381 13.52911 0.01504 
 2456725.298267 13.48917 0.01417 
 2456725.315348 13.52026 0.01407 
 2456726.268215 13.51731 0.01453 
 2456726.275199 13.50152 0.01440 
 2456726.287476 13.50617 0.01436 
 2456726.301982 13.47804 0.01422 
 2456728.266441 13.51181 0.01760 
 2456728.271240 13.50553 0.01778 
 2456728.293576 13.50311 0.01676 
 2456728.306107 13.50261 0.01690 
 2456729.265798 13.50561 0.01842 
 2456729.270558 13.50505 0.01823 
 2456729.280662 13.48674 0.01833 
 2456729.290756 13.50910 0.01781 
 2456729.300917 13.50372 0.01693 
 2456729.311050 13.51476 0.01710 
 2456730.262574 13.50463 0.01841 
 2456730.267345 13.51576 0.01889 
 2456730.297012 13.52289 0.01830 
 2456731.263634 13.50181 0.02052 
 2456731.268382 13.47122 0.02065 
 2456731.283209 13.51011 0.02084 
 2456731.298026 13.50726 0.02112 
 2456732.267519 13.53125 0.02155 
 2456732.279138 13.50802 0.02155 
 2456732.303379 13.52846 0.02193 
 2456733.267744 13.52086 0.02430 
 2456733.287423 13.48254 0.02418 
 2456734.267658 13.48261 0.02055 
 2456734.289542 13.55039 0.02142 
 2456735.264312 13.49340 0.01796 
 2456735.280034 13.48807 0.01769 
 2456736.276058 13.52295 0.01480 
 2456737.263388 13.48862 0.01378 
 2456738.262054 13.52392 0.01373 
 2456739.266606 13.49774 0.01321 
 2456744.243947 13.51496 0.01364 
 2456744.270515 13.48864 0.01399 
 2456745.264753 13.52579 0.01333 
 2456746.250711 13.49673 0.01251 
 2456746.260025 13.52010 0.01323 
 2456751.245070 13.49322 0.01227 
 2456752.244907 13.51005 0.01417 
 2456753.243562 13.52070 0.01339 
 2456754.242198 13.51153 0.01412 
