\INPUT_FILE = /stage/nexsci-exo-data-prep/ETSS-prep/KELT/s37/raw/KELT_S37_lc_073004_V01_west_tfa.dat
\INPUT_TYPE = "RAW"
\START_DATE = "Thu Sep 05, 18:31:07 2013"               
\STOP_DATE = "Fri Sep 11, 18:20:51 2015"               
\fixlen = T
\NUMRECORDS = 1004     
\
\ This file was produced by the NASA Exoplanet Archive  http://exoplanetarchive.ipac.caltech.edu 
\ Mon Nov 04, 16:44:49 2019
\ Documentation for the KELT Survey dataset can be found at http://exoplanetarchive.ipac.caltech.edu/docs/KELT.html
\
|          TIME|     MAG|MAG_ERR|
|          real|    real|   real|
|             d|     mag|    mag|
|          null|    null|   null|
 2456541.271610 14.49526 0.03750 
 2456542.271755 14.50814 0.03521 
 2456549.242030 14.47634 0.05270 
 2456549.244498 14.50442 0.04884 
 2456549.246860 14.53895 0.04875 
 2456549.249263 14.53029 0.04677 
 2456549.251656 14.52105 0.04839 
 2456549.254020 14.43866 0.04833 
 2456549.256409 14.45879 0.04950 
 2456549.261320 14.49728 0.05426 
 2456552.247735 14.55713 0.05420 
 2456716.638000 14.49687 0.03421 
 2456717.635965 14.48593 0.03493 
 2456718.639493 14.48891 0.03560 
 2456721.628467 14.49511 0.03355 
 2456721.645832 14.52513 0.04149 
 2456722.634934 14.47958 0.03554 
 2456722.646569 14.54384 0.04362 
 2456723.617472 14.49062 0.03530 
 2456723.629865 14.46888 0.03394 
 2456723.641483 14.46468 0.03633 
 2456724.628550 14.51846 0.03401 
 2456724.640176 14.49806 0.03611 
 2456727.618981 14.44548 0.03458 
 2456727.652862 14.54672 0.04521 
 2456729.652173 14.50378 0.04684 
 2456730.613141 14.48181 0.03410 
 2456730.632679 14.54002 0.03343 
 2456730.644369 14.45223 0.03507 
 2456731.593392 14.45582 0.04646 
 2456731.605800 14.55925 0.04626 
 2456731.622989 14.47958 0.04331 
 2456731.644616 14.47252 0.03655 
 2456732.594099 14.52490 0.05573 
 2456732.608948 14.55900 0.05467 
 2456732.626242 14.51246 0.05301 
 2456732.650261 14.47585 0.05379 
 2456733.588191 14.50874 0.05967 
 2456733.600605 14.47082 0.06279 
 2456733.615588 14.50063 0.06201 
 2456733.633114 14.48771 0.05989 
 2456733.640175 14.55001 0.06017 
 2456733.647204 14.53468 0.06052 
 2456733.654250 14.45246 0.06642 
 2456734.589710 14.48169 0.05968 
 2456734.601469 14.53429 0.05819 
 2456734.613121 14.51096 0.05844 
 2456734.627436 14.47473 0.05584 
 2456734.644646 14.48801 0.05861 
 2456734.647040 14.53668 0.05812 
 2456734.649377 14.47584 0.05940 
 2456734.651691 14.50487 0.06119 
 2456744.560370 14.51222 0.03740 
 2456744.572811 14.48518 0.03713 
 2456744.592466 14.51393 0.03775 
 2456744.618866 14.50949 0.03679 
 2456744.640846 14.48245 0.03715 
 2456744.652447 14.47725 0.03759 
 2456745.560175 14.50895 0.03449 
 2456745.579782 14.49706 0.03549 
 2456745.603969 14.46671 0.03478 
 2456745.628105 14.43400 0.03537 
 2456745.650222 14.46153 0.03597 
 2456746.555068 14.53958 0.03466 
 2456746.568623 14.45043 0.03492 
 2456746.588226 14.51268 0.03531 
 2456746.614677 14.50332 0.03697 
 2456746.636742 14.50201 0.03589 
 2456746.648252 14.49172 0.03607 
 2456747.552189 14.53783 0.03451 
 2456747.581493 14.44763 0.03607 
 2456747.608002 14.46176 0.03694 
 2456747.629981 14.49116 0.03609 
 2456747.652026 14.51230 0.03734 
 2456748.556183 14.54106 0.08726 
 2456749.549148 14.51626 0.03183 
 2456753.539880 14.51179 0.03637 
 2456753.608265 14.57678 0.03415 
 2456753.630390 14.61436 0.03518 
 2456753.659401 14.50725 0.03967 
 2456755.541411 14.57330 0.03336 
 2456755.561112 14.44167 0.03596 
 2456755.587648 14.42789 0.03683 
 2456755.609750 14.52398 0.03573 
 2456755.631917 14.43777 0.03699 
 2456755.658533 14.49832 0.03778 
 2456756.617894 14.46837 0.03483 
 2456756.642212 14.50550 0.03451 
 2456756.653850 14.48235 0.03517 
 2456756.667803 14.51207 0.05443 
 2456757.526777 14.46696 0.03424 
 2456757.546644 14.45315 0.03352 
 2456757.570893 14.51978 0.03446 
 2456757.595074 14.48752 0.03597 
 2456757.617149 14.50727 0.03644 
 2456757.643697 14.48860 0.03730 
 2456757.655419 14.49409 0.03662 
 2456758.541276 14.49081 0.03752 
 2456758.563455 14.49938 0.03500 
 2456758.587736 14.48150 0.03466 
 2456758.609797 14.52434 0.03581 
 2456758.634068 14.46770 0.03624 
 2456758.663074 14.50495 0.04052 
 2456759.524242 14.53865 0.04609 
 2456759.541769 14.51851 0.04513 
 2456759.561504 14.42938 0.04208 
 2456759.585779 14.48330 0.03777 
 2456759.607908 14.47648 0.03514 
 2456759.632132 14.52455 0.03463 
 2456759.661099 14.50641 0.03894 
 2456768.492512 14.53794 0.03926 
 2456768.500622 14.48088 0.04199 
 2456768.512747 14.53995 0.04099 
 2456768.524881 14.54780 0.04071 
 2456768.537049 14.54404 0.04192 
 2456768.546813 14.47526 0.04176 
 2456768.556750 14.45185 0.04302 
 2456768.566566 14.52552 0.04385 
 2456768.573955 14.50080 0.04269 
 2456768.581395 14.49005 0.04419 
 2456768.588899 14.50444 0.04294 
 2456768.596389 14.47918 0.04393 
 2456768.601545 14.51548 0.04488 
 2456768.606725 14.49747 0.04558 
 2456768.611889 14.53821 0.04633 
 2456768.616997 14.43650 0.04618 
 2456768.622134 14.55836 0.04617 
 2456768.627412 14.44542 0.04533 
 2456768.632549 14.51232 0.04596 
 2456768.637814 14.48280 0.04633 
 2456768.642890 14.51993 0.04625 
 2456768.648174 14.56238 0.04615 
 2456768.651008 14.50743 0.04694 
 2456768.653420 14.56851 0.04734 
 2456768.655851 14.45958 0.04704 
 2456768.658319 14.47823 0.04685 
 2456768.660748 14.47663 0.04766 
 2456772.495779 14.55548 0.03585 
 2456772.515433 14.50010 0.03640 
 2456772.541966 14.44352 0.03844 
 2456772.564053 14.43692 0.04047 
 2456772.589244 14.50319 0.04015 
 2456772.611490 14.48592 0.03963 
 2456772.633387 14.44233 0.03934 
 2456775.483282 14.53033 0.03654 
 2456775.527248 14.52508 0.03814 
 2456775.551768 14.52170 0.03972 
 2456775.573905 14.44134 0.04166 
 2456775.600559 14.54355 0.04176 
 2456775.627229 14.46190 0.04219 
 2456776.553139 14.54554 0.03610 
 2456776.578499 14.49198 0.03935 
 2456776.605240 14.50694 0.03887 
 2456776.632003 14.48174 0.03830 
 2456778.488494 14.49285 0.03328 
 2456778.512904 14.44709 0.03570 
 2456778.537200 14.48188 0.03674 
 2456778.559538 14.45950 0.03665 
 2456778.586219 14.51529 0.03862 
 2456778.613090 14.46658 0.04025 
 2456779.475321 14.52661 0.03392 
 2456779.511374 14.48978 0.03560 
 2456779.535665 14.48620 0.03775 
 2456779.557835 14.54729 0.03903 
 2456779.587007 14.53323 0.03920 
 2456779.613683 14.47554 0.04034 
 2456780.474465 14.48129 0.04010 
 2456780.494399 14.47451 0.03524 
 2456780.571717 14.49574 0.04008 
 2456780.600750 14.48923 0.04187 
 2456780.627534 14.46876 0.04253 
 2456781.476225 14.51807 0.03239 
 2456781.512713 14.46034 0.03371 
 2456781.537963 14.51861 0.03365 
 2456781.560106 14.47016 0.03462 
 2456781.586779 14.53788 0.04160 
 2456781.613566 14.45034 0.03552 
 2456783.457192 14.52683 0.03453 
 2456783.476957 14.51273 0.03411 
 2456783.501008 14.49030 0.03586 
 2456783.524998 14.47028 0.03536 
 2456783.546945 14.47993 0.03632 
 2456783.575763 14.47625 0.03705 
 2456783.602170 14.55075 0.03719 
 2456789.438601 14.49835 0.09118 
 2456789.459431 14.56166 0.05403 
 2456789.469802 14.53004 0.05277 
 2456789.484760 14.55961 0.05257 
 2456789.501965 14.49938 0.05164 
 2456789.519307 14.50866 0.05177 
 2456789.536705 14.44101 0.05770 
 2456789.560879 14.50759 0.05438 
 2456789.585127 14.45540 0.05008 
 2456796.451670 14.48343 0.04879 
 2456799.420389 14.54285 0.03500 
 2456799.439896 14.55473 0.03479 
 2456799.466244 14.52387 0.03558 
 2456799.487994 14.46210 0.03803 
 2456799.509908 14.48489 0.03675 
 2456799.529518 14.46983 0.03867 
 2456799.551370 14.45102 0.03874 
 2456799.570789 14.52508 0.03958 
 2456800.412149 14.50238 0.03095 
 2456800.431802 14.47884 0.03173 
 2456800.455843 14.49745 0.03196 
 2456800.479791 14.42743 0.03306 
 2456800.501968 14.52039 0.03368 
 2456800.532770 14.47076 0.03704 
 2456800.559824 14.48511 0.03835 
 2456801.412589 14.48663 0.03293 
 2456801.432031 14.52261 0.03178 
 2456801.456077 14.49814 0.03157 
 2456801.480462 14.48408 0.03309 
 2456801.502383 14.56014 0.03189 
 2456801.545388 14.45249 0.03302 
 2456802.412561 14.45931 0.03261 
 2456802.523120 14.48490 0.03520 
 2456802.549564 14.51458 0.04112 
 2456803.398816 14.50651 0.03371 
 2456803.411206 14.57486 0.03418 
 2456803.430705 14.50448 0.03508 
 2456803.456943 14.51464 0.03490 
 2456803.478705 14.52646 0.03524 
 2456803.500500 14.47997 0.02982 
 2456803.526924 14.49246 0.03519 
 2456803.553269 14.50157 0.04006 
 2456804.407222 14.47068 0.03342 
 2456804.426709 14.49435 0.01799 
 2456804.453055 14.48339 0.02830 
 2456804.474858 14.48790 0.03770 
 2456804.496627 14.41955 0.03365 
 2456805.464236 14.51472 0.03279 
 2456807.471932 14.49806 0.03274 
 2456808.399334 14.49467 0.03472 
 2456808.418613 14.49233 0.03435 
 2456808.444792 14.45997 0.03726 
 2456808.466466 14.52176 0.03583 
 2456808.491217 14.53708 0.03495 
 2456808.517325 14.50112 0.03450 
 2456808.543528 14.49260 0.03897 
 2456809.390760 14.45072 0.03338 
 2456809.410168 14.47216 0.03689 
 2456815.366666 14.47806 0.03633 
 2456815.391745 14.48731 0.03612 
 2456815.412385 14.44266 0.03596 
 2456815.433935 14.46945 0.03545 
 2456815.453507 14.48197 0.03568 
 2456815.473097 14.45683 0.03506 
 2456815.499485 14.50148 0.03269 
 2456815.525812 14.47256 0.03533 
 2456816.364249 14.55382 0.04254 
 2456816.374540 14.51902 0.04216 
 2456816.384886 14.47763 0.03936 
 2456816.395222 14.48864 0.04401 
 2456816.410138 14.49670 0.04044 
 2456816.444506 14.49612 0.04634 
 2456816.461855 14.49967 0.04262 
 2456816.510218 14.39909 0.04712 
 2456825.338237 14.53827 0.03928 
 2456825.350529 14.49274 0.04110 
 2456825.378575 14.46323 0.04395 
 2456825.395643 14.49566 0.04523 
 2456826.497328 14.55207 0.04853 
 2456828.472874 14.48458 0.03660 
 2456830.330384 14.49890 0.03454 
 2456830.349947 14.47373 0.03409 
 2456830.373958 14.50968 0.03457 
 2456830.397914 14.47729 0.03511 
 2456830.419720 14.52614 0.03633 
 2456830.448515 14.52538 0.03701 
 2456830.475968 14.47572 0.03857 
 2456831.327339 14.50043 0.03582 
 2456831.346757 14.47435 0.03487 
 2456831.370809 14.48072 0.03472 
 2456831.394728 14.56880 0.03439 
 2456831.416644 14.50286 0.03457 
 2456831.445455 14.49885 0.03565 
 2456831.471795 14.47182 0.03587 
 2456832.335444 14.48978 0.03718 
 2456832.354874 14.48912 0.03782 
 2456832.381193 14.52865 0.03858 
 2456832.403049 14.42836 0.04018 
 2456832.424937 14.51225 0.04010 
 2456832.451325 14.50548 0.03762 
 2456833.325807 14.45850 0.03613 
 2456833.345299 14.44184 0.03595 
 2456833.369361 14.47838 0.03656 
 2456833.393703 14.56229 0.03468 
 2456833.415705 14.49154 0.03435 
 2456833.442145 14.51227 0.03380 
 2456833.468645 14.45893 0.03470 
 2456837.308746 14.44779 0.03583 
 2456837.328195 14.51657 0.03543 
 2456837.352335 14.48957 0.03445 
 2456837.376308 14.51947 0.03488 
 2456837.398261 14.55808 0.03334 
 2456837.422426 14.53779 0.03351 
 2456837.452039 14.60317 0.03451 
 2456839.315806 14.48860 0.03532 
 2456839.335498 14.52275 0.03446 
 2456839.362097 14.55780 0.03490 
 2456839.384073 14.49387 0.03430 
 2456839.406022 14.49588 0.03247 
 2456839.458947 14.53829 0.03007 
 2456841.397919 14.52525 0.03288 
 2456841.424485 14.45551 0.03429 
 2456841.450965 14.50468 0.03399 
 2456842.303785 14.49755 0.03358 
 2456842.318729 14.50650 0.03451 
 2456842.338188 14.51825 0.03488 
 2456842.359851 14.51254 0.03207 
 2456842.379521 14.44340 0.03223 
 2456842.399229 14.49907 0.03243 
 2456842.425648 14.46774 0.03299 
 2456843.300111 14.49796 0.03635 
 2456843.312747 14.48653 0.03657 
 2456852.267067 14.52336 0.06022 
 2456852.403177 14.52537 0.06057 
 2456852.414925 14.47015 0.06268 
 2456852.424445 14.53544 0.06366 
 2456853.262628 14.50950 0.03690 
 2456853.275064 14.50341 0.04226 
 2456853.343182 14.49404 0.05169 
 2456853.365969 14.44833 0.05198 
 2456853.385635 14.47379 0.05383 
 2456853.406371 14.53597 0.08587 
 2456853.426041 14.48458 0.05679 
 2456854.273614 14.45833 0.03846 
 2456854.293178 14.45819 0.03767 
 2456854.331711 14.45643 0.04541 
 2456854.353889 14.47826 0.04655 
 2456854.378310 14.53384 0.06084 
 2456855.318089 14.47740 0.02976 
 2456855.340009 14.49348 0.03459 
 2456859.260150 14.49945 0.03643 
 2456859.279748 14.46840 0.03692 
 2456859.318109 14.48236 0.03727 
 2456859.340077 14.49391 0.03631 
 2456859.368992 14.46486 0.03694 
 2456859.395569 14.45455 0.03674 
 2456860.253765 14.52753 0.04049 
 2456860.273415 14.52239 0.03713 
 2456860.299857 14.55030 0.03906 
 2456860.321880 14.59062 0.03792 
 2456860.343865 14.55388 0.03757 
 2456860.370319 14.54960 0.03699 
 2456860.394487 14.48709 0.03637 
 2456861.272708 14.42627 0.03287 
 2456861.299149 14.45513 0.03555 
 2456861.321156 14.55475 0.03393 
 2456861.346252 14.47010 0.03623 
 2456861.372799 14.54549 0.03673 
 2456861.399444 14.53556 0.03617 
 2456862.245294 14.50925 0.03981 
 2456862.264898 14.53230 0.03441 
 2456862.289058 14.51907 0.03419 
 2456862.310965 14.44333 0.03423 
 2456862.332912 14.49166 0.03512 
 2456862.361839 14.46624 0.03606 
 2456862.388454 14.49486 0.05027 
 2456863.245153 14.50774 0.03535 
 2456863.264731 14.51044 0.03548 
 2456863.291147 14.48719 0.03616 
 2456863.313177 14.45745 0.03583 
 2456863.335218 14.54047 0.03613 
 2456863.361815 14.49125 0.03589 
 2456866.288138 14.45679 0.03333 
 2456866.310329 14.54716 0.03403 
 2456866.332460 14.51434 0.03423 
 2456866.359108 14.51994 0.03411 
 2456866.385700 14.47135 0.03406 
 2456867.304554 14.52338 0.03354 
 2456867.329751 14.53796 0.03382 
 2456867.356356 14.43243 0.03445 
 2456867.382987 14.47799 0.03474 
 2456868.243029 14.50791 0.03465 
 2456868.262713 14.51019 0.03534 
 2456868.286878 14.50931 0.03550 
 2456868.308935 14.47427 0.03594 
 2456868.333163 14.49405 0.03587 
 2456868.362008 14.48329 0.03660 
 2456869.240369 14.51301 0.03354 
 2456869.255446 14.44506 0.03276 
 2456869.277346 14.48528 0.03239 
 2456869.297080 14.49027 0.03224 
 2456869.316912 14.49508 0.03235 
 2456869.357954 14.50369 0.03258 
 2456869.384514 14.48848 0.03311 
 2456870.270734 14.47805 0.03270 
 2456870.293892 14.47614 0.03463 
 2456870.313729 14.49555 0.03276 
 2456871.260666 14.53185 0.03957 
 2456871.371150 14.50749 0.04459 
 2456877.230120 14.45312 0.06212 
 2456877.239923 14.48933 0.06151 
 2456877.247333 14.47304 0.06146 
 2456877.254849 14.54769 0.06084 
 2456877.262165 14.58584 0.06099 
 2456877.269522 14.47016 0.06165 
 2456877.274622 14.47760 0.06205 
 2456877.279746 14.50014 0.06240 
 2456877.284780 14.44366 0.06352 
 2456877.289927 14.50442 0.06364 
 2456877.297647 14.53500 0.06446 
 2456877.305398 14.53682 0.06451 
 2456877.310873 14.51454 0.06470 
 2456877.316394 14.50751 0.06653 
 2456877.321918 14.49657 0.06815 
 2456877.327548 14.53249 0.06572 
 2456877.333077 14.48586 0.06684 
 2456881.257940 14.47818 0.05746 
 2456881.327504 14.48298 0.06350 
 2456881.347400 14.52060 0.06402 
 2456882.245835 14.57260 0.02834 
 2456884.257377 14.51474 0.03582 
 2456884.279505 14.53722 0.03913 
 2456884.306143 14.49917 0.03760 
 2456884.332855 14.46062 0.03650 
 2456885.257982 14.55277 0.03796 
 2456885.293900 14.49656 0.03839 
 2456885.320555 14.51838 0.03884 
 2456886.258357 14.50457 0.03406 
 2456886.282637 14.51269 0.03369 
 2456886.311438 14.50813 0.03377 
 2456886.338023 14.42454 0.03479 
 2456887.322007 14.52383 0.03493 
 2456889.254252 14.52997 0.03833 
 2456889.278496 14.54043 0.03977 
 2456889.308160 14.49697 0.03948 
 2456892.254696 14.53025 0.04270 
 2456892.281351 14.45133 0.04359 
 2456892.308004 14.47736 0.04205 
 2456893.245750 14.47423 0.04033 
 2456893.272436 14.44703 0.04182 
 2456893.299055 14.50990 0.04186 
 2456894.257669 14.51289 0.03784 
 2456894.284348 14.46793 0.03930 
 2456894.311085 14.49205 0.03922 
 2456895.254521 14.50357 0.03904 
 2456895.281188 14.50072 0.03876 
 2456895.307807 14.53228 0.03875 
 2456896.257229 14.46471 0.03851 
 2456896.286228 14.51507 0.03738 
 2456905.238469 14.46835 0.06436 
 2456905.243486 14.46383 0.06312 
 2456905.248465 14.50564 0.06287 
 2456905.253445 14.55265 0.06387 
 2456905.258561 14.44476 0.06326 
 2456905.263522 14.43044 0.06284 
 2456905.268554 14.51243 0.06235 
 2456905.273537 14.50641 0.06254 
 2456905.276117 14.48883 0.06290 
 2456905.278757 14.48152 0.06340 
 2456905.281337 14.50459 0.06293 
 2456905.286487 14.51345 0.06411 
 2456907.243948 14.46811 0.06211 
 2456908.256407 14.51398 0.06212 
 2456908.275977 14.49272 0.06493 
 2456909.258260 14.45020 0.07240 
 2456910.265680 14.46046 0.06461 
 2456911.266312 14.46451 0.05010 
 2456912.263397 14.47050 0.03895 
 2457084.629076 14.52317 0.03780 
 2457084.642373 14.46755 0.04473 
 2457087.648337 14.59898 0.07338 
 2457089.607193 14.56575 0.05800 
 2457089.622363 14.38813 0.06111 
 2457089.632762 14.46288 0.06091 
 2457089.635124 14.47522 0.06136 
 2457089.637521 14.41312 0.06063 
 2457089.639975 14.51044 0.06075 
 2457089.642326 14.50602 0.06195 
 2457089.644649 14.48331 0.06269 
 2457097.588772 14.51885 0.03557 
 2457097.596810 14.46882 0.03668 
 2457097.608791 14.45820 0.03752 
 2457097.620870 14.47519 0.03663 
 2457097.632851 14.50813 0.03760 
 2457097.642182 14.54138 0.03740 
 2457097.651508 14.48506 0.04522 
 2457101.574969 14.54973 0.03417 
 2457101.587400 14.52153 0.03565 
 2457101.606995 14.51671 0.03545 
 2457101.631143 14.49523 0.03491 
 2457101.640494 14.52485 0.03542 
 2457101.649835 14.50358 0.03859 
 2457103.571470 14.49368 0.03575 
 2457103.583883 14.48784 0.03848 
 2457103.612617 14.52306 0.14098 
 2457106.581099 14.51518 0.03658 
 2457106.600713 14.47782 0.03703 
 2457106.627163 14.52131 0.03677 
 2457106.649139 14.47171 0.03717 
 2457110.553205 14.43028 0.03439 
 2457110.565611 14.47337 0.03548 
 2457110.585443 14.50140 0.03560 
 2457110.609657 14.45326 0.03730 
 2457110.634134 14.51619 0.03880 
 2457110.645667 14.53529 0.03973 
 2457110.657195 14.55171 0.04847 
 2457111.572267 14.53205 0.04327 
 2457111.591889 14.45575 0.04280 
 2457111.618328 14.50246 0.04440 
 2457111.640410 14.60379 0.04364 
 2457111.651905 14.40438 0.04560 
 2457112.554367 14.49454 0.04168 
 2457112.602141 14.53413 0.04438 
 2457113.574598 14.51292 0.04342 
 2457113.596498 14.53162 0.03827 
 2457113.620794 14.44455 0.03815 
 2457113.642944 14.51233 0.03816 
 2457113.656979 14.51236 0.04397 
 2457124.517840 14.49538 0.04057 
 2457124.525951 14.43525 0.04290 
 2457124.538158 14.47250 0.04271 
 2457124.550335 14.48175 0.04309 
 2457124.562639 14.51040 0.04315 
 2457124.572532 14.49197 0.04316 
 2457124.582458 14.50601 0.04356 
 2457124.592255 14.52989 0.04375 
 2457124.599673 14.47665 0.04412 
 2457124.607165 14.47146 0.04429 
 2457124.614533 14.48454 0.04415 
 2457124.621935 14.49079 0.04399 
 2457124.627160 14.50856 0.04420 
 2457124.632475 14.53930 0.04471 
 2457124.637702 14.48955 0.04512 
 2457124.642913 14.53077 0.04485 
 2457124.648105 14.50254 0.04458 
 2457124.652921 14.50947 0.04550 
 2457124.657745 14.53899 0.04637 
 2457124.662511 14.49327 0.05185 
 2457125.512982 14.54962 0.03798 
 2457125.525461 14.50055 0.03858 
 2457125.545129 14.47619 0.04156 
 2457125.564823 14.52625 0.04191 
 2457125.582130 14.48213 0.04196 
 2457125.597401 14.48310 0.04212 
 2457125.611648 14.55980 0.04286 
 2457125.625848 14.56237 0.04309 
 2457125.637735 14.49192 0.04510 
 2457125.649748 14.48314 0.04361 
 2457125.661313 14.45024 0.04730 
 2457126.527286 14.49331 0.03558 
 2457126.547038 14.52308 0.03693 
 2457126.566736 14.51419 0.03749 
 2457126.584185 14.46793 0.13437 
 2457126.614001 14.51725 0.03513 
 2457126.625979 14.45694 0.04766 
 2457126.638008 14.48332 0.03880 
 2457126.649958 14.54883 0.04254 
 2457126.661575 14.49691 0.04587 
 2457131.550647 14.46542 0.03930 
 2457131.572639 14.48944 0.04010 
 2457131.594810 14.55219 0.04103 
 2457131.623819 14.50658 0.04209 
 2457131.651666 14.54553 0.04336 
 2457131.665721 14.47403 0.04897 
 2457133.490547 14.49336 0.03505 
 2457133.503019 14.46869 0.03795 
 2457133.522733 14.56123 0.03778 
 2457133.546941 14.47548 0.03909 
 2457134.485772 14.48437 0.03327 
 2457134.498275 14.50222 0.03557 
 2457134.517993 14.52942 0.03608 
 2457134.542297 14.43772 0.03742 
 2457134.566514 14.46796 0.03762 
 2457134.589366 14.51089 0.03760 
 2457134.618307 14.54047 0.03815 
 2457134.644861 14.62915 0.03846 
 2457134.658866 14.55180 0.03961 
 2457135.504640 14.48311 0.03822 
 2457135.524360 14.49798 0.03978 
 2457136.646208 14.47330 0.03786 
 2457137.494805 14.49679 0.04050 
 2457137.564260 14.48693 0.04056 
 2457137.609287 14.44024 0.04142 
 2457137.635915 14.50219 0.03816 
 2457138.491996 14.48455 0.03599 
 2457138.511858 14.51223 0.03648 
 2457138.538521 14.55704 0.03771 
 2457138.560628 14.49006 0.03867 
 2457138.583522 14.43950 0.03897 
 2457138.610128 14.47948 0.04058 
 2457138.636846 14.53767 0.04045 
 2457139.474259 14.46655 0.04040 
 2457139.530867 14.50644 0.03881 
 2457139.555289 14.47852 0.03733 
 2457139.578176 14.44706 0.03849 
 2457139.604839 14.55898 0.03994 
 2457139.631448 14.49279 0.03958 
 2457140.487940 14.53233 0.03720 
 2457140.507608 14.47429 0.03680 
 2457140.534154 14.53046 0.03892 
 2457140.556305 14.40776 0.03622 
 2457140.581409 14.47588 0.04204 
 2457140.607924 14.59568 0.04326 
 2457143.466379 14.55863 0.05203 
 2457143.476599 14.45726 0.05432 
 2457143.489489 14.48872 0.05508 
 2457143.502373 14.43614 0.05392 
 2457143.532014 14.54120 0.05458 
 2457143.549606 14.45709 0.05469 
 2457143.582241 14.56036 0.05223 
 2457143.609014 14.50387 0.04265 
 2457143.633452 14.46560 0.04234 
 2457151.442938 14.45302 0.04922 
 2457151.462939 14.49892 0.05155 
 2457151.474803 14.57689 0.05224 
 2457151.486737 14.51081 0.05175 
 2457151.496310 14.48252 0.06849 
 2457151.505891 14.50403 0.05543 
 2457151.515417 14.53991 0.05921 
 2457151.529748 14.51682 0.05453 
 2457151.536906 14.46219 0.05479 
 2457151.544111 14.46248 0.05706 
 2457151.551357 14.46660 0.06402 
 2457152.451427 14.47906 0.04182 
 2457152.468530 14.43019 0.04199 
 2457152.497243 14.47320 0.04384 
 2457152.511946 14.51731 0.04404 
 2457152.523599 14.52349 0.04522 
 2457152.535253 14.46296 0.04577 
 2457152.559695 14.51156 0.04721 
 2457155.449109 14.50648 0.03782 
 2457155.485333 14.54598 0.03882 
 2457155.509204 14.53475 0.04079 
 2457155.543846 14.47210 0.04279 
 2457155.565793 14.52826 0.04226 
 2457155.587523 14.51484 0.04390 
 2457156.442702 14.45868 0.04111 
 2457156.478752 14.54946 0.03707 
 2457156.502661 14.57444 0.03769 
 2457156.536405 14.42667 0.05862 
 2457156.562820 14.57144 0.04325 
 2457156.589156 14.47245 0.04069 
 2457159.425806 14.51371 0.03715 
 2457159.442965 14.47875 0.03367 
 2457159.464894 14.47470 0.03378 
 2457159.488898 14.47704 0.03389 
 2457159.529228 14.47784 0.03486 
 2457159.555598 14.52230 0.03475 
 2457160.436469 14.54204 0.03459 
 2457160.456031 14.59219 0.03293 
 2457160.490759 14.50200 0.03412 
 2457160.512849 14.47824 0.03574 
 2457160.545487 14.46720 0.03559 
 2457160.571931 14.43655 0.03895 
 2457161.420293 14.48651 0.03470 
 2457161.461321 14.50097 0.03221 
 2457161.485486 14.48099 0.03430 
 2457161.507475 14.53534 0.03469 
 2457161.531630 14.47578 0.03551 
 2457161.570600 14.51424 0.03828 
 2457162.468549 14.53734 0.04042 
 2457162.577845 14.49600 0.03488 
 2457163.416055 14.43904 0.03356 
 2457163.435608 14.48772 0.03540 
 2457163.459645 14.50426 0.03265 
 2457163.493243 14.46243 0.03510 
 2457163.545313 14.50110 0.02339 
 2457164.404208 14.49911 0.03456 
 2457164.417184 14.55854 0.03566 
 2457165.407786 14.54924 0.03290 
 2457165.421014 14.50834 0.03384 
 2457165.440516 14.45593 0.03380 
 2457165.542264 14.48616 0.03568 
 2457165.568763 14.49398 0.03600 
 2457167.406657 14.48902 0.03097 
 2457167.476122 14.51042 0.04590 
 2457167.498986 14.50496 0.03013 
 2457167.527745 14.43883 0.07270 
 2457168.420200 14.54411 0.03491 
 2457168.455915 14.46975 0.03378 
 2457168.477896 14.44980 0.03416 
 2457168.513789 14.47701 0.03405 
 2457168.543266 14.54598 0.03436 
 2457169.514611 14.51400 0.03452 
 2457170.385685 14.44092 0.04003 
 2457170.398041 14.52245 0.04144 
 2457170.410830 14.53204 0.04179 
 2457170.454538 14.50114 0.04063 
 2457170.474191 14.47186 0.04059 
 2457170.508180 14.49851 0.03741 
 2457170.546371 14.54527 0.03441 
 2457171.382863 14.52180 0.04400 
 2457171.402919 14.49470 0.04668 
 2457171.413388 14.49938 0.04561 
 2457171.423872 14.48805 0.04781 
 2457171.438940 14.54464 0.04685 
 2457171.456304 14.50250 0.05148 
 2457171.473810 14.45100 0.04657 
 2457171.505589 14.52262 0.06798 
 2457171.541830 14.52749 0.04430 
 2457180.367421 14.51153 0.04260 
 2457180.380634 14.56713 0.04322 
 2457180.400081 14.53680 0.04263 
 2457180.419593 14.56915 0.04330 
 2457180.436733 14.55014 0.04391 
 2457180.451765 14.57312 0.04422 
 2457180.465900 14.55233 0.04479 
 2457180.477564 14.56225 0.04529 
 2457180.501766 14.48972 0.04466 
 2457180.513467 14.56021 0.04593 
 2457180.525160 14.51977 0.04593 
 2457181.358708 14.49148 0.03192 
 2457181.371011 14.54762 0.03494 
 2457181.390560 14.49745 0.03713 
 2457181.412264 14.51207 0.03999 
 2457181.433993 14.47968 0.04016 
 2457181.455074 14.47267 0.04161 
 2457181.473499 14.41074 0.04160 
 2457181.491812 14.45554 0.04137 
 2457181.509469 14.45517 0.04315 
 2457181.526018 14.49629 0.04229 
 2457182.356268 14.56680 0.03208 
 2457182.368637 14.43202 0.03282 
 2457182.388168 14.51222 0.03187 
 2457182.412258 14.45964 0.04189 
 2457182.434014 14.47397 0.03704 
 2457182.455915 14.43522 0.03822 
 2457182.490649 14.52897 0.03892 
 2457182.510328 14.47738 0.03946 
 2457183.358186 14.47662 0.03203 
 2457183.383168 14.48781 0.03376 
 2457183.412437 14.47156 0.03469 
 2457183.437429 14.49050 0.03397 
 2457183.460123 14.40383 0.03610 
 2457185.345069 14.51394 0.03224 
 2457185.357422 14.55378 0.03294 
 2457185.409679 14.48934 0.03290 
 2457185.444131 14.45940 0.03351 
 2457185.468306 14.49402 0.03382 
 2457185.497921 14.50248 0.03415 
 2457186.362342 14.48466 0.03530 
 2457186.381879 14.50264 0.03563 
 2457186.408250 14.46417 0.03431 
 2457186.430123 14.41544 0.03499 
 2457186.455116 14.48797 0.03613 
 2457186.481629 14.40064 0.03785 
 2457186.508063 14.53172 0.03815 
 2457187.371813 14.50095 0.03820 
 2457187.493739 14.56575 0.04044 
 2457188.350769 14.48603 0.03723 
 2457188.373248 14.49228 0.03787 
 2457188.401173 14.52835 0.03897 
 2457188.424540 14.52473 0.03967 
 2457188.450571 14.46510 0.03854 
 2457188.479662 14.51770 0.03915 
 2457188.507660 14.51107 0.03822 
 2457191.343641 14.51700 0.03364 
 2457191.363059 14.53011 0.03403 
 2457191.387030 14.47445 0.03351 
 2457191.410908 14.51177 0.03341 
 2457191.433605 14.46578 0.03355 
 2457191.462313 14.47080 0.03395 
 2457191.488639 14.47691 0.03536 
 2457192.344576 14.58723 0.03326 
 2457192.364008 14.48170 0.03247 
 2457192.390252 14.59201 0.03326 
 2457192.412053 14.49831 0.03414 
 2457192.491153 14.50575 0.03295 
 2457193.334026 14.47972 0.03368 
 2457193.353476 14.47061 0.03280 
 2457193.377385 14.54462 0.03279 
 2457193.411184 14.46802 0.03323 
 2457193.436060 14.47454 0.03220 
 2457193.462359 14.52134 0.03422 
 2457193.488701 14.47431 0.03528 
 2457194.320900 14.49141 0.03323 
 2457194.333181 14.48972 0.03414 
 2457194.352594 14.46216 0.03472 
 2457194.376525 14.50194 0.03518 
 2457194.400323 14.52108 0.03445 
 2457194.422108 14.53509 0.03622 
 2457194.450755 14.49328 0.03686 
 2457194.477115 14.45643 0.03708 
 2457195.325591 14.52613 0.03777 
 2457195.338690 14.45993 0.03634 
 2457195.355726 14.47624 0.03633 
 2457195.377339 14.49575 0.03642 
 2457195.401435 14.47116 0.03640 
 2457195.423980 14.45318 0.03749 
 2457195.452603 14.50341 0.03686 
 2457195.478949 14.54081 0.03663 
 2457196.338944 14.47205 0.04001 
 2457196.356023 14.52089 0.03890 
 2457196.379933 14.52348 0.03786 
 2457196.401774 14.54550 0.03672 
 2457196.424391 14.45452 0.03755 
 2457196.450791 14.56395 0.03675 
 2457196.477165 14.54092 0.03781 
 2457197.319098 14.56305 0.03745 
 2457197.332280 14.49369 0.03817 
 2457197.347113 14.43951 0.03817 
 2457197.366564 14.52897 0.03835 
 2457197.388215 14.47707 0.03850 
 2457197.407745 14.50340 0.03699 
 2457197.427261 14.48649 0.03682 
 2457197.453618 14.43491 0.03705 
 2457197.479954 14.49629 0.03619 
 2457205.301917 14.51798 0.08472 
 2457205.311497 14.43049 0.08213 
 2457205.321150 14.48057 0.08316 
 2457205.330745 14.48101 0.08415 
 2457205.340390 14.47545 0.08475 
 2457205.347733 14.54484 0.08303 
 2457205.354948 14.46296 0.08415 
 2457205.362142 14.47218 0.08379 
 2457205.369391 14.59395 0.08452 
 2457205.374339 14.48269 0.08309 
 2457205.388433 14.56894 0.08331 
 2457205.393411 14.54745 0.08440 
 2457205.403249 14.51026 0.08404 
 2457205.408399 14.52355 0.08333 
 2457205.411129 14.57379 0.08386 
 2457205.413712 14.49347 0.08418 
 2457205.416320 14.53327 0.08486 
 2457205.418864 14.58970 0.08347 
 2457205.421565 14.51309 0.08446 
 2457205.424208 14.44174 0.08587 
 2457205.429359 14.55209 0.08545 
 2457205.432059 14.45239 0.08727 
 2457205.434638 14.51917 0.08742 
 2457205.437260 14.56633 0.09003 
 2457205.439800 14.53917 0.09109 
 2457205.442528 14.47314 0.08829 
 2457205.445126 14.56097 0.08724 
 2457205.447761 14.42020 0.08862 
 2457205.450310 14.49615 0.08837 
 2457205.453048 14.39875 0.08612 
 2457205.455699 14.40374 0.08855 
 2457205.458321 14.51746 0.08500 
 2457205.463593 14.56030 0.08673 
 2457206.289398 14.42560 0.07222 
 2457206.297366 14.57815 0.07541 
 2457206.309312 14.44226 0.07543 
 2457206.321175 14.54376 0.07553 
 2457206.333028 14.43661 0.07614 
 2457206.344967 14.53538 0.07645 
 2457206.354636 14.51223 0.07808 
 2457206.364152 14.52732 0.07664 
 2457206.371308 14.50712 0.07654 
 2457206.378433 14.52683 0.07620 
 2457206.385637 14.43130 0.07676 
 2457206.392830 14.45947 0.07623 
 2457206.400008 14.54647 0.07604 
 2457206.409870 14.49689 0.07767 
 2457206.414941 14.53743 0.07673 
 2457206.419857 14.45463 0.07587 
 2457206.424830 14.50732 0.07627 
 2457206.429824 14.49903 0.07509 
 2457206.434761 14.55458 0.07410 
 2457206.444592 14.53326 0.07636 
 2457206.449656 14.53711 0.07867 
 2457206.452255 14.46031 0.07886 
 2457206.454802 14.47128 0.07787 
 2457206.459996 14.45868 0.07829 
 2457207.307762 14.54661 0.06021 
 2457207.327184 14.42080 0.06203 
 2457207.346716 14.50010 0.06207 
 2457207.363883 14.51145 0.06303 
 2457207.378924 14.49651 0.06311 
 2457207.392986 14.49081 0.06355 
 2457207.404682 14.41933 0.06568 
 2457207.416355 14.53766 0.06530 
 2457207.428059 14.40893 0.06516 
 2457207.439735 14.48168 0.06305 
 2457207.451610 14.44341 0.06371 
 2457208.372234 14.46791 0.05674 
 2457208.418720 14.50361 0.06907 
 2457209.288316 14.49135 0.03736 
 2457209.305471 14.51952 0.03435 
 2457209.324933 14.48365 0.03843 
 2457209.348912 14.47686 0.04287 
 2457209.370838 14.48405 0.04499 
 2457209.393475 14.52945 0.04577 
 2457209.413174 14.48197 0.04729 
 2457209.432726 14.46761 0.04944 
 2457209.452218 14.49244 0.04927 
 2457210.307298 14.43761 0.03851 
 2457210.331448 14.49932 0.03821 
 2457210.355412 14.50187 0.04439 
 2457210.389881 14.46389 0.04275 
 2457210.416253 14.55511 0.04448 
 2457210.442695 14.51340 0.04271 
 2457211.390383 14.47961 0.03532 
 2457211.416680 14.48900 0.03824 
 2457211.443119 14.50644 0.04272 
 2457212.309797 14.50644 0.03383 
 2457212.336075 14.51193 0.03708 
 2457214.300952 14.47242 0.03275 
 2457214.333735 14.55297 0.03120 
 2457214.355554 14.44379 0.03526 
 2457216.264784 14.52161 0.03766 
 2457216.277116 14.46135 0.04034 
 2457216.296585 14.45118 0.03859 
 2457216.320610 14.46039 0.03673 
 2457216.344795 14.53161 0.04231 
 2457216.367496 14.50772 0.03808 
 2457216.394537 14.48311 0.03815 
 2457217.281309 14.55044 0.03441 
 2457217.321346 14.53666 0.05577 
 2457217.363183 14.52734 0.03528 
 2457218.259326 14.46049 0.03442 
 2457218.271699 14.50128 0.03451 
 2457218.291311 14.50364 0.03441 
 2457218.315329 14.54074 0.03428 
 2457218.339479 14.52352 0.03438 
 2457218.362128 14.49369 0.03442 
 2457218.388454 14.51539 0.03402 
 2457218.414927 14.50522 0.03315 
 2457219.274059 14.48982 0.03568 
 2457219.293551 14.52726 0.03408 
 2457219.319934 14.44945 0.03310 
 2457219.341857 14.45551 0.03260 
 2457219.366843 14.49357 0.03215 
 2457219.393294 14.47575 0.03221 
 2457219.419715 14.49081 0.03221 
 2457221.250855 14.47865 0.03242 
 2457222.245702 14.45387 0.03389 
 2457222.258118 14.48327 0.03537 
 2457222.277608 14.51974 0.03645 
 2457226.243139 14.54746 0.04157 
 2457226.253656 14.42879 0.04007 
 2457235.239099 14.49603 0.05946 
 2457235.258714 14.44526 0.06023 
 2457235.275969 14.45768 0.06150 
 2457235.293201 14.53728 0.06267 
 2457235.308322 14.40485 0.06250 
 2457235.320063 14.50945 0.06368 
 2457235.331915 14.48839 0.06395 
 2457235.343877 14.49331 0.06501 
 2457235.355729 14.45860 0.06643 
 2457235.367569 14.45602 0.06771 
 2457235.377191 14.45770 0.06821 
 2457236.239119 14.56021 0.03992 
 2457236.263272 14.44820 0.04586 
 2457236.287320 14.54036 0.05191 
 2457236.309225 14.44549 0.05225 
 2457236.331269 14.49411 0.05383 
 2457236.353284 14.53282 0.05644 
 2457236.372878 14.55293 0.06220 
 2457237.240151 14.52325 0.03371 
 2457237.266615 14.52208 0.03186 
 2457237.291664 14.48486 0.04889 
 2457237.316729 14.43198 0.05180 
 2457237.338707 14.48012 0.04731 
 2457237.360530 14.54137 0.05851 
 2457238.242174 14.54010 0.03595 
 2457238.268617 14.45895 0.03580 
 2457238.290698 14.52124 0.03724 
 2457238.318010 14.47585 0.03804 
 2457238.344579 14.50022 0.04411 
 2457238.371196 14.46799 0.04714 
 2457240.244350 14.52180 0.03383 
 2457240.268446 14.48555 0.03394 
 2457240.290589 14.51974 0.03457 
 2457240.314776 14.47146 0.03037 
 2457240.343676 14.51257 0.03587 
 2457241.247869 14.52058 0.03398 
 2457241.271971 14.49153 0.03384 
 2457241.294022 14.44323 0.03353 
 2457241.322893 14.58846 0.03333 
 2457241.349332 14.56527 0.03369 
 2457242.247176 14.49976 0.03385 
 2457242.271326 14.50073 0.03366 
 2457242.293294 14.56265 0.03403 
 2457242.322090 14.49953 0.03376 
 2457242.348607 14.54273 0.03717 
 2457243.251802 14.52665 0.03540 
 2457243.285241 14.46496 0.03511 
 2457243.309537 14.50625 0.03482 
 2457243.339181 14.51196 0.03363 
 2457244.255295 14.47872 0.03230 
 2457244.277354 14.52289 0.03261 
 2457244.299406 14.47763 0.03193 
 2457244.325922 14.51533 0.03068 
 2457244.352472 14.46414 0.03125 
 2457245.261727 14.50435 0.03164 
 2457245.285733 14.53489 0.03110 
 2457245.314609 14.49863 0.03052 
 2457245.341204 14.56601 0.03060 
 2457246.246037 14.48793 0.03018 
 2457246.268156 14.48523 0.03003 
 2457246.293238 14.46558 0.02959 
 2457247.317433 14.49521 0.03158 
 2457247.344000 14.48689 0.03144 
 2457250.256853 14.52831 0.03110 
 2457250.281942 14.49651 0.03080 
 2457250.308531 14.48716 0.02946 
 2457251.258421 14.49811 0.03264 
 2457251.278319 14.48987 0.03208 
 2457251.304915 14.49342 0.03197 
 2457251.331565 14.50306 0.03398 
 2457254.254875 14.50383 0.03751 
 2457264.249855 14.50978 0.04047 
 2457268.270668 14.49824 0.03580 
 2457269.269588 14.53099 0.03545 
 2457270.267903 14.48997 0.03113 
 2457271.264991 14.44799 0.03266 
 2457272.267537 14.51745 0.03354 
 2457274.256860 14.39547 0.03975 
 2457277.264485 14.57524 0.03431 
