\INPUT_FILE = /stage/nexsci-exo-data-prep/ETSS-prep/KELT/s35/raw/KELT_S35_lc_006889_V01_west_tfa.dat
\INPUT_TYPE = "RAW"
\START_DATE = "Fri May 10, 17:31:41 2013"               
\STOP_DATE = "Thu Jun 01, 16:57:54 2017"               
\fixlen = T
\NUMRECORDS = 1289     
\
\ This file was produced by the NASA Exoplanet Archive  http://exoplanetarchive.ipac.caltech.edu 
\ Mon Oct 28, 15:55:53 2019
\ Documentation for the KELT Survey dataset can be found at http://exoplanetarchive.ipac.caltech.edu/docs/KELT.html
\
|          TIME|     MAG|MAG_ERR|
|          real|    real|   real|
|             d|     mag|    mag|
|          null|    null|   null|
 2456423.230346 11.90654 0.00473 
 2456423.244392 11.89107 0.00468 
 2456423.260748 11.90916 0.00456 
 2456423.274800 11.90508 0.00461 
 2456425.229079 11.89751 0.00470 
 2456425.243153 11.88568 0.00426 
 2456425.259498 11.89459 0.00454 
 2456431.217607 11.89946 0.00522 
 2456431.224871 11.90165 0.00523 
 2456431.232139 11.90155 0.00537 
 2456431.239753 11.89942 0.00538 
 2456431.247022 11.89128 0.00536 
 2456433.224962 11.90243 0.00571 
 2456433.229656 11.90979 0.00576 
 2456433.234314 11.90933 0.00580 
 2456433.238930 11.88674 0.00588 
 2456434.216598 11.89761 0.00587 
 2456436.218635 11.90998 0.00611 
 2456436.227778 11.88753 0.00612 
 2456436.236824 11.88606 0.00629 
 2456632.567226 11.88945 0.00470 
 2456632.582864 11.90205 0.00475 
 2456639.577157 11.89503 0.00458 
 2456639.588328 11.89016 0.00464 
 2456642.588221 11.89865 0.00606 
 2456652.518863 11.91146 0.00493 
 2456654.507840 11.88834 0.00455 
 2456654.533519 11.88897 0.00457 
 2456654.552577 11.90024 0.00458 
 2456654.571575 11.90057 0.00461 
 2456654.584903 11.89449 0.00473 
 2456657.530342 11.90046 0.00417 
 2456657.554670 11.90319 0.00424 
 2456657.579047 11.89636 0.00430 
 2456657.588521 11.89965 0.00438 
 2456658.488507 11.89324 0.00433 
 2456658.515045 11.89367 0.00433 
 2456658.586261 11.89658 0.00443 
 2456659.499983 11.89244 0.00459 
 2456659.524324 11.89284 0.00466 
 2456659.548640 11.89806 0.00453 
 2456659.572732 11.89987 0.00444 
 2456659.582134 11.90357 0.00448 
 2456659.589182 11.89728 0.00460 
 2456660.492124 11.86801 0.00451 
 2456660.518575 11.89780 0.00445 
 2456660.542925 11.89987 0.00440 
 2456660.567097 11.87565 0.00454 
 2456660.588893 11.90036 0.00457 
 2456660.595975 11.89344 0.00472 
 2456669.486405 12.01597 0.00482 
 2456669.508121 11.96516 0.00479 
 2456669.533315 11.91167 0.00434 
 2456669.554803 11.90681 0.00425 
 2456669.574087 11.90928 0.00433 
 2456669.592245 11.89605 0.00440 
 2456670.452058 11.88497 0.00545 
 2456670.468829 11.89153 0.00537 
 2456670.485804 11.88728 0.00533 
 2456670.502818 11.90281 0.00524 
 2456677.444236 11.87998 0.00528 
 2456677.461333 11.89269 0.00531 
 2456677.473771 11.88817 0.00531 
 2456677.486010 11.89765 0.00534 
 2456677.498264 11.90122 0.00538 
 2456677.510514 11.89858 0.00539 
 2456677.522780 11.89796 0.00552 
 2456677.537231 11.89163 0.00550 
 2456677.549509 11.90253 0.00561 
 2456677.561881 11.89277 0.00578 
 2456677.574242 11.90565 0.00589 
 2456678.429526 11.89312 0.00481 
 2456678.439678 11.89075 0.00478 
 2456678.461409 11.89745 0.00485 
 2456678.478498 11.89330 0.00488 
 2456678.495460 11.88594 0.00486 
 2456678.512408 11.88480 0.00489 
 2456678.527134 11.89897 0.00495 
 2456678.539449 11.89754 0.00500 
 2456678.549544 11.89963 0.00500 
 2456678.559746 11.89907 0.00512 
 2456678.570031 11.91239 0.00513 
 2456679.527160 12.02212 0.00333 
 2456681.434502 11.89734 0.00446 
 2456681.456158 11.88606 0.00457 
 2456681.475685 11.89059 0.00462 
 2456681.490482 11.90431 0.00465 
 2456681.507612 11.89397 0.00471 
 2456681.522557 11.88975 0.00475 
 2456681.532909 11.89255 0.00483 
 2456681.542392 11.90455 0.00484 
 2456681.551931 11.88686 0.00485 
 2456681.561452 11.89980 0.00492 
 2456683.421417 11.88908 0.00443 
 2456683.447398 11.89521 0.00447 
 2456683.468844 11.89099 0.00449 
 2456683.485702 11.90782 0.00448 
 2456683.504879 11.89535 0.00454 
 2456683.531616 11.89143 0.00460 
 2456684.418171 11.89242 0.00411 
 2456684.444198 11.88774 0.00408 
 2456684.467927 11.89516 0.00406 
 2456684.489357 11.88435 0.00405 
 2456684.510841 11.89243 0.00409 
 2456684.530175 11.89186 0.00414 
 2456684.548070 11.88703 0.00420 
 2456685.414255 11.89751 0.00416 
 2456685.440290 11.87740 0.00424 
 2456685.463993 11.90190 0.00437 
 2456685.535929 11.89320 0.00428 
 2456685.555149 11.89882 0.00386 
 2456688.411695 11.88470 0.00420 
 2456688.438621 11.88838 0.00420 
 2456688.460083 11.89466 0.00422 
 2456688.481485 11.90697 0.00426 
 2456690.421377 11.90180 0.00429 
 2456690.445135 11.88495 0.00435 
 2456690.469665 11.88394 0.00437 
 2456690.493434 11.89664 0.00444 
 2456690.514893 11.88353 0.00441 
 2456690.534918 11.89811 0.00445 
 2456691.418532 11.89158 0.00421 
 2456691.442337 11.88707 0.00427 
 2456691.466776 11.89342 0.00429 
 2456691.490419 11.89148 0.00427 
 2456692.409727 11.96015 0.00413 
 2456693.427010 11.87981 0.00370 
 2456693.524396 11.88621 0.00430 
 2456694.410372 11.89930 0.00426 
 2456695.388098 11.88896 0.00439 
 2456695.409755 11.88962 0.00436 
 2456695.433578 11.90100 0.00425 
 2456695.467030 11.89030 0.00425 
 2456695.490864 11.89151 0.00428 
 2456696.386327 11.88192 0.00452 
 2456696.407917 11.90158 0.00449 
 2456696.431754 11.88274 0.00439 
 2456696.453427 11.88982 0.00417 
 2456696.477269 11.88860 0.00422 
 2456696.498863 11.89205 0.00434 
 2456696.519018 11.90169 0.00447 
 2456697.386112 11.89230 0.00477 
 2456697.403067 11.90014 0.00478 
 2456697.422190 11.89382 0.00476 
 2456697.450922 11.90181 0.00472 
 2456697.470454 11.89292 0.00458 
 2456705.436927 11.88261 0.00604 
 2456707.399744 11.91208 0.00499 
 2456707.416706 11.90100 0.00510 
 2456707.451505 11.88138 0.00529 
 2456707.469944 11.89711 0.00536 
 2456707.479502 11.88353 0.00544 
 2456708.369949 11.90098 0.00463 
 2456708.389431 11.89315 0.00472 
 2456708.406514 11.89290 0.00481 
 2456708.423589 11.89840 0.00479 
 2456708.440724 11.89928 0.00479 
 2456710.364210 11.89797 0.00415 
 2456710.385880 11.90040 0.00425 
 2456711.358431 11.89552 0.00416 
 2456711.382334 11.89246 0.00420 
 2456711.406252 11.89428 0.00422 
 2456711.430269 11.89577 0.00437 
 2456711.449654 11.89377 0.00455 
 2456711.469272 11.88652 0.00458 
 2456713.332776 11.89551 0.00431 
 2456713.347394 11.90432 0.00430 
 2456713.371201 11.90329 0.00426 
 2456713.392798 11.89927 0.00429 
 2456713.440480 11.90438 0.00428 
 2456713.462225 11.89995 0.00429 
 2456714.331004 11.89398 0.00425 
 2456714.345737 11.89715 0.00423 
 2456714.368900 11.90036 0.00426 
 2456714.390523 11.90532 0.00425 
 2456714.414520 11.89555 0.00432 
 2456714.438387 11.91186 0.00429 
 2456715.418828 11.90367 0.00435 
 2456715.445590 11.89232 0.00437 
 2456715.466015 11.90235 0.00442 
 2456717.341773 11.89702 0.00429 
 2456717.365575 11.88983 0.00434 
 2456717.389448 11.89298 0.00434 
 2456717.413335 11.89922 0.00429 
 2456717.435031 11.90114 0.00438 
 2456717.456573 11.89250 0.00450 
 2456718.330535 11.89965 0.00432 
 2456718.357665 11.89618 0.00431 
 2456718.379235 11.90800 0.00428 
 2456718.403183 11.89636 0.00430 
 2456718.427042 11.89426 0.00429 
 2456718.448771 11.89650 0.00438 
 2456719.315976 11.89374 0.00424 
 2456719.330548 11.89975 0.00423 
 2456719.354321 11.89632 0.00425 
 2456719.375866 11.89556 0.00425 
 2456719.399767 11.90127 0.00425 
 2456719.423588 11.89788 0.00431 
 2456719.445325 11.90835 0.00435 
 2456721.327727 11.89808 0.00422 
 2456721.349404 11.89245 0.00420 
 2456721.371008 11.89424 0.00423 
 2456721.394883 11.89205 0.00426 
 2456721.423880 11.89563 0.00431 
 2456722.312987 11.88215 0.00421 
 2456722.339148 11.90116 0.00421 
 2456722.368629 11.90537 0.00426 
 2456722.392556 11.89025 0.00429 
 2456722.416394 11.87754 0.00431 
 2456722.443273 11.89590 0.00439 
 2456723.319351 11.90000 0.00437 
 2456723.343952 11.89769 0.00432 
 2456723.369994 11.88869 0.00426 
 2456723.394493 11.90330 0.00423 
 2456723.416276 11.91234 0.00424 
 2456723.438261 11.87570 0.00432 
 2456724.312568 11.89625 0.00450 
 2456724.329671 11.90824 0.00446 
 2456724.357685 11.88724 0.00444 
 2456724.374712 11.90164 0.00440 
 2456724.394240 11.88173 0.00431 
 2456724.415913 11.89763 0.00426 
 2456724.437653 11.88300 0.00427 
 2456725.305661 11.89666 0.00462 
 2456725.322763 11.89696 0.00462 
 2456725.339735 11.90040 0.00463 
 2456725.356628 11.89196 0.00468 
 2456725.373571 11.90255 0.00468 
 2456725.393055 11.88354 0.00467 
 2456725.414809 11.88871 0.00454 
 2456725.437409 11.89863 0.00430 
 2456732.288968 11.90187 0.00605 
 2456732.310773 11.89044 0.00616 
 2456732.327933 11.88986 0.00620 
 2456732.345028 11.89160 0.00632 
 2456732.362129 11.89322 0.00633 
 2456732.379167 11.90123 0.00642 
 2456732.393862 11.89281 0.00664 
 2456732.408766 11.89107 0.00679 
 2456732.421183 11.89435 0.00706 
 2456733.294883 11.89838 0.00634 
 2456733.314290 11.89282 0.00642 
 2456733.329169 11.91650 0.00647 
 2456733.346219 11.91269 0.00656 
 2456733.363248 11.90079 0.00659 
 2456733.378142 11.88804 0.00677 
 2456733.388348 11.89576 0.00692 
 2456733.398579 11.90012 0.00700 
 2456733.408889 11.88807 0.00712 
 2456733.419148 11.89914 0.00712 
 2456734.299876 11.90889 0.00563 
 2456734.321175 11.90260 0.00570 
 2456734.340136 11.89222 0.00575 
 2456734.358291 11.89239 0.00582 
 2456734.374392 11.90330 0.00584 
 2456734.388559 11.89731 0.00602 
 2456734.401838 11.89122 0.00615 
 2456734.412174 11.88769 0.00633 
 2456734.422836 11.88382 0.00644 
 2456735.289744 11.91458 0.00508 
 2456735.311578 11.88876 0.00522 
 2456735.328822 11.89474 0.00525 
 2456735.343761 11.89963 0.00531 
 2456735.361034 11.89438 0.00544 
 2456735.376115 11.88885 0.00556 
 2456735.386522 11.90269 0.00555 
 2456735.398264 11.89254 0.00565 
 2456735.407833 11.90243 0.00570 
 2456735.417357 11.89581 0.00580 
 2456736.287926 11.89903 0.00473 
 2456736.334627 11.90170 0.00501 
 2456736.354094 11.88429 0.00511 
 2456736.371410 11.90159 0.00520 
 2456736.383987 11.89665 0.00524 
 2456736.399154 11.89371 0.00534 
 2456736.411018 11.88802 0.00546 
 2456737.374744 11.89600 0.00503 
 2456737.387458 11.89701 0.00515 
 2456737.399509 11.90467 0.00523 
 2456737.411447 11.89388 0.00531 
 2456738.395389 11.89354 0.00504 
 2456739.263831 11.90358 0.00427 
 2456739.278526 11.89909 0.00430 
 2456739.302621 11.89534 0.00427 
 2456739.326792 11.89466 0.00429 
 2456739.361168 11.90167 0.00437 
 2456739.380897 11.90120 0.00461 
 2456739.399119 11.89274 0.00489 
 2456744.255956 11.89522 0.00431 
 2456744.283343 11.89576 0.00430 
 2456744.309391 11.89957 0.00429 
 2456744.335302 11.89735 0.00425 
 2456744.359245 11.90441 0.00423 
 2456744.381062 11.89030 0.00431 
 2456745.276623 11.89406 0.00434 
 2456745.300765 11.90606 0.00435 
 2456745.322567 11.89490 0.00428 
 2456745.344435 11.89479 0.00427 
 2456745.366353 11.89611 0.00432 
 2456745.383545 11.89630 0.00432 
 2456746.271917 11.88293 0.00432 
 2456746.296033 11.89859 0.00427 
 2456746.317803 11.88975 0.00426 
 2456746.341876 11.89610 0.00424 
 2456746.363717 11.90149 0.00428 
 2456747.269885 11.88938 0.00438 
 2456747.293863 11.90770 0.00433 
 2456747.315685 11.89186 0.00433 
 2456747.339699 11.89459 0.00433 
 2456747.373789 11.88804 0.00433 
 2456749.335416 11.90505 0.00435 
 2456749.355308 11.89665 0.00379 
 2456749.372673 11.88456 0.00405 
 2456751.264989 11.88861 0.00428 
 2456751.289010 11.88011 0.00426 
 2456751.313092 11.88354 0.00422 
 2456751.337128 11.89503 0.00422 
 2456752.259501 11.90337 0.00438 
 2456752.279471 11.90005 0.00439 
 2456752.299700 11.88640 0.00440 
 2456752.319362 11.88784 0.00440 
 2456752.341242 11.88696 0.00433 
 2456752.364033 11.88761 0.00432 
 2456759.298686 11.90653 0.00604 
 2456759.313481 11.90368 0.00609 
 2456759.326078 11.88696 0.00669 
 2456760.307915 12.03666 0.00586 
 2456760.318374 12.03508 0.00597 
 2456760.331309 11.97252 0.00601 
 2456760.341769 11.96059 0.00623 
 2456764.243856 11.90680 0.00529 
 2456764.304040 11.89769 0.00578 
 2456764.319417 11.89277 0.00586 
 2456764.331533 11.89707 0.00599 
 2456765.277952 11.89859 0.00526 
 2456766.255114 11.88090 0.00436 
 2456767.277456 11.88668 0.00436 
 2456768.252090 11.88686 0.00459 
 2456768.276359 11.88539 0.00459 
 2456768.298319 11.90922 0.00454 
 2456768.317848 11.88174 0.00447 
 2456769.253388 11.88404 0.00437 
 2456769.277550 11.90514 0.00428 
 2456769.300714 11.90920 0.00239 
 2456772.309205 11.88541 0.00429 
 2456774.250805 11.89583 0.00485 
 2456775.294673 11.90481 0.00427 
 2456776.246163 11.89391 0.00464 
 2456776.271591 11.89388 0.00452 
 2456776.294060 11.89603 0.00449 
 2456777.245438 11.88882 0.00448 
 2456777.286814 11.89212 0.00442 
 2456778.235731 11.89418 0.00454 
 2456778.259889 11.89011 0.00449 
 2456778.282098 11.90141 0.00432 
 2456778.301715 11.90469 0.00433 
 2456779.241731 11.89317 0.00466 
 2456779.263826 11.88655 0.00469 
 2456779.285871 11.88330 0.00467 
 2456790.221291 11.90636 0.00566 
 2456790.233930 11.92277 0.00569 
 2456790.244203 11.93490 0.00575 
 2456790.253801 11.94731 0.00587 
 2456790.263341 11.96858 0.00597 
 2456791.222523 11.88023 0.00623 
 2456791.235108 11.89132 0.00660 
 2456792.235567 11.89904 0.00690 
 2456792.248360 11.88126 0.00710 
 2456792.260183 11.87904 0.00738 
 2456795.240008 11.88836 0.00498 
 2456801.233113 11.89353 0.00433 
 2456988.589639 11.89519 0.00437 
 2456990.580629 11.89097 0.00414 
 2456992.574812 11.90031 0.00441 
 2456992.591057 11.91330 0.00474 
 2456993.588543 11.89346 0.00446 
 2456997.566643 11.90170 0.00643 
 2457006.549152 11.89344 0.00434 
 2457006.568914 11.90242 0.00434 
 2457006.580485 11.89669 0.00440 
 2457010.545221 11.89771 0.00420 
 2457010.567252 11.89126 0.00424 
 2457010.578858 11.88696 0.00431 
 2457014.526597 11.89998 0.00452 
 2457014.550781 11.89491 0.00451 
 2457014.574974 11.89574 0.00446 
 2457014.588823 11.90092 0.00462 
 2457016.519988 11.89121 0.00441 
 2457016.544164 11.89723 0.00451 
 2457016.568508 11.89060 0.00455 
 2457016.582402 11.90190 0.00463 
 2457033.484593 11.89789 0.00480 
 2457033.536918 11.89025 0.00500 
 2457033.563916 11.88559 0.00516 
 2457033.586056 11.89774 0.00520 
 2457033.593182 11.89098 0.00527 
 2457033.602288 11.89892 0.00563 
 2457036.450397 11.89060 0.00412 
 2457036.462913 11.89951 0.00420 
 2457036.484774 11.88857 0.00428 
 2457036.501992 11.89441 0.00433 
 2457036.516857 11.89614 0.00439 
 2457036.558598 11.89852 0.00421 
 2457038.453764 11.88998 0.00435 
 2457039.572822 11.89519 0.00483 
 2457040.524062 11.89286 0.00423 
 2457041.478130 11.89339 0.00432 
 2457041.502118 11.89957 0.00440 
 2457041.526065 11.90261 0.00440 
 2457041.552801 11.90134 0.00454 
 2457044.436048 11.89011 0.00417 
 2457044.463266 11.90288 0.00415 
 2457044.484858 11.88696 0.00413 
 2457044.565113 11.89900 0.00430 
 2457065.488206 11.89803 0.00471 
 2457069.392795 11.89718 0.00417 
 2457069.424275 11.89702 0.00408 
 2457070.483561 11.90278 0.00439 
 2457075.349629 11.89222 0.00419 
 2457075.401387 11.88464 0.00417 
 2457075.456723 11.89789 0.00418 
 2457076.379877 11.91804 0.00432 
 2457076.403878 11.90180 0.00429 
 2457076.448033 11.89569 0.00429 
 2457076.478259 11.89463 0.00421 
 2457087.412508 11.89763 0.00739 
 2457087.424948 11.89456 0.00731 
 2457087.439883 11.89230 0.00746 
 2457089.318075 11.89186 0.00533 
 2457089.339814 11.89236 0.00544 
 2457089.392996 11.89414 0.00567 
 2457089.420976 11.89919 0.00584 
 2457090.406929 11.89974 0.00547 
 2457090.416435 11.90451 0.00549 
 2457090.426016 11.89757 0.00560 
 2457090.441181 11.89543 0.00565 
 2457091.353507 11.89515 0.00503 
 2457092.325635 11.88799 0.00437 
 2457092.378380 11.89722 0.00478 
 2457092.395617 11.89738 0.00489 
 2457092.408255 11.89437 0.00495 
 2457092.423385 11.90546 0.00496 
 2457092.435275 11.87840 0.00509 
 2457095.314415 11.89264 0.00411 
 2457095.349556 11.89149 0.00403 
 2457095.373617 11.89327 0.00422 
 2457095.397628 11.89332 0.00410 
 2457097.288264 11.90287 0.00430 
 2457097.321734 11.90138 0.00429 
 2457097.345796 11.92020 0.00520 
 2457097.369774 11.89755 0.00437 
 2457097.396348 11.88605 0.00435 
 2457100.306747 11.89300 0.00443 
 2457100.330700 11.89000 0.00437 
 2457100.352434 11.88949 0.00444 
 2457101.327234 11.89649 0.00427 
 2457101.348807 11.88742 0.00424 
 2457101.409195 11.90371 0.00345 
 2457102.286476 11.90788 0.00375 
 2457102.317154 11.89407 0.00394 
 2457102.341929 11.88175 0.00473 
 2457102.365985 11.90143 0.00422 
 2457102.387762 11.90334 0.00401 
 2457105.305394 11.90703 0.00433 
 2457105.329384 11.88997 0.00438 
 2457105.353504 11.89005 0.00428 
 2457105.375333 11.88632 0.00421 
 2457107.275152 11.87360 0.00449 
 2457107.290037 11.89418 0.00445 
 2457107.309348 11.88963 0.00440 
 2457107.326327 11.88695 0.00438 
 2457107.345982 11.90917 0.00427 
 2457107.367700 11.88900 0.00414 
 2457107.398977 11.89304 0.00411 
 2457115.308564 11.87786 0.00677 
 2457115.325762 11.87846 0.00672 
 2457115.338290 11.90306 0.00682 
 2457116.263457 11.94138 0.00632 
 2457116.283126 11.98804 0.00627 
 2457116.300302 12.02038 0.00634 
 2457119.259693 11.89220 0.00486 
 2457119.279253 11.89599 0.00513 
 2457119.305069 11.90346 0.00529 
 2457119.322383 11.88627 0.00537 
 2457120.260175 11.89889 0.00439 
 2457120.282241 11.88716 0.00483 
 2457120.304212 11.88581 0.00502 
 2457120.323869 11.88970 0.00520 
 2457120.338960 11.89793 0.00525 
 2457121.260415 11.89722 0.00425 
 2457121.284743 11.88756 0.00421 
 2457121.309080 11.90158 0.00454 
 2457121.328917 11.90299 0.00487 
 2457121.349665 11.90892 0.00505 
 2457122.341885 11.89075 0.00462 
 2457125.256386 11.87857 0.00473 
 2457125.281142 11.88368 0.00459 
 2457125.305300 11.89575 0.00438 
 2457125.324864 11.90592 0.00438 
 2457125.345259 11.89123 0.00435 
 2457126.257070 11.88802 0.00442 
 2457126.280918 11.89313 0.00433 
 2457126.306361 11.89981 0.00424 
 2457126.344454 11.93496 0.00408 
 2457127.254052 11.88723 0.00427 
 2457127.275941 11.89637 0.00430 
 2457127.309978 11.90019 0.00418 
 2457127.340565 11.90457 0.00418 
 2457128.253127 11.88523 0.00454 
 2457128.275013 11.90083 0.00408 
 2457129.252625 11.90757 0.00434 
 2457129.274490 11.89882 0.00351 
 2457129.298705 11.87885 0.00424 
 2457129.320824 11.89783 0.00404 
 2457130.254990 11.89809 0.00437 
 2457130.280102 11.90035 0.00431 
 2457130.304318 11.89425 0.00431 
 2457130.327309 11.87980 0.00436 
 2457131.254723 11.89586 0.00444 
 2457131.278935 11.89870 0.00441 
 2457131.300936 11.89872 0.00436 
 2457131.323828 11.89505 0.00433 
 2457132.251432 11.89380 0.00426 
 2457132.275658 11.88232 0.00387 
 2457132.319528 11.89404 0.00370 
 2457133.251121 11.89174 0.00451 
 2457133.275208 11.89406 0.00444 
 2457133.312105 11.89211 0.00433 
 2457134.318806 11.88037 0.00447 
 2457141.230549 11.90630 0.00596 
 2457141.243148 11.89807 0.00568 
 2457142.233972 11.91036 0.00532 
 2457142.251250 11.89564 0.00528 
 2457142.264024 11.89487 0.00535 
 2457142.289472 11.89540 0.00543 
 2457143.235191 11.90312 0.00556 
 2457143.265173 11.88969 0.00562 
 2457143.275680 11.90821 0.00567 
 2457143.286245 11.89456 0.00573 
 2457143.296722 11.88626 0.00582 
 2457145.229062 11.89016 0.00621 
 2457145.246497 11.89723 0.00621 
 2457145.271309 11.88929 0.00646 
 2457145.281051 11.89159 0.00647 
 2457145.290925 11.88013 0.00671 
 2457147.243737 11.90755 0.00617 
 2457147.259026 11.90445 0.00626 
 2457147.274364 11.90042 0.00641 
 2457147.286582 11.88918 0.00663 
 2457148.244992 11.88691 0.00563 
 2457148.262323 11.88755 0.00584 
 2457149.238591 11.89491 0.00450 
 2457149.258576 11.88994 0.00503 
 2457149.276902 11.88536 0.00555 
 2457150.247124 11.89759 0.00448 
 2457150.269310 11.89936 0.00431 
 2457151.238175 11.89552 0.00450 
 2457151.265007 11.90168 0.00449 
 2457152.265074 11.90440 0.00444 
 2457153.244209 11.89836 0.00466 
 2457153.264545 11.90268 0.00454 
 2457154.254443 11.90428 0.00461 
 2457155.245086 11.89510 0.00448 
 2457155.262154 11.88847 0.00440 
 2457156.240239 11.90716 0.00457 
 2457156.260489 11.90779 0.00455 
 2457159.240943 11.89480 0.00450 
 2457160.238143 11.88740 0.00452 
 2457169.224961 11.89961 0.00491 
 2457170.220183 11.89844 0.00537 
 2457171.216119 11.89943 0.00553 
 2457171.225832 11.90384 0.00530 
 2457352.592979 11.88260 0.00683 
 2457360.580290 11.88781 0.00446 
 2457362.578024 11.89308 0.00411 
 2457363.567555 11.89772 0.00419 
 2457363.583628 11.89262 0.00427 
 2457364.590348 11.88244 0.00426 
 2457367.549996 11.89751 0.00406 
 2457367.577089 11.89502 0.00405 
 2457368.543927 11.93519 0.00402 
 2457368.571110 11.95562 0.00403 
 2457368.584894 11.97532 0.00406 
 2457370.533556 11.89643 0.00401 
 2457370.548258 11.89990 0.00411 
 2457371.528468 11.89227 0.00396 
 2457371.543120 11.89512 0.00407 
 2457371.568033 11.89410 0.00407 
 2457371.579464 11.88959 0.00416 
 2457372.527580 11.89537 0.00409 
 2457372.586461 11.89637 0.00427 
 2457373.534773 11.88983 0.00413 
 2457373.562013 11.89399 0.00415 
 2457373.583761 11.90570 0.00416 
 2457374.530168 11.90318 0.00410 
 2457374.557351 11.89445 0.00401 
 2457374.581332 11.89513 0.00414 
 2457375.526325 11.89502 0.00412 
 2457375.553546 11.91315 0.00415 
 2457375.577583 11.94598 0.00406 
 2457375.589235 11.97185 0.00423 
 2457376.524778 11.89173 0.00404 
 2457376.551923 11.90043 0.00410 
 2457376.575983 11.89446 0.00404 
 2457376.587480 11.90017 0.00424 
 2457377.534184 11.88144 0.00400 
 2457377.582318 11.89134 0.00434 
 2457378.563024 11.88973 0.00411 
 2457378.587804 11.89208 0.00424 
 2457379.515812 11.90001 0.00532 
 2457379.538492 11.90637 0.00516 
 2457379.562436 11.89613 0.00477 
 2457379.584169 11.89620 0.00426 
 2457380.516444 11.89515 0.00590 
 2457380.534399 11.90078 0.00586 
 2457380.553656 11.88999 0.00584 
 2457380.572953 11.88722 0.00584 
 2457380.582325 11.89909 0.00572 
 2457388.517872 11.89280 0.00450 
 2457388.535162 11.89192 0.00453 
 2457389.489825 11.89622 0.00431 
 2457389.514723 11.88721 0.00449 
 2457389.534423 11.89444 0.00441 
 2457389.551564 11.89180 0.00442 
 2457389.570982 11.89770 0.00450 
 2457389.580431 11.90550 0.00448 
 2457389.589781 11.89123 0.00461 
 2457390.501626 11.89726 0.00419 
 2457390.521241 11.89894 0.00421 
 2457390.538474 11.90444 0.00418 
 2457390.555705 11.90836 0.00427 
 2457390.572969 11.89603 0.00444 
 2457390.582421 11.90751 0.00444 
 2457390.589442 11.89699 0.00438 
 2457391.483191 11.88710 0.00408 
 2457391.527776 11.89497 0.00427 
 2457391.545153 11.90167 0.00436 
 2457391.562438 11.89822 0.00424 
 2457391.577448 11.90014 0.00429 
 2457391.584543 11.89112 0.00431 
 2457391.591691 11.89650 0.00438 
 2457392.472345 11.89083 0.00400 
 2457392.487003 11.89938 0.00419 
 2457392.510976 11.89825 0.00426 
 2457392.530363 11.89186 0.00437 
 2457392.547483 11.89452 0.00430 
 2457392.567142 11.89546 0.00430 
 2457392.582239 11.89467 0.00431 
 2457392.589302 11.89944 0.00441 
 2457392.598605 11.89666 0.00475 
 2457393.478999 11.89241 0.00405 
 2457393.547590 11.89192 0.00362 
 2457393.569510 11.89293 0.00410 
 2457393.586946 11.89552 0.00438 
 2457393.596329 11.90107 0.00443 
 2457396.482996 11.88603 0.00414 
 2457396.506885 11.90028 0.00426 
 2457396.530876 11.88803 0.00419 
 2457396.554897 11.89261 0.00421 
 2457396.576673 11.90482 0.00414 
 2457396.583721 11.89018 0.00422 
 2457396.593017 11.88958 0.00432 
 2457397.480090 11.88659 0.00413 
 2457397.504108 11.89100 0.00407 
 2457397.528351 11.88823 0.00409 
 2457397.558749 11.90899 0.00406 
 2457398.464574 11.90788 0.00415 
 2457398.491590 11.88931 0.00419 
 2457398.515954 11.89989 0.00413 
 2457398.541980 11.90098 0.00419 
 2457399.459922 11.90208 0.00385 
 2457399.486987 11.89413 0.00393 
 2457399.510935 11.89761 0.00391 
 2457399.532605 11.90098 0.00394 
 2457399.556475 11.89215 0.00393 
 2457399.575735 11.89744 0.00396 
 2457399.592746 11.91784 0.00400 
 2457400.451363 11.89562 0.00390 
 2457400.466007 11.89280 0.00406 
 2457400.489988 11.89172 0.00401 
 2457400.535646 11.90943 0.00404 
 2457401.458418 11.89527 0.00386 
 2457401.486213 11.88872 0.00380 
 2457401.507708 11.90256 0.00393 
 2457401.529262 11.90291 0.00388 
 2457401.564876 11.90886 0.00402 
 2457401.584968 11.89982 0.00391 
 2457401.596444 11.91834 0.00413 
 2457405.533440 11.88668 0.00396 
 2457405.555002 11.89138 0.00394 
 2457414.417962 11.88258 0.00573 
 2457414.435051 11.88995 0.00572 
 2457414.449717 11.88553 0.00588 
 2457414.459903 11.89975 0.00589 
 2457414.472238 11.89748 0.00589 
 2457414.484501 11.90297 0.00594 
 2457414.496827 11.91516 0.00591 
 2457414.509141 11.90267 0.00600 
 2457414.523599 11.88658 0.00614 
 2457414.535855 11.90895 0.00612 
 2457415.417098 11.90204 0.00476 
 2457415.438777 11.88794 0.00490 
 2457415.455836 11.89636 0.00497 
 2457415.472750 11.89077 0.00507 
 2457415.489590 11.90040 0.00513 
 2457415.506508 11.90783 0.00519 
 2457415.518831 11.89371 0.00527 
 2457415.528935 11.90441 0.00539 
 2457415.539080 11.90145 0.00549 
 2457415.549330 11.90822 0.00553 
 2457416.423312 11.89538 0.00459 
 2457416.442514 11.89493 0.00464 
 2457416.459567 11.88587 0.00464 
 2457416.476579 11.89325 0.00466 
 2457416.493509 11.89668 0.00464 
 2457416.508159 11.90552 0.00477 
 2457416.518269 11.88047 0.00478 
 2457416.528327 11.88984 0.00485 
 2457416.538510 11.89160 0.00486 
 2457416.548834 11.89290 0.00490 
 2457417.413346 11.88117 0.00443 
 2457417.437230 11.89452 0.00442 
 2457417.461431 11.89914 0.00454 
 2457417.477374 11.89323 0.00459 
 2457417.495350 11.89869 0.00461 
 2457417.508715 11.90223 0.00463 
 2457417.519597 11.89902 0.00469 
 2457417.531349 11.89101 0.00480 
 2457417.540835 11.90181 0.00490 
 2457417.550294 11.88415 0.00495 
 2457418.409540 11.90013 0.00415 
 2457418.434233 11.89839 0.00422 
 2457418.453633 11.89718 0.00427 
 2457418.470848 11.90258 0.00424 
 2457418.487892 11.89834 0.00428 
 2457418.502727 11.89554 0.00434 
 2457418.513016 11.90430 0.00435 
 2457418.522538 11.88532 0.00440 
 2457418.544616 11.89815 0.00454 
 2457419.435348 12.01692 0.00413 
 2457419.456889 11.98698 0.00421 
 2457419.473904 11.95782 0.00422 
 2457419.493201 11.91971 0.00432 
 2457419.508058 11.90455 0.00434 
 2457419.520633 11.90697 0.00433 
 2457419.532300 11.89107 0.00436 
 2457419.544032 11.90758 0.00437 
 2457422.406238 11.88904 0.00346 
 2457423.397238 11.89635 0.00408 
 2457423.424191 11.88792 0.00402 
 2457423.448003 11.89713 0.00399 
 2457423.471934 11.89385 0.00402 
 2457423.495885 11.89986 0.00403 
 2457423.517444 11.88515 0.00402 
 2457424.410954 11.89023 0.00409 
 2457424.434773 11.90254 0.00407 
 2457424.470252 11.89501 0.00405 
 2457424.494012 11.89134 0.00407 
 2457424.515557 11.89130 0.00404 
 2457426.403618 11.96996 0.00385 
 2457426.432298 11.91869 0.00389 
 2457426.453820 11.90232 0.00390 
 2457426.477779 11.88957 0.00391 
 2457426.499395 11.88591 0.00397 
 2457426.519591 11.89422 0.00394 
 2457428.381548 11.88980 0.00423 
 2457428.408486 11.89954 0.00417 
 2457428.432387 11.89504 0.00412 
 2457428.453973 11.89952 0.00410 
 2457428.477820 11.89364 0.00407 
 2457428.497059 11.89854 0.00404 
 2457428.514017 11.90011 0.00407 
 2457430.377032 11.88567 0.00415 
 2457430.404055 11.89255 0.00416 
 2457430.442950 11.89376 0.00413 
 2457430.466905 11.90035 0.00406 
 2457430.488534 11.90053 0.00418 
 2457430.508669 11.88712 0.00421 
 2457431.396832 11.89770 0.00403 
 2457431.420746 11.88052 0.00400 
 2457432.371939 11.90207 0.00397 
 2457432.398865 11.89563 0.00396 
 2457432.422694 11.89823 0.00395 
 2457432.444350 11.90577 0.00399 
 2457432.468229 11.89446 0.00396 
 2457432.490218 11.88738 0.00392 
 2457432.509511 11.90627 0.00392 
 2457434.377784 11.89950 0.00431 
 2457434.397202 11.89355 0.00433 
 2457434.418715 11.89565 0.00425 
 2457434.442645 11.89344 0.00398 
 2457434.466524 11.89365 0.00395 
 2457434.488260 11.90121 0.00395 
 2457435.354734 11.89135 0.00473 
 2457435.364942 11.89684 0.00487 
 2457435.382934 11.89879 0.00484 
 2457435.402143 11.89472 0.00474 
 2457435.421399 11.89416 0.00464 
 2457435.440867 11.89069 0.00459 
 2457435.462472 11.89496 0.00428 
 2457442.346660 11.89377 0.00590 
 2457442.368497 11.90700 0.00591 
 2457442.385654 11.90017 0.00602 
 2457442.418831 11.90151 0.00614 
 2457448.347616 11.89835 0.00407 
 2457448.372548 11.89658 0.00404 
 2457448.395677 11.88589 0.00427 
 2457448.420789 11.89361 0.00445 
 2457448.439270 11.90442 0.00446 
 2457448.458410 11.88736 0.00458 
 2457449.317157 11.97215 0.00389 
 2457449.331755 12.01261 0.00396 
 2457450.315160 11.89498 0.00390 
 2457450.329792 11.89217 0.00403 
 2457450.353709 11.89401 0.00393 
 2457450.375402 11.89174 0.00392 
 2457450.399270 11.89846 0.00396 
 2457450.423204 11.89733 0.00396 
 2457450.445012 11.90088 0.00402 
 2457452.329504 11.89782 0.00393 
 2457452.354093 11.89403 0.00390 
 2457452.378092 11.89252 0.00391 
 2457452.402058 11.89525 0.00383 
 2457452.423768 11.89970 0.00384 
 2457452.446477 11.90107 0.00383 
 2457457.312193 11.88496 0.00421 
 2457457.334033 11.89929 0.00422 
 2457457.355742 11.89435 0.00421 
 2457457.379745 11.89732 0.00422 
 2457457.403660 11.88344 0.00423 
 2457457.425370 11.89006 0.00424 
 2457458.300478 11.89484 0.00427 
 2457458.327583 11.89123 0.00423 
 2457458.351519 11.89595 0.00423 
 2457458.373217 11.88795 0.00425 
 2457458.397126 11.89318 0.00435 
 2457458.419052 11.88974 0.00434 
 2457458.438607 11.88704 0.00438 
 2457460.295947 11.90679 0.00434 
 2457460.318652 11.88331 0.00426 
 2457460.342507 11.90649 0.00428 
 2457460.364279 11.90404 0.00427 
 2457460.388279 11.89643 0.00421 
 2457460.407816 11.90689 0.00427 
 2457460.424921 11.89246 0.00428 
 2457461.295732 11.89495 0.00453 
 2457461.318424 11.89203 0.00441 
 2457461.342327 11.89587 0.00435 
 2457461.364049 11.89665 0.00433 
 2457461.388009 11.89002 0.00432 
 2457461.407329 11.90933 0.00420 
 2457461.424474 11.89927 0.00422 
 2457462.293652 11.89214 0.00469 
 2457462.311722 11.89615 0.00461 
 2457462.331042 11.88677 0.00450 
 2457462.351299 11.89387 0.00447 
 2457462.370877 11.89200 0.00444 
 2457462.392659 11.89302 0.00432 
 2457462.414415 11.88010 0.00430 
 2457480.267930 11.88872 0.00425 
 2457480.342766 11.89606 0.00411 
 2457480.364545 11.88383 0.00411 
 2457481.259292 11.89573 0.00438 
 2457481.283318 11.89370 0.00431 
 2457481.305000 11.90382 0.00426 
 2457481.329029 11.89063 0.00426 
 2457481.350768 11.89765 0.00421 
 2457481.367997 11.89747 0.00423 
 2457484.272328 11.87639 0.00460 
 2457484.297187 11.89935 0.00422 
 2457484.321240 11.89139 0.00414 
 2457485.256436 11.90388 0.00441 
 2457485.290357 11.89246 0.00432 
 2457485.314467 11.90202 0.00426 
 2457485.336285 11.90342 0.00416 
 2457485.356672 11.90364 0.00413 
 2457488.256884 11.89199 0.00437 
 2457488.280972 11.89591 0.00431 
 2457488.305077 11.88766 0.00426 
 2457488.326958 11.88165 0.00421 
 2457488.347352 11.87847 0.00420 
 2457489.247402 11.88541 0.00455 
 2457489.264490 11.89437 0.00447 
 2457489.281632 11.89290 0.00436 
 2457489.301336 11.88998 0.00437 
 2457489.323161 11.89694 0.00435 
 2457489.345878 11.88939 0.00431 
 2457498.257023 11.89439 0.00582 
 2457498.276498 11.89370 0.00591 
 2457498.291675 11.88048 0.00591 
 2457498.304290 11.89232 0.00593 
 2457498.317033 11.89941 0.00604 
 2457498.329873 11.89326 0.00615 
 2457502.245038 11.89490 0.00549 
 2457502.264586 11.90155 0.00578 
 2457502.279917 11.89871 0.00588 
 2457502.292802 11.89314 0.00596 
 2457502.304906 11.87946 0.00614 
 2457502.316948 11.91156 0.00617 
 2457503.242427 11.89791 0.00460 
 2457503.266515 11.89869 0.00525 
 2457503.286375 11.90034 0.00552 
 2457503.304588 11.89944 0.00568 
 2457506.246825 11.91165 0.00450 
 2457506.270874 11.88698 0.00444 
 2457506.292746 11.90417 0.00440 
 2457507.245412 11.89220 0.00444 
 2457507.269528 11.89531 0.00431 
 2457507.291435 11.92496 0.00290 
 2457510.283189 12.00480 0.00424 
 2457511.234522 11.89165 0.00450 
 2457511.258664 11.88780 0.00435 
 2457511.280467 11.89576 0.00422 
 2457513.285460 11.88297 0.00458 
 2457514.236396 11.89225 0.00452 
 2457514.280227 11.88091 0.00472 
 2457515.275499 11.89276 0.00423 
 2457523.224763 11.89127 0.00550 
 2457523.237451 11.90797 0.00555 
 2457523.250182 11.89456 0.00541 
 2457523.262893 11.90513 0.00547 
 2457524.225403 11.88823 0.00531 
 2457524.238303 11.91114 0.00536 
 2457524.248800 11.88846 0.00543 
 2457524.259312 11.89918 0.00551 
 2457525.221922 11.88295 0.00551 
 2457525.232224 11.89062 0.00555 
 2457525.242629 11.89239 0.00553 
 2457525.253068 11.89840 0.00558 
 2457526.219517 11.89856 0.00589 
 2457526.238862 11.90230 0.00583 
 2457528.224004 11.88848 0.00605 
 2457528.235743 11.88289 0.00615 
 2457528.247554 11.89938 0.00687 
 2457529.227346 11.89542 0.00626 
 2457529.239101 11.88638 0.00649 
 2457532.236833 11.88871 0.00599 
 2457534.229917 11.89484 0.00465 
 2457535.228063 11.88370 0.00477 
 2457536.227799 11.89216 0.00518 
 2457718.585874 11.91024 0.00418 
 2457719.585377 11.88441 0.00425 
 2457721.577610 11.88976 0.00424 
 2457721.593808 11.88803 0.00492 
 2457722.577540 11.89152 0.00412 
 2457723.572352 11.89398 0.00429 
 2457723.588529 11.90079 0.00439 
 2457724.570559 11.88202 0.00410 
 2457724.586822 11.90435 0.00420 
 2457725.576341 11.89104 0.00429 
 2457725.592518 11.90535 0.00486 
 2457727.565132 11.90433 0.00413 
 2457728.560339 11.90275 0.00418 
 2457728.576559 11.89729 0.00414 
 2457730.565315 11.89307 0.00425 
 2457730.581594 11.89584 0.00424 
 2457731.562657 11.89394 0.00417 
 2457731.578881 11.90668 0.00447 
 2457734.551963 11.89494 0.00539 
 2457734.571446 11.90389 0.00472 
 2457734.585291 11.90166 0.00472 
 2457735.531610 11.86454 0.00637 
 2457735.544183 11.90464 0.00633 
 2457735.567010 11.89651 0.00637 
 2457735.581065 11.89558 0.00636 
 2457742.515382 11.89442 0.00454 
 2457742.525810 11.88492 0.00477 
 2457742.548106 11.90109 0.00494 
 2457742.565653 11.90219 0.00504 
 2457743.520728 11.89563 0.00458 
 2457743.543080 11.89112 0.00453 
 2457743.560783 11.88770 0.00454 
 2457743.578145 11.90514 0.00457 
 2457743.589779 11.90069 0.00481 
 2457744.523898 11.89136 0.00426 
 2457744.545815 11.89441 0.00425 
 2457744.563178 11.90192 0.00430 
 2457744.580415 11.88355 0.00439 
 2457745.519226 11.88571 0.00424 
 2457745.554243 11.88175 0.00419 
 2457745.571683 11.89926 0.00430 
 2457745.585611 11.89275 0.00439 
 2457747.519368 11.89147 0.00422 
 2457747.541264 11.88640 0.00414 
 2457747.560815 11.88464 0.00414 
 2457747.580521 11.89226 0.00428 
 2457748.506389 11.90433 0.00401 
 2457748.533713 11.89472 0.00411 
 2457748.557776 11.88619 0.00332 
 2457748.581937 11.88753 0.00414 
 2457749.511894 11.89883 0.00399 
 2457749.533785 11.89431 0.00402 
 2457749.555495 11.88955 0.00406 
 2457749.579664 11.89342 0.00420 
 2457749.593534 11.88033 0.00452 
 2457750.544986 11.89080 0.00411 
 2457751.504545 11.89481 0.00420 
 2457751.528684 11.88745 0.00412 
 2457751.550456 11.87417 0.00408 
 2457752.487071 11.96308 0.00386 
 2457752.501768 11.96057 0.00408 
 2457752.525925 11.92475 0.00411 
 2457752.547706 11.89290 0.00414 
 2457752.571826 11.89340 0.00405 
 2457752.585726 11.89533 0.00404 
 2457753.483379 11.89886 0.00400 
 2457753.498144 11.89286 0.00411 
 2457753.522218 11.88967 0.00399 
 2457753.543958 11.89319 0.00394 
 2457753.565853 11.88441 0.00399 
 2457753.585538 11.88856 0.00400 
 2457753.592589 11.88292 0.00407 
 2457754.507768 11.88422 0.00407 
 2457754.531918 11.89895 0.00407 
 2457754.556859 11.89398 0.00405 
 2457754.581059 11.90660 0.00408 
 2457754.590564 11.89717 0.00415 
 2457758.557887 11.89891 0.00404 
 2457758.582089 11.88155 0.00401 
 2457770.455502 11.90578 0.00462 
 2457770.475109 11.89455 0.00474 
 2457770.504240 11.88984 0.00484 
 2457771.444069 11.88945 0.00452 
 2457771.469100 11.88989 0.00457 
 2457771.488792 11.89576 0.00457 
 2457771.505958 11.88984 0.00467 
 2457771.525499 11.89155 0.00469 
 2457771.540560 11.89279 0.00475 
 2457771.553281 11.89748 0.00477 
 2457771.566114 11.87926 0.00480 
 2457771.578885 11.89550 0.00484 
 2457773.445043 11.89432 0.00419 
 2457773.467010 11.90825 0.00395 
 2457773.484327 11.90348 0.00420 
 2457773.516643 11.89671 0.00446 
 2457773.531743 11.89266 0.00450 
 2457773.542300 11.88982 0.00435 
 2457773.552031 11.89421 0.00441 
 2457773.561841 11.88698 0.00445 
 2457773.571560 11.88416 0.00441 
 2457774.445362 11.88791 0.00392 
 2457774.467228 11.90319 0.00398 
 2457774.486830 11.89369 0.00414 
 2457774.506502 11.89271 0.00410 
 2457774.526109 11.87831 0.00422 
 2457774.553138 11.89884 0.00416 
 2457774.570710 11.89888 0.00422 
 2457775.444297 11.90401 0.00419 
 2457775.466149 11.89441 0.00432 
 2457775.488030 11.89629 0.00439 
 2457775.509812 11.89001 0.00443 
 2457775.529389 11.90739 0.00446 
 2457775.544311 11.89918 0.00454 
 2457775.559268 11.88461 0.00462 
 2457776.428994 11.89470 0.00384 
 2457776.456150 11.90045 0.00380 
 2457781.417116 11.89642 0.00407 
 2457781.444233 11.87511 0.00381 
 2457783.428597 11.89487 0.00409 
 2457783.522941 11.89541 0.00414 
 2457783.543193 11.89700 0.00419 
 2457784.406781 11.89534 0.00407 
 2457784.433964 11.89985 0.00402 
 2457784.457965 11.89278 0.00400 
 2457784.479656 11.88883 0.00408 
 2457784.503537 11.90604 0.00407 
 2457784.525656 11.89368 0.00411 
 2457785.406733 11.89658 0.00411 
 2457785.433924 11.89734 0.00417 
 2457785.455469 11.89555 0.00419 
 2457785.477131 11.89583 0.00419 
 2457785.501076 11.88962 0.00425 
 2457785.522970 11.90423 0.00430 
 2457785.542388 11.88743 0.00434 
 2457786.420464 11.89137 0.00401 
 2457786.444368 11.89054 0.00400 
 2457786.469007 11.88759 0.00401 
 2457786.492846 11.89260 0.00404 
 2457786.514447 11.87913 0.00404 
 2457786.534631 11.90473 0.00399 
 2457787.398950 11.89527 0.00404 
 2457787.426450 11.89430 0.00405 
 2457787.450553 11.89542 0.00407 
 2457787.472236 11.90559 0.00416 
 2457787.496610 11.88768 0.00415 
 2457788.414636 11.90321 0.00399 
 2457788.439368 11.89765 0.00399 
 2457788.464670 11.89655 0.00391 
 2457788.489072 11.89097 0.00391 
 2457788.508940 11.89449 0.00398 
 2457788.530048 11.90819 0.00397 
 2457796.381963 11.89555 0.00669 
 2457796.399177 11.87962 0.00678 
 2457796.411715 11.89926 0.00696 
 2457796.424115 11.89185 0.00693 
 2457796.436478 11.90258 0.00680 
 2457796.448880 11.90177 0.00690 
 2457796.461281 11.90006 0.00691 
 2457796.475872 11.89294 0.00703 
 2457796.489315 11.87704 0.00712 
 2457796.501740 11.89242 0.00725 
 2457796.514225 11.88690 0.00739 
 2457797.383334 11.89674 0.00612 
 2457798.362803 11.89477 0.00512 
 2457798.373010 11.88893 0.00536 
 2457798.394886 11.89062 0.00538 
 2457798.412132 11.90716 0.00544 
 2457798.429192 11.89701 0.00549 
 2457798.446301 11.88942 0.00561 
 2457798.461100 11.88934 0.00556 
 2457798.473492 11.89447 0.00564 
 2457798.483701 11.89825 0.00577 
 2457798.493904 11.88797 0.00577 
 2457798.504177 11.89838 0.00580 
 2457799.383387 11.89121 0.00513 
 2457799.402861 11.91386 0.00522 
 2457799.422474 11.91813 0.00521 
 2457799.441890 11.95226 0.00525 
 2457799.458982 11.99831 0.00526 
 2457800.364853 11.88880 0.00472 
 2457800.389777 11.89701 0.00480 
 2457800.409339 11.90160 0.00500 
 2457800.426532 11.89846 0.00471 
 2457800.443719 11.89494 0.00495 
 2457800.458629 11.88489 0.00619 
 2457800.478498 11.88823 0.00511 
 2457800.488015 11.91162 0.00504 
 2457800.497567 11.88680 0.00511 
 2457801.361735 11.88239 0.00450 
 2457801.401660 11.88107 0.00475 
 2457801.421084 11.89746 0.00477 
 2457801.440512 11.88427 0.00474 
 2457801.457695 11.88426 0.00475 
 2457801.470377 11.88650 0.00481 
 2457802.393117 11.89458 0.00439 
 2457802.414971 11.89669 0.00459 
 2457802.436845 11.89614 0.00465 
 2457802.456505 11.89081 0.00464 
 2457802.471424 11.89492 0.00465 
 2457802.484086 11.90211 0.00474 
 2457805.367134 11.89576 0.00431 
 2457805.391142 11.89864 0.00436 
 2457805.415992 11.90163 0.00396 
 2457806.339605 11.89833 0.00431 
 2457806.354246 11.89492 0.00440 
 2457806.378203 11.90373 0.00440 
 2457806.411964 11.89626 0.00443 
 2457807.360454 11.89317 0.00452 
 2457807.390518 11.89984 0.00452 
 2457807.412601 11.90109 0.00450 
 2457807.436567 11.89021 0.00454 
 2457807.458338 11.90761 0.00476 
 2457808.342763 11.90147 0.00429 
 2457808.369973 11.89459 0.00432 
 2457808.393981 11.90649 0.00433 
 2457808.418074 11.89796 0.00438 
 2457808.442066 11.89921 0.00437 
 2457808.463920 11.89924 0.00435 
 2457809.339628 11.89498 0.00432 
 2457809.366821 11.89461 0.00430 
 2457809.390970 11.89963 0.00433 
 2457809.412713 11.89332 0.00433 
 2457809.436725 11.89777 0.00437 
 2457809.467141 11.89676 0.00441 
 2457810.348519 11.88963 0.00448 
 2457810.372740 11.89689 0.00452 
 2457810.397078 11.88960 0.00455 
 2457810.421268 11.89353 0.00447 
 2457810.443156 11.87307 0.00459 
 2457810.465921 11.89416 0.00459 
 2457811.348688 11.89199 0.00434 
 2457811.372675 11.89328 0.00431 
 2457811.397940 11.89377 0.00434 
 2457811.422037 11.90088 0.00439 
 2457811.443909 11.88773 0.00435 
 2457811.464245 11.89356 0.00444 
 2457812.330207 11.89711 0.00439 
 2457812.357480 11.88699 0.00434 
 2457812.381560 11.89582 0.00436 
 2457812.411833 11.89761 0.00433 
 2457812.436141 11.88785 0.00437 
 2457812.458998 11.90189 0.00432 
 2457813.416871 11.89511 0.00442 
 2457813.459288 11.88456 0.00441 
 2457814.327591 11.89292 0.00435 
 2457814.354691 11.89452 0.00436 
 2457814.376251 11.90364 0.00437 
 2457814.397934 11.90268 0.00436 
 2457814.421854 11.89849 0.00440 
 2457814.443695 11.88728 0.00428 
 2457814.463082 11.90526 0.00431 
 2457815.316752 11.89519 0.00433 
 2457815.331418 11.89648 0.00450 
 2457815.353117 11.89514 0.00445 
 2457815.374669 11.90626 0.00445 
 2457815.396334 11.90152 0.00455 
 2457815.420279 11.90552 0.00464 
 2457815.442115 11.89465 0.00460 
 2457815.461485 11.89252 0.00467 
 2457816.334306 11.89229 0.00451 
 2457816.355983 11.89216 0.00449 
 2457816.379982 11.89942 0.00447 
 2457816.403948 11.88489 0.00460 
 2457816.425710 11.89684 0.00451 
 2457816.448373 11.90432 0.00452 
 2457817.330933 11.89837 0.00463 
 2457817.352677 11.90211 0.00463 
 2457817.376729 11.89889 0.00453 
 2457817.400818 11.88595 0.00443 
 2457817.422548 11.89641 0.00442 
 2457817.445122 11.91115 0.00447 
 2457818.306578 11.88478 0.00469 
 2457818.316794 11.89566 0.00488 
 2457818.334745 11.88671 0.00484 
 2457818.354086 11.90156 0.00485 
 2457818.373454 11.89229 0.00486 
 2457818.393083 11.90143 0.00480 
 2457818.414874 11.89442 0.00472 
 2457818.436524 11.89835 0.00446 
 2457824.299925 11.90232 0.00676 
 2457824.317236 11.87596 0.00679 
 2457824.329781 11.88893 0.00684 
 2457824.339924 11.89419 0.00680 
 2457824.377177 11.89254 0.00697 
 2457824.431548 11.89069 0.00750 
 2457825.321514 11.89976 0.00652 
 2457827.399681 11.89855 0.00573 
 2457828.312988 11.90363 0.00502 
 2457828.334703 11.90117 0.00518 
 2457828.351784 11.89476 0.00529 
 2457828.371168 11.89540 0.00538 
 2457829.334525 11.90584 0.00491 
 2457829.385947 11.89195 0.00518 
 2457830.287796 11.90428 0.00433 
 2457830.333291 11.89681 0.00444 
 2457830.418527 11.89713 0.00530 
 2457831.374047 11.89178 0.00461 
 2457832.316913 11.90804 0.00443 
 2457832.387368 11.89525 0.00446 
 2457833.352174 11.91220 0.00424 
 2457836.296772 11.89553 0.00443 
 2457836.318410 11.89534 0.00442 
 2457836.342379 11.88993 0.00441 
 2457836.366308 11.90476 0.00434 
 2457840.268522 11.89913 0.00445 
 2457840.340847 11.89065 0.00443 
 2457840.362686 11.90623 0.00437 
 2457840.385359 11.89951 0.00441 
 2457841.265056 11.88741 0.00456 
 2457841.289234 11.89588 0.00453 
 2457841.358954 11.90561 0.00427 
 2457841.381641 11.90232 0.00443 
 2457842.292398 11.88995 0.00448 
 2457842.317330 11.89563 0.00444 
 2457842.341478 11.89205 0.00443 
 2457842.363504 11.89414 0.00442 
 2457842.380625 11.89271 0.00437 
 2457843.292053 12.04048 0.00433 
 2457844.337290 11.89935 0.00439 
 2457845.300369 11.89035 0.00461 
 2457854.259863 11.88401 0.00614 
 2457854.279507 11.89892 0.00624 
 2457854.304630 11.88887 0.00636 
 2457854.347355 11.90044 0.00666 
 2457855.248030 11.90105 0.00590 
 2457855.265344 11.90682 0.00601 
 2457855.297569 11.89648 0.00619 
 2457855.332674 11.89047 0.00640 
 2457855.342298 11.89146 0.00659 
 2457857.332315 11.90296 0.00576 
 2457859.254693 11.89873 0.00457 
 2457859.278839 11.89831 0.00451 
 2457859.317971 11.89465 0.00490 
 2457859.333026 11.90757 0.00507 
 2457861.245380 11.89721 0.00443 
 2457861.267191 11.88245 0.00440 
 2457861.289272 11.88636 0.00442 
 2457861.311185 11.89355 0.00442 
 2457861.328369 11.88970 0.00440 
 2457862.267083 11.89664 0.00456 
 2457862.313082 11.89904 0.00447 
 2457865.296440 11.88541 0.00445 
 2457866.273510 11.89550 0.00460 
 2457866.295796 11.90640 0.00454 
 2457867.245189 11.90262 0.00451 
 2457867.269365 11.89024 0.00450 
 2457867.296027 11.88773 0.00444 
 2457867.313452 11.89724 0.00443 
 2457906.206882 11.91336 0.00622 
