\INPUT_FILE = /exodata/ETSS-prep/KELT/s12/raw/KELT_S12_lc_028632_V01_east_tfa.dat
\INPUT_TYPE = "RAW"
\START_DATE = "Sat Mar 13, 02:12:55 2010"               
\STOP_DATE = "Mon Aug 19, 17:32:01 2013"               
\fixlen = T
\NUMRECORDS = 1390     
\
\ This file was produced by the NASA Exoplanet Archive  http://exoplanetarchive.ipac.caltech.edu 
\ Wed Jan 08, 18:13:13 2020
\ Documentation for the KELT Survey dataset can be found at http://exoplanetarchive.ipac.caltech.edu/docs/KELT.html
\
|          TIME|     MAG|MAG_ERR|
|          real|    real|   real|
|             d|     mag|    mag|
|          null|    null|   null|
 2455268.592304 14.29431 0.02479 
 2455268.606111 14.23323 0.02579 
 2455268.617693 14.24766 0.02647 
 2455268.631484 14.24880 0.02436 
 2455274.570802 14.32934 0.03020 
 2455274.584595 14.28076 0.02767 
 2455274.596174 14.30608 0.02880 
 2455274.609966 14.25068 0.02616 
 2455274.623769 14.29364 0.02706 
 2455275.564208 14.21832 0.02593 
 2455275.577999 14.24727 0.02899 
 2455275.591847 14.28655 0.02813 
 2455275.603435 14.24727 0.02830 
 2455275.617228 14.25973 0.02761 
 2455275.633085 14.29440 0.02584 
 2455276.560064 14.26637 0.02614 
 2455276.573860 14.20990 0.02363 
 2455276.587661 14.22503 0.02565 
 2455276.599230 14.29023 0.02424 
 2455276.613041 14.29108 0.02306 
 2455277.556308 14.25829 0.02848 
 2455277.570121 14.28313 0.02602 
 2455277.583913 14.22407 0.02462 
 2455277.595506 14.29601 0.02575 
 2455277.609301 14.31176 0.02612 
 2455277.623096 14.27106 0.02619 
 2455277.636786 14.27973 0.02700 
 2455280.548821 14.21923 0.02308 
 2455280.562619 14.19703 0.02398 
 2455280.576426 14.28897 0.02476 
 2455280.588011 14.26018 0.02539 
 2455280.601812 14.26039 0.02503 
 2455280.615606 14.22889 0.02405 
 2455280.629299 14.27518 0.02479 
 2455281.552033 14.21953 0.02682 
 2455281.565826 14.24962 0.02691 
 2455281.577414 14.30331 0.02809 
 2455281.591214 14.24594 0.02601 
 2455281.605012 14.22860 0.02706 
 2455281.618657 14.25451 0.02578 
 2455281.632344 14.27731 0.02681 
 2455284.538458 14.31163 0.06512 
 2455284.548002 14.19696 0.05584 
 2455284.557536 14.29011 0.05431 
 2455284.567066 14.29630 0.05227 
 2455284.574376 14.38192 0.05445 
 2455284.583914 14.33277 0.05201 
 2455284.593452 14.27746 0.04758 
 2455284.605045 14.34315 0.05334 
 2455284.618727 14.25591 0.04348 
 2455285.533535 14.33713 0.06386 
 2455285.540048 14.32145 0.06440 
 2455285.546497 14.28464 0.05919 
 2455285.552946 14.25324 0.06148 
 2455285.559390 14.24739 0.05808 
 2455285.564649 14.37737 0.06413 
 2455285.572012 14.36527 0.06177 
 2455285.579374 14.27266 0.05899 
 2455285.586748 14.26673 0.05776 
 2455285.594126 14.34950 0.05820 
 2455285.603555 14.23927 0.05024 
 2455285.615083 14.30549 0.05678 
 2455293.519449 14.34703 0.03543 
 2455293.533247 14.38997 0.03516 
 2455293.544847 14.37577 0.03436 
 2455293.558651 14.41568 0.03484 
 2455293.572456 14.42197 0.03332 
 2455293.584040 14.40419 0.03428 
 2455294.518434 14.30595 0.03045 
 2455294.532238 14.28668 0.02836 
 2455294.543829 14.29564 0.02870 
 2455294.557628 14.28849 0.02799 
 2455294.571429 14.31963 0.02814 
 2455294.580958 14.33324 0.02824 
 2455294.590495 14.30099 0.02809 
 2455294.600029 14.28656 0.02721 
 2455297.514420 14.28026 0.02525 
 2455297.528227 14.27175 0.02407 
 2455297.539823 14.29423 0.02747 
 2455297.553618 14.28203 0.02017 
 2455297.567427 14.30533 0.02210 
 2455297.581114 14.25547 0.02700 
 2455298.498948 14.25697 0.02676 
 2455298.512762 14.24516 0.02661 
 2455298.526572 14.25636 0.02435 
 2455298.538158 14.31688 0.02766 
 2455298.551972 14.30673 0.02664 
 2455298.565793 14.30378 0.02536 
 2455298.579482 14.26072 0.02458 
 2455299.495744 14.29877 0.02641 
 2455299.509565 14.27878 0.02524 
 2455299.523375 14.30507 0.02510 
 2455299.534973 14.33912 0.02499 
 2455299.548780 14.29791 0.02622 
 2455299.562587 14.30635 0.02696 
 2455299.576291 14.28432 0.02531 
 2455300.494827 14.28599 0.02409 
 2455300.508655 14.29425 0.02386 
 2455300.522466 14.31458 0.02503 
 2455300.534063 14.29800 0.02359 
 2455300.547867 14.28690 0.02334 
 2455300.563736 14.33204 0.02487 
 2455300.577426 14.30328 0.02422 
 2455304.490509 14.38824 0.02836 
 2455304.504319 14.38347 0.02673 
 2455304.515910 14.47645 0.02953 
 2455304.529725 14.45657 0.02838 
 2455304.570929 14.41263 0.02680 
 2455305.487112 14.24918 0.02348 
 2455305.500941 14.26748 0.02379 
 2455305.512536 14.29939 0.02466 
 2455305.526327 14.36064 0.02494 
 2455305.540147 14.27760 0.02281 
 2455305.553801 14.31709 0.02486 
 2455305.567496 14.26500 0.02300 
 2455307.474401 14.27060 0.01460 
 2455308.477575 14.21395 0.02158 
 2455308.491392 14.26142 0.02289 
 2455310.473898 14.18308 0.03411 
 2455310.487594 14.27053 0.03419 
 2455312.460103 14.23384 0.04869 
 2455312.466509 14.26983 0.04626 
 2455312.472911 14.27524 0.04957 
 2455312.479305 14.22482 0.04649 
 2455312.485717 14.20039 0.04252 
 2455312.490946 14.25211 0.04686 
 2455312.498268 14.37323 0.04805 
 2455312.505590 14.29881 0.04440 
 2455312.512912 14.33054 0.04256 
 2455312.520239 14.27530 0.04118 
 2455312.541058 14.31139 0.05247 
 2455324.435136 14.24191 0.02462 
 2455324.448951 14.29509 0.02508 
 2455324.460554 14.25260 0.02539 
 2455324.474380 14.26048 0.02366 
 2455324.488199 14.29991 0.02570 
 2455324.501861 14.29325 0.02469 
 2455324.515562 14.25627 0.02992 
 2455332.417352 14.25265 0.02576 
 2455332.431183 14.27054 0.02496 
 2455332.442797 14.28234 0.02652 
 2455332.456633 14.28522 0.02463 
 2455332.470463 14.34114 0.02479 
 2455332.484181 14.29585 0.02404 
 2455337.393676 14.36439 0.03840 
 2455337.407509 14.38576 0.03315 
 2455337.421345 14.44099 0.03166 
 2455337.432964 14.45249 0.02829 
 2455337.446812 14.44862 0.02877 
 2455337.462713 14.46408 0.02819 
 2455337.476431 14.46944 0.02844 
 2455338.391773 14.25129 0.03515 
 2455338.403470 14.30498 0.03490 
 2455338.415166 14.30595 0.03725 
 2455338.424646 14.25335 0.03092 
 2455338.436256 14.32562 0.04137 
 2455338.447870 14.25853 0.03275 
 2455338.461543 14.31394 0.02772 
 2455338.475261 14.30237 0.02618 
 2455339.387270 14.29295 0.03933 
 2455339.393749 14.28788 0.03687 
 2455339.400223 14.26218 0.03611 
 2455339.406698 14.24496 0.03394 
 2455339.413170 14.29195 0.03529 
 2455339.418461 14.27739 0.03590 
 2455339.425856 14.23863 0.03301 
 2455339.433260 14.28099 0.03738 
 2455339.440657 14.23997 0.03313 
 2455339.448061 14.34493 0.03440 
 2455339.459635 14.29991 0.03212 
 2455339.471195 14.34585 0.03596 
 2455340.384297 14.25495 0.04872 
 2455340.386442 14.37414 0.05007 
 2455340.390706 14.31552 0.04753 
 2455340.392833 14.24889 0.04563 
 2455340.394959 14.29397 0.04404 
 2455340.397089 14.36868 0.04402 
 2455340.399233 14.32539 0.04645 
 2455340.401356 14.29980 0.04153 
 2455340.403488 14.19449 0.03939 
 2455340.405610 14.33284 0.04087 
 2455340.407740 14.30259 0.04167 
 2455340.409868 14.28750 0.04164 
 2455340.411993 14.27571 0.04209 
 2455340.414119 14.29105 0.04004 
 2455340.416244 14.28959 0.04004 
 2455340.418315 14.29371 0.03910 
 2455340.420510 14.27792 0.03934 
 2455340.422634 14.31439 0.03977 
 2455340.424762 14.34478 0.04082 
 2455340.426889 14.30299 0.03968 
 2455340.429016 14.28391 0.04199 
 2455340.431140 14.32928 0.04154 
 2455340.435394 14.34753 0.03921 
 2455340.437518 14.27618 0.03970 
 2455340.466459 14.31658 0.03860 
 2455340.473086 14.32812 0.03498 
 2455348.377369 14.38897 0.05069 
 2455348.391212 14.33639 0.04301 
 2455348.402859 14.38332 0.04193 
 2455348.416709 14.42825 0.04332 
 2455348.430561 14.39854 0.04624 
 2455348.440139 14.40639 0.04344 
 2455348.449715 14.40891 0.04567 
 2455353.348132 14.21683 0.02115 
 2455353.364044 14.26177 0.02101 
 2455353.377893 14.26726 0.02137 
 2455353.389521 14.31223 0.01999 
 2455353.403398 14.24167 0.01972 
 2455353.419319 14.29478 0.02133 
 2455353.433050 14.28088 0.02052 
 2455359.332126 14.29848 0.02122 
 2455359.346036 14.39326 0.02159 
 2455359.359952 14.40103 0.02299 
 2455359.371667 14.40280 0.02280 
 2455359.385587 14.39584 0.02112 
 2455359.399505 14.43580 0.02363 
 2455359.413437 14.38161 0.02245 
 2455365.320064 14.26532 0.02751 
 2455365.331821 14.23246 0.02560 
 2455365.343600 14.24034 0.02454 
 2455365.353136 14.32730 0.02482 
 2455365.364834 14.29272 0.02412 
 2455365.376502 14.29499 0.02303 
 2455365.390254 14.29492 0.01912 
 2455365.404086 14.30341 0.02114 
 2455368.308164 14.24379 0.03665 
 2455368.310325 14.32210 0.03821 
 2455368.312481 14.33335 0.03696 
 2455368.314642 14.27719 0.03560 
 2455368.316807 14.26574 0.03424 
 2455368.318975 14.30512 0.03516 
 2455368.321132 14.25168 0.03428 
 2455368.323329 14.31097 0.03551 
 2455368.325496 14.27256 0.03446 
 2455368.327661 14.30962 0.03540 
 2455368.329829 14.39796 0.03720 
 2455368.331991 14.28801 0.03421 
 2455368.334155 14.27598 0.03170 
 2455368.336311 14.32285 0.03420 
 2455368.338471 14.22712 0.03147 
 2455368.340645 14.28325 0.03408 
 2455368.342812 14.29355 0.03412 
 2455368.344977 14.27335 0.03369 
 2455368.347133 14.31836 0.03388 
 2455368.349294 14.33023 0.03382 
 2455368.351473 14.23972 0.03121 
 2455368.353631 14.28968 0.03272 
 2455368.355797 14.24197 0.03079 
 2455368.357963 14.33702 0.03329 
 2455368.360129 14.31707 0.03213 
 2455368.362292 14.22173 0.03052 
 2455368.366853 14.27618 0.03276 
 2455368.371421 14.28319 0.03097 
 2455368.378110 14.24522 0.03049 
 2455368.384815 14.25500 0.03186 
 2455368.391503 14.26813 0.03067 
 2455378.287516 14.24841 0.02340 
 2455378.301395 14.27134 0.02230 
 2455378.313051 14.32367 0.02407 
 2455378.326932 14.32070 0.02655 
 2455378.340810 14.39602 0.03384 
 2455378.354523 14.40656 0.03303 
 2455379.278869 14.20164 0.02200 
 2455379.292744 14.25435 0.02235 
 2455379.306625 14.29279 0.02287 
 2455379.318283 14.28428 0.02259 
 2455379.332147 14.26832 0.02173 
 2455379.348087 14.28050 0.02368 
 2455379.361869 14.29120 0.02469 
 2455380.283305 14.21287 0.02318 
 2455380.297192 14.25147 0.02386 
 2455380.308848 14.29885 0.02422 
 2455380.322729 14.31269 0.02528 
 2455380.336604 14.31021 0.02438 
 2455380.350385 14.31097 0.02217 
 2455380.364156 14.30210 0.02316 
 2455385.268782 14.35978 0.04688 
 2455385.282662 14.22501 0.02328 
 2455385.294328 14.27497 0.01637 
 2455385.308204 14.24316 0.02103 
 2455385.322083 14.28307 0.01796 
 2455385.335808 14.28315 0.01947 
 2455385.349583 14.27993 0.02033 
 2455391.248120 14.21220 0.02176 
 2455391.262007 14.25556 0.02229 
 2455391.275892 14.33521 0.02335 
 2455391.287557 14.31296 0.02390 
 2455391.301425 14.26703 0.02249 
 2455391.317362 14.28351 0.02370 
 2455391.331125 14.28233 0.02225 
 2455394.236039 14.25758 0.02505 
 2455394.242611 14.25312 0.02566 
 2455394.249202 14.26481 0.02478 
 2455394.255752 14.24275 0.02509 
 2455394.262372 14.23183 0.02509 
 2455394.267728 14.27551 0.02324 
 2455394.275231 14.27797 0.02535 
 2455394.282719 14.28937 0.02482 
 2455394.290217 14.28269 0.02266 
 2455394.297695 14.28842 0.02475 
 2455394.309361 14.35491 0.02404 
 2455394.321034 14.29689 0.02226 
 2455395.231926 14.27809 0.02919 
 2455395.234111 14.29221 0.03012 
 2455395.236294 14.29374 0.02947 
 2455395.238467 14.31015 0.02900 
 2455395.240653 14.29489 0.02845 
 2455395.242830 14.33618 0.02938 
 2455395.245004 14.30512 0.02937 
 2455395.247182 14.34676 0.02825 
 2455395.249355 14.35824 0.02945 
 2455395.251531 14.29326 0.02692 
 2455395.253710 14.29257 0.02594 
 2455395.255890 14.26407 0.02481 
 2455395.258060 14.30880 0.02756 
 2455395.260239 14.24821 0.02514 
 2455395.262420 14.27298 0.02737 
 2455395.264602 14.28328 0.02622 
 2455395.266773 14.31365 0.02746 
 2455395.268951 14.26591 0.02645 
 2455395.271135 14.31457 0.02626 
 2455395.273317 14.31654 0.02574 
 2455395.275492 14.29283 0.02430 
 2455395.277663 14.29897 0.02625 
 2455395.279841 14.27556 0.02594 
 2455395.282020 14.30974 0.02649 
 2455395.284271 14.26260 0.02550 
 2455395.286450 14.27559 0.02414 
 2455395.288665 14.29483 0.02542 
 2455395.293254 14.32638 0.02652 
 2455395.297856 14.28847 0.02377 
 2455395.304564 14.32597 0.02577 
 2455395.311263 14.26347 0.02523 
 2455395.317966 14.31115 0.02375 
 2455396.228097 14.25619 0.03333 
 2455396.230285 14.23233 0.03042 
 2455396.232465 14.32079 0.03477 
 2455396.234637 14.29019 0.03335 
 2455396.236817 14.27977 0.03308 
 2455396.238997 14.32884 0.03339 
 2455396.241177 14.29802 0.03274 
 2455396.243364 14.28255 0.03068 
 2455396.245539 14.28863 0.03210 
 2455396.247723 14.31032 0.03411 
 2455396.249893 14.32649 0.03141 
 2455396.252080 14.32686 0.03305 
 2455396.254266 14.29408 0.03126 
 2455396.256436 14.22132 0.03032 
 2455396.258618 14.28164 0.03193 
 2455396.260828 14.25134 0.03056 
 2455396.263014 14.29849 0.03245 
 2455396.265192 14.21379 0.02996 
 2455396.267374 14.30306 0.03295 
 2455396.269555 14.26773 0.03084 
 2455396.271741 14.28911 0.02946 
 2455396.273914 14.31667 0.03331 
 2455396.276098 14.28139 0.03109 
 2455396.278296 14.31194 0.03295 
 2455396.280473 14.28231 0.03036 
 2455396.282648 14.31308 0.02941 
 2455396.284831 14.31446 0.03081 
 2455396.289415 14.28425 0.02990 
 2455396.294011 14.31268 0.03050 
 2455396.300725 14.25792 0.03192 
 2455396.307424 14.30047 0.03190 
 2455396.314149 14.27725 0.02864 
 2455396.320862 14.29330 0.02998 
 2455405.221997 14.26745 0.02883 
 2455405.228509 14.24878 0.03117 
 2455405.240239 14.21933 0.04247 
 2455405.254200 14.22873 0.04761 
 2455405.268147 14.32677 0.05428 
 2455405.282005 14.27825 0.05530 
 2455406.222379 14.31060 0.02688 
 2455406.228868 14.25476 0.02328 
 2455406.240571 14.25888 0.02399 
 2455406.254493 14.24888 0.02209 
 2455406.268416 14.27467 0.02982 
 2455406.282229 14.29066 0.03832 
 2455408.222987 14.26433 0.02413 
 2455408.228275 14.28907 0.02787 
 2455408.242181 14.31496 0.02771 
 2455408.256080 14.26640 0.02457 
 2455408.272042 14.33648 0.02501 
 2455408.285839 14.26764 0.02372 
 2455409.225292 14.25575 0.02718 
 2455409.230578 14.26508 0.02544 
 2455409.244490 14.23645 0.02369 
 2455409.258418 14.29340 0.02324 
 2455409.272232 14.26144 0.02321 
 2455409.286040 14.30167 0.02185 
 2455410.221948 14.25322 0.02395 
 2455410.224070 14.29392 0.02427 
 2455410.238019 14.29175 0.02304 
 2455410.251954 14.24817 0.02099 
 2455410.267946 14.24983 0.02296 
 2455410.281743 14.24915 0.02206 
 2455411.226659 14.41109 0.02762 
 2455411.240579 14.43137 0.02572 
 2455412.223010 14.31108 0.02197 
 2455412.225131 14.30203 0.02204 
 2455412.227249 14.33940 0.02169 
 2455412.241210 14.31250 0.02049 
 2455412.255167 14.28526 0.01876 
 2455412.269033 14.31772 0.02096 
 2455413.223143 14.27467 0.02418 
 2455413.225272 14.27647 0.02427 
 2455413.227388 14.31600 0.02519 
 2455413.241375 14.28484 0.02377 
 2455413.257428 14.28900 0.02207 
 2455413.271303 14.26153 0.02286 
 2455415.224473 14.28724 0.02276 
 2455415.226589 14.23791 0.02364 
 2455415.254523 14.21715 0.02202 
 2455415.268355 14.26358 0.02162 
 2455416.224890 14.28193 0.02372 
 2455416.227009 14.24755 0.02474 
 2455416.240915 14.27346 0.02480 
 2455416.254715 14.29707 0.02241 
 2455418.233110 14.29722 0.02069 
 2455418.246994 14.27886 0.01952 
 2455418.260846 14.31075 0.02114 
 2455419.226029 14.26852 0.02106 
 2455419.230578 14.27846 0.02212 
 2455419.244425 14.23902 0.01930 
 2455419.258283 14.26580 0.01998 
 2455420.227295 14.28284 0.02088 
 2455420.233965 14.29463 0.02182 
 2455421.227304 14.23880 0.02458 
 2455421.233981 14.24645 0.02207 
 2455421.245679 14.25052 0.01429 
 2455422.228353 14.44820 0.02639 
 2455422.235019 14.43270 0.02524 
 2455422.241752 14.40695 0.02322 
 2455422.248478 14.47248 0.02534 
 2455423.234661 14.29475 0.02364 
 2455423.241384 14.31674 0.02659 
 2455648.540186 14.34137 0.03029 
 2455648.554484 14.29161 0.02735 
 2455648.580553 14.30150 0.06340 
 2455648.594847 14.27886 0.02599 
 2455648.608969 14.28187 0.02634 
 2455648.618721 14.30366 0.02702 
 2455648.628472 14.29565 0.02815 
 2455649.538785 14.41328 0.03266 
 2455649.552908 14.38628 0.02943 
 2455649.567075 14.37969 0.02922 
 2455649.578929 14.40899 0.02894 
 2455649.593071 14.36221 0.02740 
 2455649.607195 14.32166 0.02773 
 2455649.616942 14.36750 0.02836 
 2455649.626704 14.36070 0.02766 
 2455650.537175 14.20751 0.02373 
 2455650.551286 14.27258 0.02299 
 2455650.565451 14.30052 0.02362 
 2455650.577345 14.30236 0.02487 
 2455650.591554 14.23515 0.02185 
 2455650.605665 14.24275 0.02229 
 2455650.617558 14.30445 0.02507 
 2455654.566942 14.34497 0.02415 
 2455654.581215 14.27982 0.02209 
 2455654.597450 14.23803 0.02059 
 2455654.611526 14.33022 0.02119 
 2455655.522543 14.24780 0.02573 
 2455655.536815 14.20493 0.02082 
 2455655.551123 14.30976 0.02258 
 2455655.563031 14.26124 0.02232 
 2455655.577212 14.28150 0.02200 
 2455655.593525 14.26325 0.02221 
 2455655.607562 14.28894 0.02241 
 2455656.520150 14.22708 0.02605 
 2455656.534451 14.25054 0.02400 
 2455656.548745 14.33487 0.02574 
 2455656.560626 14.31513 0.02722 
 2455656.574770 14.32002 0.02611 
 2455656.591136 14.26370 0.02391 
 2455656.605272 14.26492 0.02295 
 2455657.517501 14.30231 0.02657 
 2455657.531643 14.31137 0.02472 
 2455657.545795 14.38187 0.02498 
 2455657.557674 14.38065 0.02623 
 2455657.571820 14.39732 0.02527 
 2455657.588089 14.43444 0.02412 
 2455660.521158 14.38872 0.02657 
 2455660.535334 14.35071 0.02571 
 2455660.547228 14.32199 0.02701 
 2455660.561361 14.31411 0.02519 
 2455660.575503 14.29330 0.02453 
 2455661.505501 14.27614 0.02631 
 2455661.519842 14.25960 0.02618 
 2455661.533988 14.25503 0.02567 
 2455661.545872 14.31368 0.02665 
 2455661.560048 14.31118 0.02473 
 2455661.576384 14.28313 0.02211 
 2455661.590504 14.23984 0.02210 
 2455664.506068 14.24274 0.02329 
 2455664.520367 14.26212 0.02441 
 2455664.532374 14.25802 0.02274 
 2455664.546592 14.30980 0.02545 
 2455664.560736 14.24817 0.02382 
 2455666.525892 14.24081 0.04215 
 2455666.537680 14.36921 0.03666 
 2455666.549466 14.18357 0.03580 
 2455666.577342 14.19354 0.02313 
 2455682.448798 14.27938 0.02458 
 2455682.462850 14.26897 0.02485 
 2455682.477059 14.31813 0.02712 
 2455682.488868 14.24920 0.02534 
 2455682.503012 14.30304 0.02649 
 2455682.533330 14.25943 0.02516 
 2455692.426961 14.28026 0.03083 
 2455692.441072 14.20112 0.02575 
 2455692.452939 14.26848 0.02754 
 2455692.467027 14.26380 0.02705 
 2455692.481145 14.27931 0.02556 
 2455692.497268 14.30185 0.02661 
 2455693.420549 14.30671 0.03409 
 2455693.434697 14.23462 0.02938 
 2455693.446575 14.31719 0.03001 
 2455693.460676 14.26223 0.02844 
 2455693.474796 14.27014 0.02579 
 2455693.491056 14.23983 0.02316 
 2455693.505072 14.23940 0.02374 
 2455694.414626 14.23810 0.03322 
 2455694.424390 14.21570 0.03582 
 2455694.434189 14.32064 0.03774 
 2455694.451469 14.25354 0.03345 
 2455694.461268 14.27268 0.03218 
 2455694.471024 14.31314 0.03298 
 2455694.482888 14.28819 0.02987 
 2455694.496874 14.24508 0.03234 
 2455695.413533 14.33630 0.04566 
 2455695.420141 14.25208 0.03493 
 2455695.426775 14.25033 0.03975 
 2455695.433412 14.30224 0.03335 
 2455695.441077 14.34476 0.03762 
 2455695.446482 14.32405 0.03763 
 2455695.453993 14.25994 0.03700 
 2455695.461549 14.25312 0.03605 
 2455695.469097 14.26652 0.03370 
 2455695.478764 14.30424 0.03260 
 2455695.490555 14.29158 0.03365 
 2455714.367895 14.26803 0.02066 
 2455714.382027 14.28395 0.01407 
 2455714.393910 14.30573 0.02446 
 2455714.408032 14.28590 0.02199 
 2455714.422182 14.32294 0.02182 
 2455714.436203 14.32045 0.02265 
 2455715.365316 14.22807 0.02398 
 2455715.379441 14.22983 0.02128 
 2455715.391321 14.24556 0.02136 
 2455715.405453 14.27566 0.02137 
 2455715.419640 14.24502 0.02075 
 2455715.433717 14.27702 0.02147 
 2455716.384808 14.37131 0.05008 
 2455717.351924 14.28981 0.02659 
 2455717.366078 14.23647 0.02450 
 2455717.380255 14.27435 0.02490 
 2455717.392163 14.31760 0.02412 
 2455717.406368 14.28429 0.02380 
 2455717.422628 14.35224 0.02462 
 2455717.436670 14.31664 0.02139 
 2455718.358686 14.23190 0.02370 
 2455718.372822 14.29844 0.02171 
 2455718.384676 14.24775 0.01935 
 2455719.382553 14.31015 0.02774 
 2455719.396702 14.28679 0.02415 
 2455719.410818 14.27015 0.02433 
 2455719.424822 14.30215 0.02457 
 2455731.332910 14.25637 0.03992 
 2455731.345099 14.30202 0.04079 
 2455731.373825 14.22856 0.03912 
 2455731.385876 14.28996 0.03978 
 2455731.395920 14.28634 0.03823 
 2455733.314381 14.27508 0.02416 
 2455733.328520 14.26915 0.02256 
 2455733.340411 14.31037 0.02186 
 2455733.354597 14.28525 0.02253 
 2455733.368818 14.33173 0.02686 
 2455733.382828 14.29589 0.02822 
 2455733.396865 14.25983 0.02677 
 2455734.394625 14.43537 0.02569 
 2455739.294503 14.29504 0.02371 
 2455739.308744 14.27918 0.02204 
 2455739.322940 14.26026 0.02116 
 2455739.334897 14.27232 0.02181 
 2455739.349081 14.32015 0.02008 
 2455739.365409 14.29750 0.01961 
 2455739.379496 14.30729 0.01887 
 2455740.294634 14.28698 0.02242 
 2455740.308824 14.27175 0.02186 
 2455740.320752 14.28318 0.01986 
 2455740.334981 14.27302 0.02160 
 2455740.349187 14.32787 0.02253 
 2455740.363243 14.29912 0.02175 
 2455740.377278 14.31001 0.02229 
 2455743.282028 14.28986 0.02308 
 2455743.288599 14.26769 0.02081 
 2455743.302732 14.23612 0.02051 
 2455743.314596 14.27753 0.02030 
 2455743.328696 14.28088 0.01967 
 2455743.342850 14.30860 0.02003 
 2455743.356888 14.24350 0.01806 
 2455744.288299 14.24026 0.02046 
 2455744.302420 14.27676 0.01915 
 2455744.314301 14.34231 0.02039 
 2455744.328502 14.32051 0.01945 
 2455744.342620 14.33517 0.01867 
 2455744.356637 14.29771 0.01866 
 2455749.279393 14.27151 0.03066 
 2455749.314489 14.31717 0.02463 
 2455751.263973 14.28276 0.04208 
 2455751.266239 14.30748 0.04033 
 2455751.268485 14.26777 0.03365 
 2455751.270734 14.29672 0.03519 
 2455751.273005 14.36975 0.03896 
 2455751.275264 14.26313 0.03714 
 2455751.277521 14.26681 0.03579 
 2455751.279778 14.36602 0.03494 
 2455751.282048 14.28297 0.03170 
 2455751.284300 14.33569 0.03334 
 2455751.286566 14.28967 0.03242 
 2455751.288863 14.29760 0.03086 
 2455751.291124 14.30455 0.03437 
 2455751.293372 14.28517 0.03458 
 2455751.295686 14.33003 0.03711 
 2455751.297949 14.27724 0.03480 
 2455751.300205 14.26466 0.03225 
 2455751.302501 14.28808 0.03366 
 2455751.304768 14.25687 0.03402 
 2455751.309281 14.31987 0.03478 
 2455751.311539 14.28881 0.03603 
 2455751.313800 14.33442 0.03521 
 2455751.318480 14.34752 0.03467 
 2455751.323163 14.31978 0.03340 
 2455751.329975 14.25616 0.03207 
 2455751.336805 14.28724 0.03262 
 2455751.343632 14.30605 0.02986 
 2455760.240942 14.27640 0.02336 
 2455760.255476 14.23203 0.02721 
 2455761.271639 14.27778 0.04378 
 2455761.302593 14.29328 0.02197 
 2455761.316803 14.31035 0.02538 
 2455762.237095 14.25788 0.02759 
 2455762.251443 14.24327 0.02513 
 2455762.263572 14.24153 0.02402 
 2455762.277928 14.29452 0.02158 
 2455762.292203 14.31681 0.02322 
 2455762.306365 14.24890 0.02297 
 2455763.226950 14.26255 0.02783 
 2455763.241246 14.27418 0.02798 
 2455763.255581 14.22396 0.02298 
 2455763.267564 14.26571 0.02157 
 2455763.281957 14.25458 0.02185 
 2455763.298400 14.29865 0.02259 
 2455763.312558 14.29758 0.02273 
 2455764.223443 14.25632 0.02569 
 2455764.237737 14.27178 0.02707 
 2455764.252006 14.25494 0.02367 
 2455764.263967 14.33783 0.02368 
 2455764.278395 14.31010 0.02568 
 2455764.294825 14.30820 0.02553 
 2455764.309046 14.39099 0.02464 
 2455765.220454 14.25568 0.02523 
 2455765.227103 14.27244 0.02299 
 2455765.241382 14.29920 0.02291 
 2455765.253385 14.24027 0.02271 
 2455765.267834 14.31017 0.02434 
 2455765.282130 14.28088 0.02441 
 2455765.296386 14.26709 0.02217 
 2455765.310635 14.27451 0.02106 
 2455772.226353 14.25757 0.02151 
 2455772.238131 14.31404 0.02135 
 2455772.252187 14.27481 0.02274 
 2455772.266238 14.23901 0.02175 
 2455772.280215 14.29831 0.02051 
 2455773.222910 14.26047 0.02577 
 2455773.228235 14.31540 0.02487 
 2455773.242290 14.23263 0.02333 
 2455773.256374 14.32072 0.02755 
 2455773.272583 14.28151 0.02384 
 2455773.286586 14.31358 0.02591 
 2455774.227877 14.28652 0.02644 
 2455774.239648 14.29172 0.02451 
 2455774.253701 14.28200 0.02348 
 2455774.269823 14.28080 0.02250 
 2455774.283761 14.26736 0.02266 
 2455775.225085 14.33931 0.02625 
 2455775.236820 14.31566 0.02545 
 2455775.248593 14.32792 0.02426 
 2455775.262457 14.35949 0.02571 
 2455775.276413 14.38680 0.02540 
 2455776.221244 14.26260 0.02936 
 2455776.223358 14.27179 0.03077 
 2455776.225477 14.24921 0.02936 
 2455776.232935 14.26589 0.02647 
 2455776.247852 14.25045 0.02421 
 2455777.223375 14.26661 0.02253 
 2455777.225484 14.24374 0.02492 
 2455777.232952 14.26530 0.02495 
 2455777.247895 14.26392 0.02719 
 2455777.257441 14.27248 0.02325 
 2455777.269121 14.31364 0.02442 
 2455787.231015 14.37394 0.04753 
 2455787.245164 14.28932 0.04761 
 2455788.230047 14.26850 0.03441 
 2455788.243949 14.26295 0.03518 
 2455789.228019 14.34299 0.03052 
 2455789.234672 14.32468 0.03550 
 2455790.231280 14.27264 0.02267 
 2455791.227588 14.23920 0.02453 
 2455791.234366 14.30324 0.02173 
 2455984.618345 14.34560 0.02783 
 2455986.611835 14.24625 0.02343 
 2455986.619396 14.27168 0.02459 
 2455986.623898 14.28098 0.02420 
 2455987.614041 14.25935 0.02530 
 2455987.618581 14.27050 0.02619 
 2455988.606242 14.32715 0.02623 
 2455988.613746 14.29302 0.02475 
 2455988.618239 14.26153 0.02360 
 2455988.625740 14.30274 0.02422 
 2455988.630206 14.30408 0.02438 
 2455993.593471 14.26371 0.04545 
 2455993.597936 14.27053 0.04681 
 2455993.605386 14.29773 0.04449 
 2455993.609832 14.31119 0.04537 
 2455993.617287 14.31896 0.04257 
 2455993.621739 14.32267 0.03755 
 2455994.611963 14.27604 0.05142 
 2455994.616481 14.30000 0.04738 
 2455994.621899 14.29592 0.04687 
 2455994.624083 14.24425 0.04614 
 2456004.564207 14.32075 0.02701 
 2456004.568694 14.27122 0.02351 
 2456004.576192 14.26406 0.02453 
 2456004.588168 14.32088 0.02465 
 2456004.592649 14.32661 0.02372 
 2456004.602417 14.27816 0.02334 
 2456004.604624 14.26505 0.02307 
 2456004.614400 14.29991 0.02203 
 2456004.616583 14.34142 0.02310 
 2456004.626344 14.26955 0.02186 
 2456004.628527 14.30168 0.02218 
 2456004.636170 14.24890 0.02183 
 2456004.638348 14.31828 0.02281 
 2456006.559362 14.34703 0.02761 
 2456006.566863 14.29833 0.02649 
 2456006.571365 14.32392 0.02462 
 2456006.578880 14.26930 0.02254 
 2456006.583364 14.21671 0.02261 
 2456006.593127 14.34142 0.02440 
 2456006.595314 14.29164 0.02393 
 2456006.605142 14.33693 0.02306 
 2456006.607314 14.30211 0.02284 
 2456006.617069 14.28744 0.02304 
 2456006.621701 14.27451 0.02193 
 2456006.629372 14.27695 0.02111 
 2456006.634011 14.26754 0.02075 
 2456007.556244 14.30861 0.02789 
 2456007.563741 14.25285 0.02661 
 2456007.568225 14.24075 0.02826 
 2456007.575708 14.26013 0.02715 
 2456007.580170 14.26745 0.02602 
 2456007.589931 14.27044 0.02448 
 2456007.592104 14.27703 0.02589 
 2456007.601928 14.29993 0.02606 
 2456007.604114 14.28281 0.02480 
 2456007.613890 14.31476 0.02674 
 2456007.618534 14.28839 0.02559 
 2456007.626193 14.35245 0.02667 
 2456007.630820 14.30433 0.02616 
 2456012.543718 14.33780 0.02747 
 2456012.548253 14.30324 0.02651 
 2456012.555825 14.28245 0.02389 
 2456012.560357 14.27669 0.02501 
 2456012.567919 14.22383 0.02477 
 2456012.573369 14.30121 0.02559 
 2456012.583311 14.26778 0.02400 
 2456012.585515 14.27415 0.02371 
 2456012.595363 14.27059 0.02518 
 2456012.600088 14.31627 0.02438 
 2456012.609898 14.30453 0.02457 
 2456012.614567 14.30954 0.02428 
 2456012.622266 14.29127 0.02290 
 2456012.626934 14.27150 0.02247 
 2456013.626084 14.45337 0.02686 
 2456015.533573 14.28850 0.03198 
 2456015.541071 14.35253 0.03082 
 2456015.545572 14.31523 0.02970 
 2456015.553229 14.33156 0.03024 
 2456015.557774 14.29340 0.03049 
 2456015.567634 14.28222 0.02883 
 2456015.569866 14.27847 0.02885 
 2456015.579750 14.28781 0.02698 
 2456015.581955 14.26903 0.02729 
 2456015.591763 14.31721 0.02680 
 2456015.596435 14.28923 0.02630 
 2456015.604245 14.28123 0.02573 
 2456015.608928 14.26111 0.02482 
 2456015.616642 14.31513 0.02577 
 2456015.621318 14.36204 0.02836 
 2456018.528100 14.32900 0.02325 
 2456018.583367 14.28043 0.02442 
 2456018.593084 14.28448 0.02446 
 2456018.597701 14.34219 0.02471 
 2456018.605374 14.30538 0.02393 
 2456018.609984 14.30100 0.02393 
 2456019.522698 14.26464 0.02693 
 2456019.530333 14.30082 0.02691 
 2456019.534844 14.24044 0.02724 
 2456019.542396 14.30450 0.02786 
 2456019.546898 14.28705 0.02788 
 2456019.556785 14.30582 0.02793 
 2456019.558988 14.31730 0.02787 
 2456019.568785 14.29116 0.02677 
 2456019.570955 14.30934 0.02708 
 2456019.580824 14.31429 0.02826 
 2456019.585505 14.32761 0.02770 
 2456019.593192 14.32602 0.02678 
 2456019.597840 14.30438 0.02794 
 2456019.605501 14.28882 0.02550 
 2456019.610139 14.30337 0.02700 
 2456020.521088 14.33794 0.03632 
 2456020.528514 14.30882 0.03254 
 2456020.532951 14.30747 0.03187 
 2456020.540392 14.23647 0.02869 
 2456020.544992 14.26711 0.02881 
 2456020.554735 14.27101 0.02759 
 2456020.556903 14.32478 0.02873 
 2456020.566650 14.28617 0.02604 
 2456020.568813 14.30982 0.02685 
 2456020.578513 14.28096 0.02452 
 2456020.583133 14.28540 0.02532 
 2456020.590691 14.31870 0.02681 
 2456020.595400 14.24633 0.02581 
 2456020.603154 14.27819 0.02673 
 2456020.607785 14.24712 0.02625 
 2456021.519895 14.29061 0.04471 
 2456021.524380 14.25061 0.04154 
 2456021.531807 14.27046 0.04018 
 2456021.536253 14.26813 0.03985 
 2456021.543727 14.26851 0.03985 
 2456021.549146 14.35348 0.04229 
 2456021.558919 14.23168 0.03735 
 2456021.561094 14.30973 0.03941 
 2456021.570834 14.34665 0.03542 
 2456021.575449 14.27568 0.03065 
 2456021.585201 14.29934 0.02945 
 2456021.589865 14.20267 0.02680 
 2456021.597517 14.31685 0.02804 
 2456021.602156 14.35811 0.03003 
 2456131.220130 14.41335 0.02972 
 2456131.224534 14.40268 0.02811 
 2456131.231064 14.43049 0.02959 
 2456131.240842 14.42628 0.02825 
 2456131.246164 14.38477 0.02818 
 2456131.248328 14.42510 0.02742 
 2456131.255947 14.40566 0.04657 
 2456131.265705 14.40472 0.02563 
 2456131.267900 14.39678 0.02582 
 2456131.275499 14.44080 0.02512 
 2456131.280103 14.40789 0.01834 
 2456131.298361 14.39322 0.02359 
 2456131.305132 14.39322 0.02614 
 2456132.217593 14.25914 0.02619 
 2456132.221989 14.27624 0.02882 
 2456132.224098 14.24728 0.02763 
 2456132.228530 14.26097 0.02592 
 2456132.230817 14.25453 0.02594 
 2456132.235286 14.31807 0.02732 
 2456132.237574 14.26647 0.02617 
 2456132.242025 14.29368 0.02528 
 2456132.244319 14.27306 0.02537 
 2456132.246483 14.31404 0.02665 
 2456132.251981 14.21808 0.02507 
 2456132.254142 14.23031 0.02477 
 2456132.259630 14.26748 0.02472 
 2456132.261798 14.24429 0.02447 
 2456132.267302 14.27311 0.02348 
 2456132.271896 14.26237 0.02304 
 2456132.277383 14.25964 0.02342 
 2456132.284176 14.29788 0.02264 
 2456132.291781 14.26150 0.02247 
 2456132.298529 14.26370 0.02251 
 2456132.306146 14.29050 0.02241 
 2456133.219188 14.30745 0.02735 
 2456133.221358 14.26371 0.02729 
 2456133.223483 14.28091 0.02783 
 2456133.225657 14.32678 0.02924 
 2456133.227984 14.29426 0.02726 
 2456133.230166 14.22505 0.02549 
 2456133.232474 14.27388 0.02622 
 2456133.234655 14.29976 0.02720 
 2456133.236958 14.31120 0.02647 
 2456133.239129 14.27989 0.02612 
 2456133.241434 14.27716 0.02502 
 2456133.243641 14.29244 0.02627 
 2456133.245945 14.30204 0.02635 
 2456133.248119 14.28713 0.02742 
 2456133.250447 14.30262 0.02664 
 2456133.252618 14.28512 0.02576 
 2456133.254940 14.28209 0.02548 
 2456133.257110 14.24167 0.02554 
 2456133.259412 14.26128 0.02350 
 2456133.261584 14.28748 0.02602 
 2456133.263882 14.28713 0.02654 
 2456133.266058 14.28016 0.02576 
 2456133.268366 14.28905 0.02489 
 2456133.272972 14.28458 0.02435 
 2456133.277567 14.24731 0.02406 
 2456133.284335 14.28926 0.02372 
 2456133.288965 14.29809 0.02536 
 2456133.295728 14.28226 0.02503 
 2456133.300333 14.33373 0.02474 
 2456134.218624 14.33302 0.03196 
 2456134.220775 14.29783 0.03270 
 2456134.222889 14.30318 0.03448 
 2456134.225047 14.30527 0.03181 
 2456134.227350 14.25701 0.03020 
 2456134.229617 14.30388 0.03052 
 2456134.231928 14.35206 0.03247 
 2456134.234099 14.35740 0.03316 
 2456134.236390 14.34792 0.03671 
 2456134.238562 14.28507 0.02400 
 2456134.240869 14.36478 0.03109 
 2456134.243040 14.36314 0.03041 
 2456134.245345 14.32387 0.03012 
 2456134.247512 14.30388 0.02778 
 2456134.249815 14.30283 0.02957 
 2456134.251994 14.28260 0.02627 
 2456134.254303 14.34374 0.02046 
 2456134.256484 14.34818 0.02966 
 2456134.258783 14.29175 0.02802 
 2456134.260985 14.30997 0.02300 
 2456134.263293 14.36749 0.03235 
 2456134.267917 14.31721 0.01992 
 2456134.270241 14.29149 0.02904 
 2456134.277002 14.32746 0.02734 
 2456134.281591 14.29521 0.02759 
 2456134.288364 14.31025 0.02789 
 2456134.292957 14.36056 0.02738 
 2456134.299731 14.26885 0.02928 
 2456143.227496 14.26787 0.02540 
 2456143.229746 14.24771 0.02497 
 2456143.239501 14.29905 0.02931 
 2456143.244118 14.24754 0.02900 
 2456143.251765 14.30443 0.03499 
 2456143.258544 14.27902 0.03502 
 2456143.268299 14.26051 0.03690 
 2456143.275182 14.21722 0.03759 
 2456149.225729 14.30247 0.02353 
 2456149.230323 14.29793 0.02278 
 2456149.241524 14.26958 0.02099 
 2456149.251366 14.29476 0.02167 
 2456149.258138 14.30038 0.02008 
 2456157.230623 14.32177 0.02389 
 2456157.237347 14.30627 0.02339 
 2456158.233047 14.33361 0.02239 
 2456362.586415 14.31224 0.02885 
 2456362.590893 14.29824 0.02772 
 2456362.598369 14.26331 0.02627 
 2456362.602799 14.27231 0.02512 
 2456362.610212 14.26281 0.02452 
 2456362.627331 14.23612 0.02420 
 2456363.582594 14.32710 0.02539 
 2456363.590104 14.28551 0.02571 
 2456363.594562 14.36302 0.02703 
 2456363.602002 14.33524 0.02589 
 2456363.606458 14.31967 0.02564 
 2456363.616172 14.27547 0.02474 
 2456363.618338 14.26344 0.02295 
 2456363.628046 14.31802 0.02386 
 2456363.630209 14.29849 0.02341 
 2456364.578567 14.34541 0.02721 
 2456364.585945 14.28351 0.02620 
 2456364.590376 14.29032 0.02750 
 2456364.597791 14.31334 0.02629 
 2456364.602235 14.31249 0.02656 
 2456364.611923 14.26128 0.02421 
 2456364.614081 14.31888 0.02632 
 2456364.623766 14.28091 0.02400 
 2456364.625917 14.29433 0.02459 
 2456366.573507 14.39463 0.03213 
 2456366.577951 14.39649 0.03322 
 2456366.589821 14.40321 0.03036 
 2456366.601670 14.37433 0.03012 
 2456366.613545 14.40133 0.02887 
 2456366.623218 14.38232 0.02813 
 2456366.625443 14.40764 0.03000 
 2456371.561030 14.29571 0.02564 
 2456371.565472 14.27970 0.02436 
 2456371.572926 14.30985 0.02388 
 2456371.577379 14.29478 0.02239 
 2456371.584815 14.29192 0.02233 
 2456371.590173 14.26179 0.02386 
 2456371.599890 14.25933 0.02247 
 2456371.602041 14.25866 0.02178 
 2456371.611726 14.25309 0.02116 
 2456371.613890 14.28080 0.02169 
 2456371.623632 14.29855 0.02105 
 2456372.560175 14.20965 0.02384 
 2456372.564605 14.31666 0.02507 
 2456372.572011 14.27902 0.02576 
 2456372.576444 14.22752 0.02545 
 2456372.583855 14.27068 0.02731 
 2456372.589223 14.27398 0.02497 
 2456372.598910 14.29398 0.02431 
 2456372.601084 14.24421 0.02292 
 2456372.610800 14.28803 0.02369 
 2456372.615411 14.33853 0.02492 
 2456372.625131 14.30191 0.02371 
 2456372.631853 14.26107 0.02331 
 2456373.553344 14.22941 0.02593 
 2456373.557774 14.24694 0.02477 
 2456373.565180 14.28228 0.02588 
 2456373.569604 14.28029 0.02467 
 2456373.577048 14.30060 0.02621 
 2456373.581489 14.26114 0.02473 
 2456373.591190 14.23554 0.02340 
 2456373.593350 14.26624 0.02299 
 2456373.603034 14.28104 0.02363 
 2456373.605197 14.27491 0.02361 
 2456373.614968 14.28991 0.02264 
 2456373.621733 14.30793 0.02257 
 2456373.631461 14.25721 0.02157 
 2456373.638250 14.29214 0.02059 
 2456374.580172 14.30743 0.00348 
 2456374.582348 14.30177 0.02868 
 2456374.592062 14.27144 0.02638 
 2456374.594340 14.30325 0.02750 
 2456374.604042 14.35077 0.02834 
 2456374.608666 14.29783 0.02658 
 2456374.618339 14.25223 0.02474 
 2456374.625086 14.23023 0.02533 
 2456374.634809 14.38221 0.02718 
 2456374.641584 14.31881 0.02626 
 2456386.517099 14.28055 0.03165 
 2456386.524578 14.27980 0.03183 
 2456386.529043 14.37345 0.03633 
 2456386.536533 14.29008 0.03203 
 2456386.541037 14.27553 0.03103 
 2456386.548515 14.36467 0.03382 
 2456386.550698 14.31071 0.03178 
 2456386.560449 14.32906 0.03117 
 2456386.562615 14.29571 0.03114 
 2456386.572344 14.31636 0.03099 
 2456386.574524 14.35674 0.03135 
 2456386.592596 14.24477 0.02791 
 2456388.511699 14.40215 0.03069 
 2456388.531160 14.43040 0.02760 
 2456388.545293 14.41432 0.02656 
 2456388.555064 14.36908 0.03320 
 2456388.571801 14.38318 0.02541 
 2456388.586276 14.40546 0.02869 
 2456388.596115 14.43225 0.02790 
 2456388.602905 14.39211 0.02796 
 2456389.509585 14.26958 0.01739 
 2456389.517075 14.24880 0.02669 
 2456389.529085 14.28504 0.02820 
 2456389.533552 14.26709 0.02613 
 2456389.541030 14.29471 0.02755 
 2456389.543207 14.25231 0.02554 
 2456389.577185 14.30878 0.04850 
 2456389.583982 14.30380 0.03860 
 2456389.593719 14.31376 0.02559 
 2456389.600530 14.32922 0.02789 
 2456423.416423 14.26997 0.02888 
 2456423.423838 14.28517 0.02656 
 2456423.430584 14.29551 0.02519 
 2456423.437988 14.26306 0.02466 
 2456423.444734 14.24832 0.02481 
 2456423.454412 14.29709 0.02439 
 2456423.458980 14.28764 0.02506 
 2456423.468696 14.29000 0.02380 
 2456423.473238 14.26738 0.02246 
 2456423.482915 14.26407 0.02233 
 2456423.491800 14.28932 0.02285 
 2456423.501523 14.30720 0.02305 
 2456424.415307 14.27596 0.02427 
 2456424.427430 14.26317 0.02275 
 2456424.434210 14.25748 0.02379 
 2456424.441616 14.29991 0.02280 
 2456424.449149 14.28404 0.02233 
 2456424.458805 14.29373 0.02274 
 2456424.463342 14.27152 0.02289 
 2456424.473036 14.26490 0.02271 
 2456424.479873 14.30552 0.02363 
 2456424.489544 14.27144 0.02342 
 2456424.498456 14.26613 0.02227 
 2456425.413377 14.28023 0.01811 
 2456425.420801 14.29811 0.02125 
 2456425.427586 14.29014 0.03222 
 2456425.441840 14.30911 0.01783 
 2456425.451544 14.29237 0.02403 
 2456425.456078 14.27073 0.02626 
 2456425.465783 14.29504 0.02420 
 2456425.472547 14.30374 0.02968 
 2456425.482242 14.30554 0.02383 
 2456425.491248 14.29694 0.02483 
 2456425.500947 14.33299 0.02795 
 2456426.472730 14.30166 0.05071 
 2456426.500252 14.29705 0.01974 
 2456427.407054 14.32420 0.03086 
 2456427.414443 14.34616 0.02898 
 2456427.421227 14.32447 0.02792 
 2456427.428647 14.31222 0.02782 
 2456427.435420 14.31972 0.02774 
 2456427.445089 14.30112 0.02502 
 2456427.449648 14.30564 0.02624 
 2456427.459519 14.33531 0.02499 
 2456427.466304 14.27715 0.02561 
 2456427.473870 14.29902 0.02613 
 2456427.482794 14.28725 0.02518 
 2456427.492506 14.30778 0.02532 
 2456428.402524 14.30815 0.02785 
 2456428.409997 14.29936 0.02585 
 2456428.416725 14.27019 0.02703 
 2456428.424171 14.25651 0.02559 
 2456428.430883 14.26469 0.02491 
 2456428.440541 14.27852 0.02536 
 2456428.445122 14.27271 0.02523 
 2456428.454891 14.24472 0.02437 
 2456428.459535 14.26235 0.02465 
 2456428.469349 14.27839 0.02419 
 2456428.478480 14.29098 0.02475 
 2456428.488326 14.28023 0.02510 
 2456431.394610 14.33454 0.03573 
 2456431.399925 14.30046 0.03391 
 2456431.406635 14.27184 0.03061 
 2456431.411955 14.35074 0.03383 
 2456431.418654 14.31740 0.03022 
 2456431.423958 14.27270 0.02926 
 2456431.428508 14.29785 0.02783 
 2456431.436275 14.29633 0.02870 
 2456431.440859 14.32879 0.02796 
 2456431.448429 14.33064 0.02680 
 2456431.455218 14.30977 0.02410 
 2456431.462889 14.31231 0.02238 
 2456431.471907 14.30698 0.02182 
 2456431.481655 14.30542 0.02166 
 2456432.448350 14.42460 0.04354 
 2456432.479890 14.39392 0.03606 
 2456433.392688 14.36929 0.05340 
 2456433.394987 14.27465 0.04353 
 2456433.401722 14.31450 0.04485 
 2456433.403988 14.29906 0.04395 
 2456433.410722 14.35075 0.04418 
 2456433.413040 14.27257 0.04097 
 2456433.419732 14.26881 0.03950 
 2456433.425218 14.24435 0.03772 
 2456433.429772 14.26678 0.03930 
 2456433.435262 14.28658 0.03926 
 2456433.439823 14.27339 0.03628 
 2456433.445305 14.35169 0.03952 
 2456433.452153 14.27906 0.03746 
 2456433.459719 14.33798 0.03965 
 2456433.468661 14.37882 0.03917 
 2456433.476225 14.29521 0.03566 
 2456435.472757 14.26800 0.05064 
 2456441.376806 14.27061 0.03869 
 2456441.383568 14.34598 0.04445 
 2456441.391022 14.25652 0.03840 
 2456441.397762 14.32148 0.04060 
 2456441.407586 14.28841 0.03916 
 2456441.412128 14.35625 0.03950 
 2456441.421806 14.23645 0.03568 
 2456441.426362 14.33315 0.03761 
 2456441.436130 14.29331 0.03565 
 2456441.440654 14.28549 0.03613 
 2456441.448239 14.25499 0.03726 
 2456441.452783 14.28344 0.03630 
 2456442.365895 14.29552 0.02972 
 2456442.456020 14.33662 0.03314 
 2456444.360384 14.32257 0.02349 
 2456444.396265 14.31297 0.01722 
 2456449.348190 14.35415 0.02491 
 2456449.354989 14.32613 0.02130 
 2456449.362484 14.28408 0.02283 
 2456449.369207 14.30303 0.02353 
 2456449.376667 14.31547 0.02130 
 2456449.381325 14.34749 0.02312 
 2456449.391067 14.35465 0.02314 
 2456449.395624 14.30538 0.02203 
 2456449.405329 14.31799 0.02166 
 2456449.412158 14.29252 0.02184 
 2456449.421931 14.30893 0.02084 
 2456449.430942 14.33990 0.02132 
 2456450.347175 14.27427 0.02408 
 2456450.353895 14.24919 0.02464 
 2456453.334974 14.29732 0.02342 
 2456453.341709 14.33960 0.02185 
 2456453.349149 14.30521 0.02258 
 2456453.355940 14.35102 0.02336 
 2456453.363437 14.29800 0.02141 
 2456453.371030 14.31119 0.02257 
 2456453.380743 14.30165 0.02148 
 2456453.385307 14.28661 0.02224 
 2456453.395004 14.29185 0.02000 
 2456453.401837 14.31974 0.02429 
 2456453.411526 14.29961 0.01657 
 2456453.420550 14.31891 0.02177 
 2456454.361418 14.42822 0.02733 
 2456454.390183 14.39259 0.02271 
 2456454.397008 14.42684 0.02396 
 2456454.406732 14.36574 0.02218 
 2456454.415762 14.36606 0.02284 
 2456455.331404 14.29588 0.02546 
 2456455.338926 14.28729 0.02381 
 2456455.345780 14.35080 0.02609 
 2456455.353218 14.31919 0.02371 
 2456455.360079 14.32151 0.02376 
 2456455.369873 14.32077 0.02401 
 2456455.374608 14.30231 0.02217 
 2456455.384356 14.32955 0.02213 
 2456455.391191 14.28100 0.02094 
 2456455.400927 14.36293 0.02206 
 2456455.409952 14.30557 0.02155 
 2456455.419678 14.32085 0.02160 
 2456456.327831 14.30899 0.02796 
 2456456.334593 14.32008 0.02589 
 2456456.342111 14.29543 0.02775 
 2456456.348883 14.30748 0.02745 
 2456456.356326 14.31589 0.02619 
 2456456.360933 14.29883 0.02669 
 2456456.370620 14.35482 0.02598 
 2456456.375224 14.30136 0.02561 
 2456456.384964 14.28103 0.02429 
 2456456.391827 14.27978 0.02349 
 2456456.401580 14.31316 0.02385 
 2456456.410609 14.30679 0.02371 
 2456461.342135 14.28849 0.03312 
 2456461.346744 14.27381 0.03202 
 2456461.349043 14.27800 0.03209 
 2456461.353684 14.32762 0.03403 
 2456461.355995 14.27910 0.03215 
 2456461.360665 14.24848 0.03170 
 2456461.362998 14.31641 0.03222 
 2456461.367622 14.29620 0.03097 
 2456461.369961 14.29661 0.03024 
 2456461.376827 14.31264 0.03113 
 2456461.381476 14.31938 0.03082 
 2456461.390571 14.32722 0.03195 
 2456461.395200 14.32708 0.03139 
 2456461.404291 14.35714 0.03164 
 2456462.311232 14.31413 0.06636 
 2456462.313546 14.31093 0.05572 
 2456462.318218 14.36440 0.05632 
 2456462.320527 14.34274 0.05311 
 2456462.325200 14.35951 0.05643 
 2456462.327511 14.29831 0.05005 
 2456462.332195 14.39895 0.05132 
 2456473.288653 14.36929 0.02360 
 2456473.295763 14.37992 0.02558 
 2456473.303374 14.41189 0.02402 
 2456475.277945 14.26463 0.02061 
 2456475.285236 14.23625 0.01836 
 2456475.293042 14.29178 0.02217 
 2456475.300226 14.26733 0.02108 
 2456475.310471 14.27256 0.02189 
 2456475.315324 14.24977 0.02085 
 2456475.325406 14.25895 0.01936 
 2456475.330239 14.30039 0.02004 
 2456475.340426 14.29578 0.01997 
 2456475.349872 14.28511 0.01949 
 2456475.360115 14.27722 0.01946 
 2456480.264813 14.30709 0.03075 
 2456480.272257 14.31312 0.03001 
 2456480.278990 14.28139 0.02605 
 2456480.286494 14.29844 0.02623 
 2456480.293272 14.27925 0.02407 
 2456480.303104 14.28570 0.02428 
 2456480.307699 14.30094 0.02485 
 2456480.317457 14.28659 0.02306 
 2456480.324301 14.32431 0.02379 
 2456480.334077 14.29263 0.02322 
 2456480.343128 14.28708 0.02405 
 2456480.352941 14.28171 0.02157 
 2456482.262539 14.29980 0.03569 
 2456482.270061 14.26543 0.03996 
 2456482.276822 14.33892 0.01938 
 2456482.284370 14.31876 0.02666 
 2456483.258871 14.33316 0.02841 
 2456483.265710 14.30981 0.02759 
 2456483.273261 14.28772 0.02674 
 2456483.280042 14.28654 0.02739 
 2456483.289852 14.28984 0.02609 
 2456483.294476 14.24848 0.02700 
 2456483.304274 14.29784 0.02573 
 2456483.311264 14.32903 0.02702 
 2456483.321046 14.26674 0.02583 
 2456483.330058 14.30874 0.02377 
 2456483.339895 14.29948 0.02366 
 2456484.327123 14.44305 0.02784 
 2456485.246933 14.24320 0.02865 
 2456485.254619 14.29616 0.02974 
 2456485.261479 14.26522 0.02785 
 2456485.269096 14.25904 0.02782 
 2456485.275969 14.25778 0.02883 
 2456485.286071 14.29588 0.02810 
 2456485.290722 14.29329 0.02664 
 2456485.300632 14.26581 0.02496 
 2456485.307643 14.27954 0.02433 
 2456485.315549 14.23743 0.02374 
 2456485.324740 14.26471 0.02343 
 2456485.334703 14.25524 0.02277 
 2456486.296740 14.24390 0.02274 
 2456486.303630 14.30621 0.02800 
 2456486.311348 14.31326 0.02483 
 2456486.320427 14.27022 0.02291 
 2456486.330219 14.28663 0.02285 
 2456487.259070 14.35511 0.03391 
 2456487.265848 14.33005 0.03343 
 2456487.268321 14.32832 0.03604 
 2456487.281059 14.29475 0.03078 
 2456487.287164 14.26724 0.02837 
 2456487.291747 14.26591 0.03099 
 2456487.297352 14.27132 0.02755 
 2456487.304230 14.29953 0.02733 
 2456487.311935 14.24729 0.02407 
 2456487.321037 14.29460 0.02498 
 2456487.328772 14.29905 0.02511 
 2456500.219690 14.29197 0.02506 
 2456500.229450 14.31033 0.02569 
 2456500.231609 14.30697 0.02624 
 2456500.238366 14.28438 0.02490 
 2456500.252451 14.34717 0.02467 
 2456500.257068 14.30265 0.02394 
 2456500.293700 14.31029 0.02199 
 2456504.222726 14.28489 0.02410 
 2456504.230340 14.31094 0.02484 
 2456504.232488 14.31488 0.02464 
 2456504.237097 14.26985 0.02362 
 2456504.246914 14.31366 0.02343 
 2456504.253804 14.29323 0.02295 
 2456504.263661 14.32194 0.02289 
 2456504.272766 14.32048 0.02145 
 2456504.282725 14.28458 0.02066 
 2456505.223172 14.34645 0.02614 
 2456505.227733 14.32873 0.02524 
 2456505.229877 14.31576 0.02473 
 2456505.234468 14.30720 0.02334 
 2456505.244420 14.30354 0.02419 
 2456505.251299 14.34003 0.02509 
 2456505.261096 14.31734 0.02422 
 2456505.270165 14.32635 0.02382 
 2456505.280081 14.31731 0.02279 
 2456506.234913 14.45395 0.02463 
 2456507.223331 14.29786 0.02741 
 2456507.227911 14.27798 0.02592 
 2456507.230064 14.26981 0.02432 
 2456507.234669 14.25390 0.02391 
 2456507.244561 14.29503 0.02469 
 2456507.251436 14.30320 0.02346 
 2456507.261340 14.27494 0.02302 
 2456507.270452 14.31601 0.02274 
 2456508.223217 14.28576 0.02511 
 2456508.227803 14.30276 0.02374 
 2456508.229957 14.29485 0.02427 
 2456508.234575 14.26538 0.02275 
 2456508.244482 14.27091 0.02445 
 2456508.251365 14.28773 0.02385 
 2456508.261267 14.28962 0.02252 
 2456508.270369 14.31026 0.02152 
 2456509.225520 14.33310 0.02494 
 2456509.230129 14.29011 0.02356 
 2456509.232277 14.29646 0.02384 
 2456510.224673 14.31057 0.02524 
 2456510.229247 14.33812 0.02381 
 2456510.231405 14.31320 0.02439 
 2456510.238293 14.30585 0.02398 
 2456510.248212 14.30668 0.02360 
 2456510.257281 14.34001 0.02366 
 2456510.267088 14.30128 0.02189 
 2456511.238604 14.33468 0.02430 
 2456511.247642 14.30683 0.02291 
 2456511.257478 14.29685 0.02334 
 2456511.266522 14.28355 0.02131 
 2456514.225586 14.28908 0.02478 
 2456514.232420 14.29325 0.02527 
 2456514.236835 14.31377 0.02540 
 2456514.245910 14.29898 0.02477 
 2456514.253608 14.29622 0.02482 
 2456515.227271 14.30397 0.02397 
 2456515.236261 14.32683 0.02430 
 2456515.240753 14.32389 0.02319 
 2456515.249827 14.30733 0.02417 
 2456515.254564 14.35656 0.02413 
 2456524.230578 14.35206 0.04729 
