\INPUT_FILE = /stage/nexsci-exo-data-prep/ETSS-prep/KELT/s35/raw/KELT_S35_lc_028198_V01_east_tfa.dat
\INPUT_TYPE = "RAW"
\START_DATE = "Tue Sep 17, 03:08:59 2013"               
\STOP_DATE = "Sun Oct 01, 02:38:44 2017"               
\fixlen = T
\NUMRECORDS = 1468     
\
\ This file was produced by the NASA Exoplanet Archive  http://exoplanetarchive.ipac.caltech.edu 
\ Mon Oct 28, 16:17:32 2019
\ Documentation for the KELT Survey dataset can be found at http://exoplanetarchive.ipac.caltech.edu/docs/KELT.html
\
|          TIME|     MAG|MAG_ERR|
|          real|    real|   real|
|             d|     mag|    mag|
|          null|    null|   null|
 2456552.631241 13.11912 0.01142 
 2456553.632658 13.16165 0.01579 
 2456554.626177 13.41700 0.01813 
 2456557.617262 13.20801 0.01390 
 2456557.633444 13.15928 0.01470 
 2456558.622340 13.18539 0.01478 
 2456559.611883 13.19369 0.01432 
 2456559.623564 13.09548 0.01370 
 2456560.609679 13.04226 0.01341 
 2456560.621385 13.10532 0.01252 
 2456561.610886 13.05108 0.01319 
 2456561.622588 13.11319 0.01210 
 2456568.606788 13.14575 0.01182 
 2456568.620821 13.05910 0.01095 
 2456569.592996 13.12389 0.01195 
 2456569.607045 13.06106 0.01161 
 2456570.582738 13.13635 0.01146 
 2456570.598936 13.11626 0.01090 
 2456570.613048 13.13009 0.01063 
 2456573.580394 13.14831 0.01088 
 2456573.601146 13.12612 0.01090 
 2456573.615213 13.12553 0.01072 
 2456574.578132 13.32026 0.01062 
 2456574.598899 13.34383 0.01027 
 2456574.612922 13.29985 0.01041 
 2456575.609752 13.20399 0.01129 
 2456579.564198 13.15449 0.01099 
 2456579.578255 13.21605 0.01108 
 2456579.599011 13.18198 0.01048 
 2456580.554504 13.20871 0.01268 
 2456580.570731 13.13243 0.01110 
 2456580.584900 13.13452 0.01182 
 2456580.607808 13.19065 0.01432 
 2456581.556918 13.17116 0.01695 
 2456581.571030 13.11250 0.01545 
 2456581.585085 13.15391 0.01276 
 2456581.599179 13.14769 0.01519 
 2456582.558122 13.42652 0.01735 
 2456582.572079 13.36890 0.01644 
 2456585.555316 13.11813 0.01740 
 2456585.569406 13.12713 0.01736 
 2456585.583507 13.11606 0.01712 
 2456588.543405 13.08669 0.01703 
 2456595.530560 13.42188 0.01012 
 2456595.587991 13.46340 0.01031 
 2456599.514000 13.12077 0.01183 
 2456599.528186 13.10658 0.01207 
 2456599.542305 13.09851 0.01179 
 2456599.558570 13.12337 0.01171 
 2456599.574242 13.08696 0.01138 
 2456600.507016 13.09271 0.01113 
 2456600.527905 13.05451 0.01055 
 2456600.542126 13.07709 0.01056 
 2456600.560594 13.11385 0.01034 
 2456600.578546 13.16842 0.01055 
 2456601.505751 13.16071 0.01064 
 2456601.526659 13.09233 0.01102 
 2456601.540864 13.15815 0.01105 
 2456601.559336 13.06950 0.01077 
 2456601.578122 13.16623 0.01016 
 2456602.502725 13.18722 0.01105 
 2456602.523530 13.08107 0.01077 
 2456602.537610 13.17921 0.01070 
 2456602.574877 13.12481 0.00970 
 2456604.496177 13.15054 0.01025 
 2456604.516998 13.08270 0.01055 
 2456604.531155 13.07996 0.01053 
 2456604.549616 13.06301 0.01092 
 2456604.567565 13.08117 0.01112 
 2456604.583949 13.10787 0.01115 
 2456605.485967 13.06141 0.01071 
 2456605.501503 13.09599 0.01006 
 2456605.523388 13.02168 0.01083 
 2456605.539685 13.11198 0.01086 
 2456605.555446 13.06197 0.01091 
 2456605.574157 13.10763 0.01021 
 2456606.517457 13.13680 0.01015 
 2456606.531578 13.14138 0.01043 
 2456606.547327 13.13521 0.01047 
 2456606.563026 13.17268 0.00997 
 2456606.579430 13.18695 0.01011 
 2456607.481475 13.16527 0.01064 
 2456607.497907 13.12554 0.01064 
 2456607.518868 13.19958 0.00990 
 2456607.535257 13.16565 0.01058 
 2456607.551037 13.17206 0.01052 
 2456607.570686 13.13630 0.00956 
 2456608.483754 13.13577 0.01301 
 2456608.498006 13.08466 0.01183 
 2456608.518961 13.13007 0.01107 
 2456608.535296 13.13747 0.01122 
 2456608.551055 13.11622 0.01103 
 2456608.570579 13.14185 0.01041 
 2456609.479794 13.10531 0.01320 
 2456609.495284 13.06284 0.01349 
 2456609.518087 13.13871 0.01271 
 2456609.536948 13.13854 0.01097 
 2456609.555766 13.11581 0.00978 
 2456609.572209 13.12506 0.01009 
 2456610.480182 13.10317 0.01437 
 2456610.495119 13.04665 0.01433 
 2456610.516102 13.13360 0.01515 
 2456610.534656 13.10952 0.01298 
 2456610.553609 13.09414 0.01095 
 2456610.570203 13.12655 0.01018 
 2456612.520856 13.03830 0.01642 
 2456612.536675 13.19280 0.01599 
 2456612.555331 13.10212 0.01367 
 2456612.580516 13.11723 0.01269 
 2456615.463861 13.33564 0.01851 
 2456615.475755 13.20452 0.01844 
 2456615.494200 13.17718 0.01742 
 2456615.503902 13.30974 0.01782 
 2456615.520219 13.20935 0.01758 
 2456615.529383 13.24162 0.01725 
 2456615.539429 13.24463 0.01553 
 2456615.546503 13.17723 0.01547 
 2456615.553578 13.24308 0.01560 
 2456615.562851 13.17415 0.01538 
 2456615.572104 13.19347 0.01558 
 2456625.436902 13.10083 0.01073 
 2456625.451242 13.09077 0.01035 
 2456625.472275 13.14188 0.01041 
 2456625.488748 13.08409 0.01032 
 2456625.504641 13.13474 0.01020 
 2456628.516635 13.32845 0.00893 
 2456628.535488 13.26808 0.00884 
 2456630.417555 13.12169 0.01083 
 2456630.431869 13.15704 0.01114 
 2456631.435120 13.38502 0.01019 
 2456632.448463 13.03242 0.01265 
 2456632.488030 13.11773 0.01152 
 2456632.504615 13.06544 0.01033 
 2456632.523472 13.09239 0.01056 
 2456632.546875 13.11765 0.01029 
 2456633.453468 13.04800 0.01082 
 2456633.473690 13.13219 0.01057 
 2456636.422271 13.41080 0.01115 
 2456639.406470 13.23174 0.01472 
 2456639.421010 13.17310 0.01365 
 2456639.442203 13.24348 0.01335 
 2456639.487417 13.32555 0.01521 
 2456639.506440 13.35026 0.01195 
 2456640.490534 13.10273 0.01296 
 2456643.389264 13.06862 0.02185 
 2456643.401450 13.09157 0.02268 
 2456643.411591 13.03340 0.02166 
 2456643.421277 13.13744 0.02085 
 2456643.431050 13.18099 0.02219 
 2456643.440822 13.13754 0.02098 
 2456643.450170 13.06669 0.02088 
 2456650.362529 13.13075 0.01022 
 2456650.376844 13.14071 0.01043 
 2456650.397890 13.10767 0.01042 
 2456651.367859 13.04958 0.01091 
 2456652.367129 13.16441 0.01018 
 2456652.381487 13.14432 0.01055 
 2456652.416525 13.14887 0.01064 
 2456652.434707 13.15139 0.01079 
 2456652.451336 13.16014 0.01020 
 2456652.479211 13.22815 0.01078 
 2456653.356470 13.13071 0.01055 
 2456653.373945 13.19685 0.01040 
 2456653.395079 13.18108 0.01038 
 2456653.411663 13.17455 0.01019 
 2456653.427631 13.13024 0.01056 
 2456653.447310 13.12049 0.00941 
 2456653.475098 13.10121 0.00963 
 2456654.353777 13.10832 0.01077 
 2456654.371288 13.11987 0.01061 
 2456654.392451 13.13080 0.01039 
 2456654.409119 13.12094 0.01027 
 2456654.425066 13.14932 0.01093 
 2456654.444854 13.07284 0.00989 
 2456654.463820 13.13705 0.00991 
 2456654.487361 13.13198 0.00967 
 2456655.412209 13.16807 0.00660 
 2456655.471085 13.09199 0.00916 
 2456656.354786 13.32779 0.01021 
 2456656.369235 13.24063 0.00983 
 2456656.444974 13.18006 0.00911 
 2456656.463853 13.20020 0.00909 
 2456657.429924 13.12928 0.01073 
 2456657.447526 13.10555 0.01055 
 2456657.456630 13.14687 0.00937 
 2456657.461936 13.12311 0.00997 
 2456657.476428 13.11696 0.00998 
 2456657.480204 13.09277 0.00938 
 2456657.492472 13.11052 0.00972 
 2456657.518113 13.12622 0.00969 
 2456658.345591 13.11154 0.01084 
 2456658.360604 13.08096 0.01070 
 2456658.375431 13.11446 0.01036 
 2456658.399497 13.14008 0.01034 
 2456658.418335 13.09462 0.01022 
 2456658.435535 13.09494 0.01033 
 2456658.467202 13.04144 0.00987 
 2456659.341500 13.16586 0.01106 
 2456659.359539 13.10719 0.01082 
 2456659.374432 13.08898 0.01077 
 2456659.398537 13.18673 0.01031 
 2456659.417436 13.10555 0.01024 
 2456659.434974 13.15434 0.01077 
 2456659.454526 13.09341 0.01094 
 2456659.478780 13.08265 0.01059 
 2456660.346603 13.19006 0.01062 
 2456660.362607 13.12186 0.01032 
 2456660.378934 13.16584 0.01007 
 2456660.406615 13.11498 0.01058 
 2456660.426963 13.16198 0.00997 
 2456660.446544 13.09750 0.00995 
 2456660.470967 13.14905 0.00994 
 2456661.332747 13.17472 0.01030 
 2456661.347306 13.23963 0.00998 
 2456661.362020 13.16146 0.01038 
 2456661.376641 13.21664 0.00958 
 2456661.402699 13.13013 0.01031 
 2456668.316245 13.13663 0.01321 
 2456668.328475 13.12554 0.01359 
 2456669.313673 13.48110 0.01408 
 2456669.325848 13.47285 0.01324 
 2456669.335666 13.43073 0.01283 
 2456669.345541 13.37492 0.01289 
 2456669.355402 13.43129 0.01272 
 2456669.369856 13.33416 0.01268 
 2456669.392102 13.30315 0.01222 
 2456669.415770 13.35543 0.01219 
 2456669.437322 13.27962 0.01234 
 2456670.309104 13.07614 0.01561 
 2456670.318923 13.13501 0.01566 
 2456670.328813 13.08842 0.01532 
 2456670.338617 13.05507 0.01559 
 2456670.348559 13.08337 0.01450 
 2456670.358433 13.12883 0.01459 
 2456670.368353 13.13413 0.01425 
 2456670.377855 13.09448 0.01448 
 2456670.394648 13.09759 0.01399 
 2456670.401834 13.09748 0.01366 
 2456670.411393 13.12343 0.01396 
 2456670.420972 13.08304 0.01404 
 2456670.435615 13.05964 0.01422 
 2456677.301567 13.41686 0.01012 
 2456677.312998 13.44529 0.01044 
 2456677.346361 13.41481 0.01318 
 2456677.358025 13.42866 0.01331 
 2456677.370767 13.45469 0.01316 
 2456677.392432 13.39977 0.01349 
 2456677.421970 13.40387 0.01308 
 2456678.299827 13.09836 0.00985 
 2456678.311340 13.11008 0.00947 
 2456678.333176 13.06925 0.01021 
 2456678.349549 13.12514 0.01107 
 2456678.365894 13.13139 0.01167 
 2456678.380677 13.07100 0.01206 
 2456678.407242 13.13319 0.01212 
 2456679.299957 13.07238 0.01074 
 2456679.319947 13.10660 0.00981 
 2456679.343830 13.09745 0.00967 
 2456679.360219 13.09615 0.01004 
 2456679.375010 13.11480 0.01080 
 2456679.401588 13.07716 0.01124 
 2456679.423618 13.09150 0.01150 
 2456680.298462 13.18968 0.01015 
 2456680.309909 13.23512 0.00959 
 2456680.333850 13.27031 0.00940 
 2456681.296718 13.14363 0.01058 
 2456681.308173 13.09850 0.01040 
 2456681.332060 13.08377 0.00986 
 2456681.348426 13.22908 0.00982 
 2456681.371008 13.13166 0.00984 
 2456681.399775 13.12328 0.01004 
 2456682.344456 13.15917 0.00939 
 2456682.361257 13.15404 0.00917 
 2456682.401734 13.17963 0.00887 
 2456683.297298 13.17237 0.01116 
 2456683.308689 13.12445 0.01100 
 2456683.332598 13.12197 0.01031 
 2456683.351079 13.16555 0.01033 
 2456683.367922 13.13120 0.00996 
 2456683.396521 13.15078 0.01016 
 2456684.298819 13.07700 0.00962 
 2456684.310310 13.09604 0.00942 
 2456684.336337 13.15757 0.00914 
 2456684.358124 13.13369 0.00953 
 2456684.377572 13.08786 0.00945 
 2456684.401581 13.10189 0.00909 
 2456685.297277 13.27183 0.01028 
 2456685.308710 13.30933 0.00941 
 2456685.332480 13.34293 0.00943 
 2456685.351922 13.34598 0.00964 
 2456685.371348 13.35804 0.00903 
 2456685.397693 13.38259 0.00872 
 2456687.295999 13.06418 0.00976 
 2456687.307364 13.07029 0.00959 
 2456688.297029 13.06907 0.00966 
 2456688.310637 13.13873 0.00975 
 2456688.334293 13.14749 0.00919 
 2456688.354285 13.13428 0.00946 
 2456688.373574 13.13447 0.00933 
 2456688.397694 13.14780 0.00944 
 2456689.349839 13.11104 0.00932 
 2456689.364718 13.09686 0.00896 
 2456689.396154 13.09248 0.00886 
 2456690.295165 13.12651 0.01053 
 2456690.311317 13.09978 0.01046 
 2456690.337605 13.12736 0.00991 
 2456690.356936 13.08645 0.00989 
 2456690.383324 13.10029 0.00963 
 2456691.294985 13.11522 0.00973 
 2456691.319589 13.10688 0.00956 
 2456691.353783 13.16261 0.00956 
 2456691.380410 13.07517 0.00981 
 2456692.371663 13.05336 0.00949 
 2456693.314942 13.13090 0.01344 
 2456693.349069 13.18767 0.00898 
 2456694.295271 13.09643 0.01119 
 2456694.311394 13.05318 0.01054 
 2456694.345608 13.07200 0.00999 
 2456694.372130 13.02994 0.01003 
 2456695.291499 13.13159 0.01059 
 2456695.302859 13.08475 0.01051 
 2456695.326658 13.13265 0.01051 
 2456695.340583 13.04550 0.01030 
 2456695.354483 13.05711 0.01008 
 2456695.373900 13.06971 0.01002 
 2456696.291940 13.13219 0.01138 
 2456696.303328 13.07031 0.01120 
 2456696.327120 13.16862 0.01101 
 2456696.341009 13.15129 0.01112 
 2456696.354931 13.08987 0.01085 
 2456696.374414 13.10292 0.01090 
 2456697.288292 13.28823 0.01187 
 2456697.295215 13.26748 0.01139 
 2456697.312158 13.29698 0.01167 
 2456697.319233 13.30407 0.01149 
 2456697.326319 13.29298 0.01157 
 2456697.335793 13.22785 0.01175 
 2456697.345211 13.22960 0.01174 
 2456697.361988 13.14037 0.01199 
 2456708.296254 13.13223 0.00969 
 2456708.309988 13.09838 0.00937 
 2456708.336354 13.16454 0.01029 
 2456709.284751 13.15368 0.00950 
 2456709.311091 13.09554 0.00929 
 2456710.284735 13.38770 0.00937 
 2456710.296152 13.34559 0.00905 
 2456710.326102 13.26056 0.00883 
 2456711.280113 13.13374 0.00971 
 2456711.291486 13.14467 0.00950 
 2456711.320205 13.12085 0.00922 
 2456712.280729 13.03718 0.00958 
 2456712.294506 13.09898 0.00930 
 2456712.323252 13.08638 0.00924 
 2456713.294424 13.33093 0.00951 
 2456713.308238 13.39080 0.00940 
 2456714.306127 13.04745 0.00943 
 2456716.277813 12.96767 0.01041 
 2456716.317146 13.13780 0.00963 
 2456717.274805 13.07252 0.00992 
 2456717.288632 13.10877 0.00996 
 2456717.312760 13.07670 0.01019 
 2456718.278511 13.42131 0.00914 
 2456718.292272 13.41858 0.00903 
 2456718.316474 13.45825 0.00914 
 2456719.277551 13.09196 0.00965 
 2456719.291404 13.04829 0.00959 
 2456721.275545 13.29092 0.00914 
 2456721.289510 13.28385 0.00897 
 2456722.273951 13.07563 0.00957 
 2456722.296382 13.12976 0.00940 
 2456723.274107 13.12474 0.01029 
 2456723.287895 13.08742 0.01019 
 2456724.270247 13.08458 0.01098 
 2456724.279578 13.09048 0.01082 
 2456724.294237 13.10474 0.01057 
 2456725.269812 13.08508 0.01169 
 2456725.279102 13.11757 0.01167 
 2456725.295990 13.14661 0.01121 
 2456732.265253 13.15817 0.01674 
 2456732.276876 13.12095 0.01608 
 2456733.265459 13.11394 0.01747 
 2456734.265398 13.24022 0.01427 
 2456735.262041 13.14979 0.01178 
 2456737.261125 13.11908 0.00988 
 2456738.259789 13.24601 0.00957 
 2456744.241638 13.08723 0.01049 
 2456923.616302 13.21324 0.01039 
 2456925.612570 13.21941 0.01105 
 2456925.626697 13.22695 0.01150 
 2456926.609223 13.15276 0.01041 
 2456926.623341 13.17341 0.01004 
 2456934.591682 13.21758 0.01074 
 2456934.605602 13.16636 0.01053 
 2456934.617183 13.14736 0.01074 
 2456935.584710 13.11523 0.01057 
 2456935.598692 13.08821 0.01045 
 2456935.610324 13.10248 0.01012 
 2456936.585109 13.11605 0.01414 
 2456936.609108 13.14092 0.01096 
 2456937.575911 13.12859 0.01827 
 2456937.595249 13.07231 0.01711 
 2456937.606901 13.11346 0.01627 
 2456950.541552 13.39992 0.01044 
 2456950.555672 13.36420 0.00968 
 2456950.567407 13.39461 0.01018 
 2456950.579104 13.38277 0.01011 
 2456950.600828 13.34134 0.00984 
 2456951.539474 13.19176 0.01072 
 2456951.563432 13.11662 0.01101 
 2456951.575182 13.09466 0.01134 
 2456951.589216 13.07618 0.01096 
 2456953.573307 13.13508 0.01081 
 2456953.599477 13.10422 0.01088 
 2456954.529504 13.07031 0.01072 
 2456954.541258 13.10199 0.01120 
 2456954.566040 13.08948 0.01093 
 2456954.577806 13.10384 0.01044 
 2456954.594180 13.12760 0.01034 
 2456957.521420 13.07248 0.01056 
 2456957.538290 13.11614 0.01023 
 2456957.574298 13.08179 0.01048 
 2456957.590668 13.10963 0.01049 
 2456959.561081 13.08958 0.00992 
 2456959.577419 13.07694 0.01001 
 2456967.503719 13.11279 0.01659 
 2456968.491489 13.18611 0.02065 
 2456968.503344 13.13692 0.02082 
 2456968.532799 13.13612 0.02016 
 2456969.490501 13.08946 0.01821 
 2456969.500192 13.24013 0.01853 
 2456969.520487 13.13734 0.01771 
 2456969.568712 13.07344 0.01701 
 2456969.580390 13.16501 0.01676 
 2456970.489574 13.05060 0.01707 
 2456970.499290 13.11109 0.01621 
 2456970.516527 13.09015 0.01651 
 2456970.523901 13.13080 0.01556 
 2456970.531253 13.03625 0.01597 
 2456970.538602 13.06222 0.01594 
 2456970.545926 13.07601 0.01559 
 2456970.555572 13.13460 0.01549 
 2456970.565297 13.11638 0.01563 
 2456970.572559 13.16185 0.01554 
 2456970.579854 13.02214 0.01558 
 2456979.465445 13.10809 0.00984 
 2456979.480055 13.10265 0.01026 
 2456979.492844 13.12914 0.01011 
 2456979.517167 13.11341 0.00985 
 2456980.460537 13.13744 0.01029 
 2456980.474872 13.16384 0.00992 
 2456980.486704 13.14256 0.00982 
 2456980.498568 13.14112 0.01000 
 2456980.524887 13.13645 0.00996 
 2456980.544660 13.17292 0.00968 
 2456980.564349 13.22292 0.00951 
 2456982.465173 13.08563 0.01032 
 2456982.494589 13.12911 0.00961 
 2456982.523740 13.13576 0.00971 
 2456982.546473 13.11871 0.00945 
 2456982.566180 13.13870 0.00947 
 2456983.485759 13.27804 0.00910 
 2456983.497633 13.22164 0.00896 
 2456983.534010 13.20703 0.00930 
 2456983.571941 13.25697 0.00943 
 2456988.476547 13.13420 0.01007 
 2456988.492994 13.17671 0.00967 
 2456988.511887 13.20980 0.00979 
 2456988.543171 13.09889 0.00998 
 2456990.438498 13.07379 0.01011 
 2456990.462760 13.13110 0.01003 
 2456990.474683 13.13391 0.01012 
 2456990.491204 13.12709 0.00990 
 2456990.519958 13.21768 0.01019 
 2456990.539696 13.13587 0.00963 
 2456990.564038 13.13365 0.00961 
 2456991.442463 13.40937 0.01066 
 2456991.464345 13.36683 0.00984 
 2456991.476224 13.45696 0.00959 
 2456991.492781 13.44592 0.00932 
 2456991.521503 13.36984 0.00974 
 2456992.533901 13.08335 0.01062 
 2456992.558254 13.10559 0.01046 
 2456993.428457 13.05458 0.01322 
 2456993.464729 13.07733 0.01227 
 2456993.481337 13.11317 0.01225 
 2456993.500397 13.08564 0.01190 
 2456993.529342 13.14078 0.00995 
 2456993.555956 13.12071 0.00996 
 2456997.414396 13.11512 0.02002 
 2456997.424277 13.10116 0.01952 
 2456997.434872 13.14045 0.01906 
 2456997.443236 13.08527 0.01913 
 2456997.485345 13.11511 0.01840 
 2456997.510530 13.17704 0.01871 
 2456997.545981 13.11403 0.01832 
 2456998.413556 13.14997 0.02050 
 2456998.433235 13.12007 0.02015 
 2456998.440777 13.07223 0.02069 
 2456998.448214 13.24350 0.02019 
 2456998.455683 13.15510 0.02015 
 2456998.467524 13.14242 0.02009 
 2456998.484852 13.22507 0.01949 
 2456998.495428 13.17917 0.02039 
 2456998.502927 13.11901 0.02018 
 2456998.512744 13.08182 0.01946 
 2456998.522588 13.10883 0.01900 
 2456998.537546 13.16189 0.01966 
 2457005.392335 13.05516 0.00949 
 2457005.406685 13.13089 0.00933 
 2457005.418715 13.10566 0.00937 
 2457006.387371 13.10828 0.00939 
 2457006.519418 13.12214 0.01055 
 2457007.386665 13.24557 0.00925 
 2457007.412838 13.24821 0.01060 
 2457008.423020 13.06707 0.00945 
 2457008.498999 13.14862 0.00962 
 2457009.439564 13.13042 0.01005 
 2457010.379662 13.12544 0.00987 
 2457010.394036 13.09104 0.00982 
 2457010.405967 13.09790 0.00986 
 2457010.430160 13.10457 0.00980 
 2457010.459928 13.12458 0.00953 
 2457010.479717 13.12523 0.00995 
 2457010.506572 13.09303 0.00980 
 2457011.378057 13.08911 0.01009 
 2457011.392510 13.10295 0.01015 
 2457014.391932 13.08304 0.01017 
 2457014.414140 13.11505 0.01060 
 2457014.436013 13.10893 0.01015 
 2457014.458904 13.05891 0.01073 
 2457014.488036 13.10150 0.01055 
 2457015.375351 13.10266 0.01011 
 2457015.390345 13.19228 0.01015 
 2457015.402380 13.14394 0.01040 
 2457015.416531 13.18499 0.01054 
 2457015.440591 13.15527 0.01032 
 2457015.458016 13.17565 0.01008 
 2457015.477928 13.17445 0.01059 
 2457015.502544 13.18629 0.01033 
 2457016.376669 13.19361 0.01001 
 2457016.398748 13.12277 0.00991 
 2457016.412968 13.12187 0.00945 
 2457016.429460 13.07840 0.00991 
 2457016.452262 13.12346 0.00988 
 2457016.481282 13.11398 0.01011 
 2457017.359533 13.12636 0.01036 
 2457017.373797 13.11809 0.00976 
 2457017.395728 13.09805 0.01000 
 2457017.409927 13.06619 0.00993 
 2457017.428116 13.13508 0.00978 
 2457023.394182 13.13467 0.01300 
 2457023.405766 13.12651 0.01312 
 2457023.429886 13.14466 0.01295 
 2457032.388757 13.42008 0.01310 
 2457032.414842 13.35485 0.01318 
 2457033.314994 13.06686 0.00964 
 2457033.361869 13.12509 0.00995 
 2457034.310604 13.10339 0.01020 
 2457035.310810 13.15924 0.00945 
 2457035.324652 13.10290 0.00913 
 2457036.371970 13.09632 0.01134 
 2457036.391434 13.14376 0.00959 
 2457036.425759 13.06778 0.00939 
 2457038.302369 13.06857 0.01023 
 2457038.316225 13.07670 0.00946 
 2457038.338153 13.05488 0.00954 
 2457038.352296 13.10511 0.00977 
 2457038.368740 13.06114 0.00996 
 2457038.415213 13.05966 0.00991 
 2457038.439614 13.07636 0.00989 
 2457040.301820 13.39020 0.00927 
 2457040.315586 13.34850 0.00906 
 2457040.356236 13.34411 0.00929 
 2457042.299831 13.10749 0.00975 
 2457042.314242 13.10479 0.00948 
 2457042.343228 13.10399 0.00934 
 2457044.390351 13.08022 0.00942 
 2457044.410567 13.07264 0.00936 
 2457045.299998 13.41775 0.00947 
 2457046.299407 13.08706 0.00987 
 2457046.310842 13.11522 0.00987 
 2457046.334826 13.11136 0.00988 
 2457046.353600 13.09926 0.00971 
 2457046.393951 13.07101 0.00997 
 2457064.366752 13.14886 0.00958 
 2457069.287481 13.10331 0.00994 
 2457069.302004 13.18122 0.00980 
 2457070.293421 13.20156 0.00979 
 2457070.305668 13.19147 0.00992 
 2457075.286608 13.07416 0.00963 
 2457075.333135 13.03507 0.00947 
 2457076.281143 13.15108 0.01017 
 2457076.292453 13.11637 0.01023 
 2457088.273395 13.14077 0.01514 
 2457089.270602 13.32977 0.01188 
 2457089.284328 13.34671 0.01267 
 2457090.271201 13.14555 0.01055 
 2457091.269597 13.17871 0.00997 
 2457091.283387 13.16127 0.00967 
 2457092.278596 13.11748 0.01013 
 2457097.271817 13.19563 0.00988 
 2457098.255250 13.09266 0.00951 
 2457098.269065 13.10847 0.00966 
 2457100.259680 13.05556 0.00916 
 2457102.257632 13.17572 0.01177 
 2457286.624266 13.12309 0.00947 
 2457288.621452 13.19311 0.01008 
 2457289.611987 13.12506 0.01010 
 2457289.623655 13.12321 0.00973 
 2457290.608976 13.42126 0.00961 
 2457297.594132 13.22180 0.01411 
 2457297.610855 13.11423 0.01430 
 2457305.570673 13.13355 0.01000 
 2457305.584687 13.09946 0.00940 
 2457305.606325 13.13627 0.00951 
 2457306.566233 13.15547 0.00919 
 2457306.577959 13.15465 0.00928 
 2457306.602653 13.14609 0.00904 
 2457307.565471 13.19559 0.00920 
 2457307.605527 13.17476 0.01272 
 2457308.561127 13.17426 0.00982 
 2457308.573064 13.15295 0.00946 
 2457308.584773 13.12270 0.00951 
 2457308.606389 13.15503 0.00969 
 2457311.566255 13.18802 0.01033 
 2457311.577867 13.07829 0.00978 
 2457311.589594 13.05355 0.01065 
 2457312.549766 13.21278 0.00894 
 2457312.561571 13.16225 0.01366 
 2457312.576359 13.14693 0.00956 
 2457312.598003 13.15340 0.00841 
 2457313.548762 13.17244 0.00973 
 2457313.562736 13.14005 0.00926 
 2457313.574374 13.13165 0.00969 
 2457313.586011 13.15738 0.00959 
 2457315.542112 13.25021 0.01028 
 2457315.553795 13.26929 0.00981 
 2457315.565450 13.17448 0.00991 
 2457315.577079 13.23396 0.00992 
 2457315.600878 13.18956 0.00983 
 2457317.567070 13.14381 0.00937 
 2457318.545472 13.41900 0.00917 
 2457318.567104 13.36705 0.00963 
 2457318.595079 13.37625 0.00942 
 2457323.542267 13.34819 0.02015 
 2457323.561540 13.36124 0.01937 
 2457323.585171 13.39045 0.01944 
 2457324.579992 13.17764 0.01987 
 2457324.593909 13.16528 0.01938 
 2457325.515177 13.21696 0.01989 
 2457325.524700 13.11621 0.01952 
 2457325.534905 13.18692 0.01958 
 2457325.542093 13.16534 0.01847 
 2457325.558997 13.13213 0.01811 
 2457325.566167 13.10889 0.01844 
 2457325.573316 13.14134 0.01785 
 2457325.582796 13.09493 0.01814 
 2457335.538231 13.08766 0.01011 
 2457335.555704 13.17648 0.01037 
 2457335.578898 13.11067 0.01045 
 2457336.531611 13.13192 0.01011 
 2457336.560220 13.16266 0.01021 
 2457336.577319 13.18195 0.00959 
 2457340.475740 13.17933 0.01018 
 2457340.490913 13.13904 0.00983 
 2457340.502656 13.13854 0.00973 
 2457340.526562 13.10003 0.00978 
 2457340.542956 13.15332 0.00979 
 2457341.470373 13.17957 0.00990 
 2457344.464986 13.13655 0.01032 
 2457345.461876 13.13072 0.00981 
 2457345.476043 13.10816 0.00959 
 2457345.487782 13.14083 0.00929 
 2457345.499478 13.10707 0.00962 
 2457345.525573 13.10898 0.01008 
 2457345.545292 13.10962 0.01019 
 2457345.564828 13.07532 0.01040 
 2457346.487123 13.13927 0.01015 
 2457346.542127 13.15118 0.00995 
 2457346.570849 13.13355 0.01022 
 2457348.517250 13.11788 0.01159 
 2457348.536974 13.13807 0.00948 
 2457348.556425 13.10732 0.00939 
 2457349.455107 13.13332 0.01466 
 2457349.478405 13.17677 0.01466 
 2457349.501443 13.13088 0.01388 
 2457349.523968 13.10588 0.01323 
 2457349.555771 13.15443 0.01102 
 2457350.449985 13.16477 0.01637 
 2457350.472357 13.22797 0.01622 
 2457350.491721 13.16963 0.01504 
 2457350.513396 13.22617 0.01487 
 2457350.543581 13.08279 0.01433 
 2457350.570118 13.09529 0.01304 
 2457351.446658 13.24684 0.02028 
 2457351.456989 13.29975 0.01962 
 2457351.474200 13.32513 0.01983 
 2457351.481496 13.31496 0.01910 
 2457351.488937 13.31140 0.01833 
 2457351.500613 13.27162 0.01871 
 2457351.514581 13.24309 0.01779 
 2457351.529240 13.19863 0.01813 
 2457351.540859 13.26388 0.01753 
 2457351.564781 13.18306 0.01765 
 2457352.474679 13.06762 0.02180 
 2457352.482040 13.02764 0.02121 
 2457352.491592 13.08506 0.02095 
 2457352.503387 13.13613 0.02134 
 2457352.517476 13.10625 0.02010 
 2457352.529176 13.17367 0.02043 
 2457352.543237 13.06052 0.01997 
 2457352.567140 13.15845 0.01919 
 2457359.436972 13.37470 0.00754 
 2457360.418184 13.12568 0.01040 
 2457360.430035 13.10995 0.01050 
 2457360.444879 13.07643 0.01071 
 2457360.456597 13.13520 0.00964 
 2457360.480504 13.10458 0.01061 
 2457360.496846 13.08691 0.01055 
 2457360.511770 13.16545 0.01032 
 2457360.529040 13.12332 0.01077 
 2457360.551016 13.11831 0.01058 
 2457361.417165 13.11761 0.01012 
 2457361.431280 13.13167 0.00978 
 2457361.443042 13.14639 0.00966 
 2457361.454887 13.16297 0.00956 
 2457361.478893 13.10902 0.00957 
 2457361.495265 13.13455 0.01008 
 2457361.510112 13.14653 0.01095 
 2457362.415993 13.07634 0.00988 
 2457362.431149 13.12353 0.00895 
 2457362.442886 13.15247 0.00949 
 2457362.454775 13.11081 0.00941 
 2457362.478701 13.08762 0.00968 
 2457362.498319 13.11336 0.01017 
 2457362.517777 13.06767 0.00992 
 2457362.544270 13.06239 0.01004 
 2457363.410168 13.10511 0.01027 
 2457363.429575 13.13662 0.00995 
 2457363.441305 13.02886 0.02497 
 2457363.453036 13.08146 0.00982 
 2457363.469371 13.07910 0.01003 
 2457363.488087 13.09637 0.00994 
 2457363.505130 13.12070 0.01013 
 2457363.533867 13.12479 0.00973 
 2457364.451895 13.47536 0.00883 
 2457364.476972 13.44597 0.00953 
 2457364.500255 13.37755 0.00935 
 2457364.528983 13.42968 0.00993 
 2457365.411637 13.12662 0.01025 
 2457365.436362 13.12173 0.00985 
 2457365.448228 13.10794 0.00963 
 2457365.464580 13.11898 0.00948 
 2457365.483320 13.12935 0.00961 
 2457365.500369 13.13889 0.01012 
 2457365.529059 13.06383 0.01012 
 2457366.401652 13.05994 0.01056 
 2457366.413560 13.13051 0.00984 
 2457366.517267 13.09646 0.01018 
 2457367.402876 13.36956 0.01021 
 2457367.417907 13.36153 0.01031 
 2457367.439793 13.44193 0.01042 
 2457367.456273 13.39528 0.00999 
 2457367.475175 13.41404 0.00983 
 2457367.502973 13.42653 0.00870 
 2457367.535855 13.44275 0.00916 
 2457368.396570 13.14431 0.01061 
 2457368.408379 13.15358 0.01028 
 2457368.433191 13.06061 0.00994 
 2457368.445007 13.11483 0.00949 
 2457368.461437 13.16303 0.00955 
 2457368.481130 13.13949 0.00987 
 2457368.500630 13.14918 0.00970 
 2457368.527322 13.12918 0.00934 
 2457370.466635 13.08010 0.00984 
 2457370.508826 13.08502 0.00956 
 2457371.395099 13.12949 0.01067 
 2457371.410004 13.15100 0.01058 
 2457371.431812 13.13780 0.01040 
 2457371.448279 13.09740 0.01006 
 2457371.467151 13.09211 0.00990 
 2457371.484326 13.15053 0.00908 
 2457371.503900 13.18599 0.01067 
 2457372.447004 13.41978 0.00909 
 2457372.483188 13.47445 0.00859 
 2457373.385760 13.17704 0.01082 
 2457373.400973 13.10688 0.01128 
 2457373.412769 13.14554 0.00877 
 2457373.436836 13.11353 0.00824 
 2457373.453291 13.15241 0.00942 
 2457373.476678 13.14228 0.00906 
 2457373.496352 13.10412 0.00959 
 2457373.520619 13.08758 0.00973 
 2457374.384288 13.12643 0.01133 
 2457374.399361 13.11567 0.01105 
 2457374.411161 13.09836 0.01047 
 2457374.435224 13.11468 0.00935 
 2457374.451729 13.09797 0.00958 
 2457374.472051 13.10389 0.00989 
 2457374.491663 13.11506 0.00994 
 2457374.516057 13.17621 0.00953 
 2457375.380759 13.25067 0.01190 
 2457375.395797 13.29345 0.01143 
 2457375.407630 13.19806 0.01188 
 2457375.419531 13.26591 0.01083 
 2457375.443435 13.27322 0.01025 
 2457375.463300 13.25842 0.00985 
 2457375.482997 13.37754 0.00978 
 2457375.509755 13.34863 0.00930 
 2457376.375307 13.12867 0.01226 
 2457376.397205 13.13854 0.01170 
 2457376.409147 13.16193 0.01149 
 2457376.421011 13.13496 0.01135 
 2457376.437543 13.13633 0.01112 
 2457376.457520 13.11488 0.01071 
 2457376.486353 13.12953 0.00942 
 2457376.510656 13.10198 0.00942 
 2457377.384450 13.13262 0.01292 
 2457377.403891 13.08804 0.01266 
 2457377.433854 13.15428 0.01200 
 2457377.460281 13.14473 0.01130 
 2457377.495419 13.08490 0.01025 
 2457378.389317 13.15626 0.01417 
 2457378.438340 13.15385 0.01378 
 2457379.387878 13.16735 0.01604 
 2457379.395351 13.17196 0.01600 
 2457379.402858 13.11900 0.01568 
 2457379.410252 13.11513 0.01546 
 2457379.422022 13.21608 0.01518 
 2457379.433811 13.09201 0.01474 
 2457379.448563 13.07378 0.01506 
 2457379.460255 13.13775 0.01506 
 2457379.484300 13.08668 0.01450 
 2457379.503871 13.03699 0.01434 
 2457380.365314 13.22356 0.01965 
 2457380.374913 13.19770 0.01867 
 2457380.395021 13.12176 0.01794 
 2457380.402305 13.24843 0.01768 
 2457380.409575 13.26059 0.01730 
 2457380.416861 13.24527 0.01758 
 2457380.424121 13.25786 0.01737 
 2457380.433738 13.24500 0.01706 
 2457380.444026 13.33790 0.01682 
 2457380.451238 13.27545 0.01669 
 2457380.458476 13.28375 0.01618 
 2457380.477535 13.27006 0.01631 
 2457380.492204 13.28129 0.01616 
 2457388.379434 13.07211 0.00911 
 2457389.341787 13.13621 0.01022 
 2457389.355990 13.08918 0.00995 
 2457389.367821 13.06109 0.01003 
 2457389.391897 13.08808 0.00983 
 2457389.408322 13.10224 0.00990 
 2457389.431635 13.09283 0.01032 
 2457389.451244 13.13562 0.01049 
 2457389.475553 13.07805 0.01053 
 2457390.350424 13.07968 0.01033 
 2457390.363366 13.06178 0.01054 
 2457390.375335 13.10595 0.01022 
 2457390.389416 13.12989 0.00997 
 2457390.405885 13.08356 0.00999 
 2457390.440989 13.06746 0.00923 
 2457390.467600 13.08280 0.00963 
 2457391.338812 13.05487 0.00992 
 2457391.353713 13.13353 0.01005 
 2457391.365559 13.10339 0.00992 
 2457391.377386 13.18667 0.00967 
 2457391.401383 13.13591 0.00944 
 2457391.424778 13.18782 0.00977 
 2457391.444477 13.14088 0.00946 
 2457391.468920 13.13482 0.00924 
 2457392.354486 13.32383 0.00934 
 2457392.366338 13.29591 0.00956 
 2457392.378226 13.29695 0.00920 
 2457392.402238 13.26254 0.00872 
 2457392.422513 13.28405 0.00902 
 2457392.442129 13.26559 0.00924 
 2457393.352945 13.17466 0.00989 
 2457393.400610 13.12562 0.01027 
 2457393.420892 13.09918 0.00936 
 2457393.440502 13.10658 0.00909 
 2457393.464867 13.09664 0.00940 
 2457394.378996 13.10474 0.00967 
 2457394.395380 13.12399 0.00654 
 2457396.323385 13.12163 0.01153 
 2457396.348265 13.12100 0.01084 
 2457396.360181 13.14789 0.01060 
 2457396.376655 13.06758 0.01005 
 2457396.395453 13.09974 0.01017 
 2457396.415714 13.12492 0.00971 
 2457396.444599 13.12546 0.00957 
 2457397.320144 13.21025 0.01007 
 2457397.345436 13.26487 0.00949 
 2457397.357255 13.23195 0.00931 
 2457397.373796 13.22768 0.00897 
 2457397.392712 13.20185 0.00897 
 2457397.412931 13.18720 0.00921 
 2457397.441721 13.15266 0.00927 
 2457398.330007 13.08459 0.00982 
 2457398.341765 13.05568 0.00992 
 2457398.353520 13.13454 0.00987 
 2457398.378424 13.05697 0.00982 
 2457398.406929 13.10002 0.00953 
 2457398.426426 13.11216 0.00982 
 2457398.450541 13.07766 0.00996 
 2457399.311572 13.14185 0.00990 
 2457399.343091 13.09006 0.00949 
 2457399.354810 13.10996 0.00937 
 2457399.371127 13.17557 0.00919 
 2457399.397332 13.13597 0.00931 
 2457399.416837 13.11976 0.00945 
 2457399.443269 13.16438 0.00903 
 2457400.311903 13.35450 0.00965 
 2457400.337113 13.39235 0.00962 
 2457400.390084 13.41472 0.00891 
 2457400.407299 13.39910 0.00937 
 2457400.426813 13.33454 0.00882 
 2457401.417230 13.07494 0.00898 
 2457401.441319 13.08825 0.00923 
 2457403.343474 13.09507 0.00995 
 2457406.308703 13.12476 0.01477 
 2457406.325626 13.09092 0.01554 
 2457406.332806 13.10283 0.01427 
 2457406.340010 13.16221 0.01406 
 2457406.351559 13.02205 0.01346 
 2457414.380018 13.11747 0.01378 
 2457414.399332 13.09592 0.01565 
 2457414.410598 13.08848 0.01411 
 2457415.298795 13.14082 0.01009 
 2457415.310179 13.14000 0.00962 
 2457415.333967 13.19624 0.01182 
 2457415.351330 13.11015 0.01212 
 2457415.366028 13.13020 0.01231 
 2457415.383210 13.18204 0.01285 
 2457415.405099 13.09263 0.01268 
 2457416.298525 13.28500 0.00871 
 2457416.309881 13.22933 0.00890 
 2457416.333611 13.30714 0.00860 
 2457416.350755 13.28173 0.00947 
 2457416.367932 13.27597 0.01055 
 2457416.394309 13.25360 0.01098 
 2457417.298391 13.15404 0.01093 
 2457417.309728 13.12067 0.01087 
 2457417.333381 13.13255 0.01005 
 2457417.355821 13.12877 0.00977 
 2457417.375162 13.11841 0.01024 
 2457417.399195 13.14479 0.01089 
 2457418.296884 13.12329 0.00980 
 2457418.308246 13.10233 0.00986 
 2457418.331902 13.10416 0.00916 
 2457418.351908 13.07110 0.00961 
 2457418.371320 13.11889 0.00922 
 2457418.395373 13.11671 0.00930 
 2457419.296846 13.11418 0.01017 
 2457419.310445 13.11106 0.00967 
 2457419.334097 13.11105 0.01009 
 2457419.351040 13.13300 0.01033 
 2457419.370383 13.11707 0.00987 
 2457419.394483 13.11651 0.00985 
 2457421.310125 13.26401 0.01009 
 2457423.294947 13.10626 0.00965 
 2457423.310909 13.12102 0.00938 
 2457423.339403 13.10268 0.00887 
 2457423.358917 13.12365 0.00918 
 2457423.383151 13.13064 0.00935 
 2457424.295403 13.13336 0.00998 
 2457424.311468 13.22379 0.00956 
 2457424.346300 13.17961 0.00925 
 2457424.372806 13.21155 0.00941 
 2457425.295582 13.17470 0.00946 
 2457425.311539 13.15715 0.00933 
 2457425.346339 13.06695 0.00988 
 2457426.336587 13.14401 0.00874 
 2457426.350285 13.07841 0.00904 
 2457428.294097 13.08670 0.01002 
 2457428.312469 13.14179 0.01010 
 2457428.341071 13.09839 0.01022 
 2457428.365195 13.13761 0.01038 
 2457429.295546 13.17497 0.01025 
 2457429.314847 13.16569 0.00981 
 2457429.343713 13.15111 0.00982 
 2457429.367953 13.18853 0.00968 
 2457430.290727 13.17044 0.01073 
 2457430.309988 13.15141 0.01056 
 2457430.338773 13.15240 0.00991 
 2457430.362981 13.15351 0.01042 
 2457431.309169 13.10934 0.01056 
 2457432.304857 13.12517 0.00988 
 2457432.331284 13.11592 0.01064 
 2457432.355507 13.13943 0.00985 
 2457434.286495 13.09666 0.01116 
 2457434.300881 13.11709 0.01184 
 2457434.324776 13.10378 0.01116 
 2457434.346432 13.15019 0.01075 
 2457435.284253 13.12649 0.01333 
 2457435.294239 13.08985 0.01335 
 2457435.311150 13.12545 0.01258 
 2457435.320765 13.08248 0.01261 
 2457435.337647 13.13239 0.01272 
 2457442.281508 13.24160 0.01725 
 2457442.290632 13.12195 0.01704 
 2457442.317234 13.12410 0.01664 
 2457445.277974 13.11352 0.00976 
 2457445.291795 13.12041 0.00959 
 2457445.318248 13.16142 0.01265 
 2457446.277425 13.40355 0.00992 
 2457446.291116 13.32628 0.00950 
 2457446.317498 13.36713 0.00932 
 2457448.265525 13.18331 0.00961 
 2457448.279806 13.11261 0.00920 
 2457448.307383 13.07443 0.00936 
 2457449.278214 13.38139 0.00920 
 2457449.292644 13.39106 0.00876 
 2457450.276892 13.11955 0.00983 
 2457450.290637 13.10460 0.00955 
 2457456.272159 13.18324 0.00949 
 2457456.286003 13.12008 0.00868 
 2457457.273852 13.27579 0.00898 
 2457458.270263 13.03229 0.00929 
 2457458.284037 13.07628 0.00925 
 2457460.267698 13.15116 0.00997 
 2457461.266608 13.07252 0.01041 
 2457462.271813 13.38631 0.01044 
 2457650.631178 13.37629 0.01440 
 2457660.598993 13.08975 0.01028 
 2457660.613009 13.24331 0.00988 
 2457662.594481 13.16677 0.01024 
 2457662.609187 13.12691 0.01029 
 2457664.588601 13.13206 0.01013 
 2457664.603753 13.12132 0.00993 
 2457664.615434 13.21709 0.00991 
 2457665.583983 13.10012 0.01012 
 2457665.598017 13.14343 0.00974 
 2457665.609708 13.13816 0.00903 
 2457666.584068 13.19822 0.00877 
 2457666.598832 13.19555 0.00953 
 2457666.610469 13.23250 0.00991 
 2457667.579490 13.07484 0.01031 
 2457667.603585 13.11760 0.00975 
 2457673.594396 13.11411 0.00982 
 2457674.558212 13.16032 0.01325 
 2457674.577422 13.15536 0.01191 
 2457680.590138 13.08535 0.01565 
 2457687.526109 13.10295 0.00974 
 2457687.540878 13.13396 0.00935 
 2457687.562619 13.14201 0.00942 
 2457687.574431 13.15812 0.01023 
 2457687.586178 13.05335 0.00978 
 2457688.521824 13.14422 0.00941 
 2457688.536005 13.15345 0.00914 
 2457688.557893 13.12011 0.00931 
 2457688.572010 13.09189 0.00896 
 2457688.588412 13.11607 0.00879 
 2457689.519932 13.11182 0.00945 
 2457689.534004 13.16304 0.00933 
 2457689.545709 13.11966 0.00919 
 2457689.569743 13.11982 0.00920 
 2457689.586045 13.16656 0.00925 
 2457690.539122 13.13582 0.00735 
 2457691.535666 13.43460 0.00954 
 2457691.573706 13.32891 0.00694 
 2457691.592450 13.36367 0.00908 
 2457692.524613 13.12127 0.01016 
 2457692.564095 13.15149 0.00983 
 2457692.580438 13.06692 0.00990 
 2457693.508166 13.10562 0.00961 
 2457693.522183 13.19246 0.00970 
 2457693.533821 13.13281 0.00981 
 2457693.545453 13.11267 0.00943 
 2457693.569378 13.15448 0.00932 
 2457693.589201 13.06463 0.00972 
 2457694.505209 13.37596 0.00859 
 2457694.519255 13.33439 0.00836 
 2457694.563442 13.38635 0.00871 
 2457694.582186 13.36949 0.00844 
 2457695.517325 13.16841 0.00987 
 2457695.529024 13.11735 0.01239 
 2457695.566867 13.14047 0.00986 
 2457695.586527 13.18546 0.00910 
 2457696.497834 13.16675 0.01148 
 2457696.517234 13.17873 0.00944 
 2457696.528982 13.13912 0.01039 
 2457696.540700 13.05475 0.00966 
 2457696.557007 13.10131 0.01027 
 2457696.575678 13.11839 0.00687 
 2457697.525605 13.11562 0.01016 
 2457697.537262 13.15012 0.00519 
 2457697.572248 13.14352 0.00972 
 2457699.490190 13.39244 0.00901 
 2457699.501975 13.43879 0.00882 
 2457699.554732 13.40585 0.00877 
 2457699.574349 13.44525 0.00908 
 2457700.486771 13.09154 0.00951 
 2457700.498524 13.14473 0.00951 
 2457700.523306 13.07898 0.00987 
 2457700.534987 13.14145 0.00925 
 2457700.551337 13.10582 0.00970 
 2457700.570969 13.18520 0.01024 
 2457701.487714 13.17667 0.01072 
 2457701.502514 13.14191 0.00955 
 2457701.514233 13.11652 0.00951 
 2457701.525946 13.09642 0.00921 
 2457701.542319 13.04901 0.00939 
 2457701.568680 13.13064 0.00970 
 2457702.483620 13.28510 0.01218 
 2457702.497747 13.28900 0.01115 
 2457702.519518 13.25443 0.00998 
 2457702.533519 13.21396 0.00950 
 2457705.480851 13.01548 0.01534 
 2457705.503288 13.07060 0.01457 
 2457707.514952 13.22780 0.01731 
 2457707.526710 13.26123 0.01757 
 2457707.540707 13.19955 0.01726 
 2457707.555399 13.22753 0.01666 
 2457707.569465 13.27180 0.01720 
 2457708.468769 13.21473 0.01784 
 2457708.486346 13.08424 0.01759 
 2457708.493572 13.09644 0.01758 
 2457708.500794 13.15184 0.01680 
 2457708.517894 13.03570 0.01644 
 2457708.534701 13.12861 0.01569 
 2457708.559527 13.10019 0.01782 
 2457708.578634 13.07628 0.01873 
 2457714.452626 13.11469 0.00941 
 2457714.477445 13.12801 0.00940 
 2457714.489184 13.06658 0.00961 
 2457714.500916 13.05648 0.01047 
 2457714.512703 13.11338 0.01029 
 2457714.524516 13.09687 0.00994 
 2457714.537130 13.08165 0.00962 
 2457714.558905 13.10846 0.01001 
 2457715.504428 13.16021 0.00854 
 2457717.441905 13.09868 0.00967 
 2457717.456068 13.14085 0.00887 
 2457717.477913 13.07084 0.00868 
 2457717.489713 13.07295 0.00969 
 2457717.506123 13.10418 0.00801 
 2457717.525863 13.08325 0.00894 
 2457717.545407 13.12515 0.00918 
 2457717.572039 13.02894 0.00889 
 2457718.456261 13.11869 0.00881 
 2457718.478029 13.11746 0.00912 
 2457718.494474 13.11132 0.00865 
 2457718.533476 13.11822 0.00836 
 2457719.437662 13.27013 0.00858 
 2457719.451791 13.25722 0.00868 
 2457719.473550 13.28089 0.00865 
 2457719.487594 13.26953 0.00839 
 2457719.503966 13.24431 0.00841 
 2457719.527294 13.20885 0.00868 
 2457719.546875 13.26227 0.00871 
 2457719.571211 13.14730 0.00918 
 2457721.445082 13.12454 0.01328 
 2457721.514710 13.14848 0.01014 
 2457721.534284 13.12739 0.00938 
 2457721.560932 13.09198 0.00981 
 2457722.429375 13.17629 0.00915 
 2457722.443564 13.10909 0.00916 
 2457722.455330 13.09936 0.00917 
 2457722.479379 13.11434 0.00933 
 2457722.495789 13.10395 0.00897 
 2457722.534376 13.11506 0.00919 
 2457722.561004 13.11890 0.00863 
 2457723.424889 13.09316 0.00936 
 2457723.436728 13.13230 0.00930 
 2457723.451549 13.15534 0.00925 
 2457723.473365 13.10733 0.00921 
 2457723.489810 13.09749 0.00916 
 2457723.509545 13.07355 0.00908 
 2457723.529115 13.11375 0.00961 
 2457723.555724 13.06516 0.00931 
 2457724.423987 13.28608 0.00897 
 2457724.438113 13.21137 0.00914 
 2457724.449898 13.19888 0.00911 
 2457724.461712 13.21549 0.00890 
 2457724.488029 13.21568 0.00957 
 2457724.507788 13.17721 0.00905 
 2457724.527366 13.14613 0.00904 
 2457724.554012 13.15036 0.00887 
 2457725.420383 13.10001 0.00998 
 2457725.434517 13.09950 0.00973 
 2457725.446321 13.12748 0.00956 
 2457725.458132 13.12543 0.00969 
 2457725.482193 13.07640 0.00981 
 2457725.501866 13.06932 0.00962 
 2457725.521409 13.07880 0.01008 
 2457725.548013 13.10345 0.00954 
 2457727.413653 13.42534 0.00933 
 2457727.425498 13.42362 0.00932 
 2457727.440351 13.39441 0.00898 
 2457727.452150 13.44498 0.00902 
 2457727.481193 13.32949 0.00877 
 2457727.504602 13.43631 0.00886 
 2457727.524214 13.39400 0.00839 
 2457727.548580 13.29864 0.00886 
 2457728.412967 13.09083 0.01026 
 2457728.437166 13.12661 0.00951 
 2457728.448926 13.09485 0.00942 
 2457728.463002 13.07941 0.00936 
 2457728.479456 13.08374 0.00903 
 2457728.502829 13.08962 0.00975 
 2457728.543832 13.08285 0.00934 
 2457729.527185 13.09692 0.00965 
 2457730.407725 13.20065 0.01124 
 2457730.431982 13.13814 0.01082 
 2457730.443797 13.09856 0.01044 
 2457730.457893 13.10227 0.01040 
 2457730.474387 13.12057 0.00918 
 2457730.497788 13.14393 0.00911 
 2457730.526743 13.09824 0.00941 
 2457731.471748 13.10480 0.01038 
 2457731.495208 13.07087 0.00964 
 2457731.524139 13.08673 0.00949 
 2457732.431954 13.39794 0.01109 
 2457732.453684 13.42497 0.01064 
 2457732.475483 13.42767 0.01076 
 2457732.505310 13.41049 0.01038 
 2457733.400695 13.10443 0.01383 
 2457733.423271 13.09895 0.01372 
 2457733.442702 13.13130 0.01347 
 2457733.464382 13.07898 0.01551 
 2457734.396098 13.04891 0.01627 
 2457734.405763 13.12398 0.01622 
 2457734.416117 13.08691 0.01609 
 2457734.441525 13.06777 0.01511 
 2457734.453320 13.12620 0.01491 
 2457734.467433 13.12079 0.01482 
 2457734.482218 13.11134 0.01451 
 2457734.496458 13.12469 0.01437 
 2457734.520461 13.11292 0.01401 
 2457735.480090 13.32703 0.01735 
 2457735.494481 13.33961 0.01698 
 2457742.376901 13.09370 0.00943 
 2457742.391778 13.05027 0.00922 
 2457742.403606 13.11819 0.00907 
 2457742.415428 13.09046 0.00926 
 2457742.439491 13.08437 0.00987 
 2457742.457788 13.07140 0.01075 
 2457742.475274 13.10596 0.01068 
 2457742.492722 13.10954 0.01142 
 2457743.370985 13.20217 0.00903 
 2457743.395495 13.19718 0.00892 
 2457743.407517 13.27565 0.00844 
 2457743.421736 13.23571 0.00901 
 2457743.438328 13.27197 0.00918 
 2457743.458920 13.28463 0.00877 
 2457743.485882 13.32939 0.00960 
 2457743.508445 13.28098 0.00973 
 2457744.367959 13.11691 0.00894 
 2457744.390008 13.09658 0.00907 
 2457744.401931 13.13252 0.00885 
 2457744.413828 13.06986 0.00871 
 2457744.430334 13.14168 0.00856 
 2457744.450147 13.10211 0.00817 
 2457744.479185 13.07684 0.00892 
 2457744.503894 13.11341 0.00924 
 2457745.365661 13.12665 0.00910 
 2457745.389992 13.13668 0.00882 
 2457745.401893 13.11291 0.00856 
 2457745.416014 13.11129 0.00889 
 2457745.432503 13.12296 0.00885 
 2457745.455999 13.11821 0.00878 
 2457745.485027 13.11560 0.00833 
 2457747.361290 13.14004 0.00941 
 2457747.375533 13.08478 0.00889 
 2457747.397521 13.11656 0.00946 
 2457747.411667 13.12650 0.00891 
 2457747.428189 13.13913 0.00884 
 2457747.451727 13.09962 0.00896 
 2457747.480697 13.13651 0.00867 
 2457748.357743 13.15605 0.00927 
 2457748.372044 13.21765 0.00890 
 2457748.393953 13.21118 0.00924 
 2457748.408063 13.24474 0.00865 
 2457748.424572 13.23705 0.00827 
 2457748.447990 13.29688 0.00900 
 2457748.467719 13.26638 0.00738 
 2457748.492154 13.33346 0.00848 
 2457749.357814 13.14021 0.00934 
 2457749.372782 13.12737 0.00884 
 2457749.394732 13.09894 0.00889 
 2457749.411241 13.12876 0.00897 
 2457749.430139 13.09046 0.00865 
 2457749.447393 13.14141 0.00855 
 2457749.467099 13.11358 0.00847 
 2457750.352662 13.08431 0.00911 
 2457750.366924 13.13792 0.00885 
 2457750.378845 13.10428 0.00932 
 2457750.403000 13.06975 0.00928 
 2457751.348745 13.13032 0.00903 
 2457751.360693 13.13583 0.00882 
 2457751.372602 13.12316 0.00877 
 2457751.394538 13.09136 0.00859 
 2457751.411077 13.11304 0.00825 
 2457751.430909 13.19878 0.00836 
 2457751.450592 13.19809 0.00894 
 2457751.477333 13.15753 0.00829 
 2457752.364155 13.16059 0.00834 
 2457752.376064 13.19929 0.00895 
 2457752.400240 13.18297 0.00873 
 2457752.425387 13.18928 0.00840 
 2457752.442647 13.14732 0.00842 
 2457752.462321 13.15100 0.00886 
 2457753.366458 13.16226 0.00923 
 2457753.378357 13.13798 0.00882 
 2457753.402548 13.13383 0.00904 
 2457753.421476 13.10099 0.00886 
 2457753.438767 13.10613 0.00811 
 2457753.458550 13.08222 0.00911 
 2457754.339619 13.13093 0.00925 
 2457754.351614 13.08954 0.00924 
 2457754.366597 13.14737 0.00900 
 2457754.378590 13.12237 0.00908 
 2457754.402851 13.12492 0.00891 
 2457754.422745 13.11910 0.00873 
 2457754.442468 13.13511 0.00878 
 2457754.469202 13.12149 0.00883 
 2457758.345400 13.08126 0.00971 
 2457758.357320 13.10752 0.00959 
 2457758.384964 13.08629 0.00944 
 2457758.411548 13.12025 0.00890 
 2457758.431282 13.14583 0.00882 
 2457758.458084 13.12226 0.00861 
 2457769.301825 13.15117 0.01081 
 2457769.316842 13.14502 0.00962 
 2457769.350940 13.18716 0.01294 
 2457770.301887 13.12603 0.00915 
 2457770.316467 13.10928 0.00866 
 2457770.338399 13.10895 0.00870 
 2457770.354915 13.11789 0.00912 
 2457770.371458 13.09678 0.01005 
 2457770.401377 13.12874 0.01063 
 2457770.425915 13.14732 0.01109 
 2457771.305309 13.11209 0.00938 
 2457771.319962 13.11940 0.00927 
 2457771.341943 13.13000 0.00898 
 2457771.358486 13.14964 0.00912 
 2457771.378443 13.13542 0.00924 
 2457771.407559 13.15239 0.01052 
 2457771.432034 13.12297 0.01048 
 2457772.305378 13.10533 0.00974 
 2457772.316907 13.13329 0.00969 
 2457772.338818 13.15571 0.00901 
 2457772.355384 13.15529 0.00906 
 2457772.375307 13.13839 0.00884 
 2457772.404260 13.13367 0.00933 
 2457772.428692 13.11253 0.00939 
 2457773.381015 13.41494 0.00829 
 2457773.409983 13.39077 0.00825 
 2457774.301875 13.04903 0.00971 
 2457774.313513 13.08685 0.01016 
 2457774.337697 13.07250 0.00874 
 2457774.354199 13.09016 0.00860 
 2457774.377806 13.12772 0.00866 
 2457774.406789 13.06141 0.00862 
 2457775.305340 13.10378 0.01032 
 2457775.316864 13.11539 0.01017 
 2457775.340932 13.13293 0.01015 
 2457775.359709 13.10312 0.00993 
 2457775.376829 13.14914 0.00943 
 2457775.405798 13.12581 0.00936 
 2457778.301724 13.11981 0.00888 
 2457778.313159 13.11555 0.00853 
 2457778.337202 13.12030 0.00846 
 2457778.355991 13.06854 0.00820 
 2457781.309590 13.41397 0.00843 
 2457781.333454 13.42413 0.00867 
 2457781.356827 13.41459 0.00852 
 2457781.376350 13.45762 0.00800 
 2457782.301948 13.07140 0.00892 
 2457782.315661 13.20419 0.00874 
 2457782.339608 13.05191 0.00843 
 2457782.356683 13.10711 0.00877 
 2457782.376246 13.11240 0.00904 
 2457782.400588 13.05823 0.00864 
 2457783.301709 13.13432 0.00938 
 2457783.317796 13.08449 0.00928 
 2457783.344223 13.12226 0.00872 
 2457783.363720 13.11829 0.00861 
 2457783.390249 13.10215 0.00637 
 2457784.301649 13.22486 0.00889 
 2457784.317743 13.25419 0.00888 
 2457784.346409 13.28683 0.00864 
 2457784.365932 13.29351 0.00844 
 2457784.390200 13.33744 0.00891 
 2457785.307465 13.10608 0.00935 
 2457785.331527 13.11051 0.00935 
 2457785.348617 13.10691 0.00920 
 2457785.368208 13.11160 0.00917 
 2457785.392576 13.11555 0.00939 
 2457786.304107 13.07587 0.00932 
 2457786.325849 13.11112 0.00916 
 2457786.355580 13.10795 0.00865 
 2457786.382204 13.13722 0.00882 
 2457787.303877 13.05662 0.00999 
 2457787.325574 13.14198 0.00968 
 2457787.355377 13.12725 0.00916 
 2457787.382336 13.13922 0.00943 
 2457788.300429 13.09179 0.01064 
 2457788.316487 13.19959 0.00894 
 2457788.349321 13.10704 0.01091 
 2457788.375984 13.13144 0.00999 
 2457789.292135 13.16153 0.01119 
 2457789.303558 13.26691 0.01088 
 2457789.325090 13.24636 0.01048 
 2457789.337315 13.23048 0.01060 
 2457789.361252 13.26979 0.01063 
 2457789.380730 13.30523 0.01032 
 2457796.294516 13.13650 0.01828 
 2457796.317516 13.08360 0.01808 
 2457796.329945 13.16128 0.01809 
 2457796.342468 13.09230 0.01851 
 2457796.359702 13.10065 0.01705 
 2457797.354065 13.15183 0.01547 
 2457798.296574 13.15182 0.01018 
 2457798.323102 13.13231 0.01194 
 2457798.340414 13.11632 0.01257 
 2457799.296562 13.09879 0.00995 
 2457799.325270 13.12628 0.01045 
 2457799.349550 13.10126 0.01175 
 2457800.297502 13.05089 0.01018 
 2457800.326311 13.14739 0.00922 
 2457800.350584 13.13431 0.01205 
 2457801.294427 13.27141 0.01010 
 2457801.323283 13.25051 0.01002 
 2457801.347589 13.22771 0.00948 
 2457802.323080 13.12746 0.00971 
 2457803.291019 13.11892 0.00954 
 2457803.319915 13.10481 0.00941 
 2457803.344202 13.10861 0.00932 
 2457804.287546 13.12832 0.00973 
 2457805.283820 13.11469 0.00924 
 2457805.295267 13.12681 0.00915 
 2457805.325913 13.14823 0.00898 
 2457806.286031 13.18486 0.00970 
 2457806.314919 13.17157 0.00920 
 2457807.284359 13.10914 0.00992 
 2457807.313244 13.05750 0.00972 
 2457808.301850 13.15749 0.00921 
 2457808.326198 13.13646 0.00800 
 2457809.294831 13.41595 0.00886 
 2457809.321506 13.37117 0.00878 
 2457810.280971 13.12778 0.00949 
 2457810.309910 13.07965 0.00925 
 2457811.280883 13.14681 0.00942 
 2457812.286816 13.11701 0.00935 
 2457812.313583 13.05942 0.00953 
 2457814.286668 13.37355 0.00916 
 2457814.311095 13.31489 0.00865 
 2457815.283078 13.13788 0.00856 
 2457816.283364 13.10190 0.00951 
 2457816.302877 13.11651 0.00954 
 2457817.279829 13.34885 0.00996 
 2457817.299472 13.37972 0.00966 
 2457818.277476 13.06425 0.01185 
 2457824.277522 13.11294 0.01856 
 2457826.276257 13.11117 0.01541 
 2457827.272652 13.11505 0.01069 
 2457828.269195 13.06978 0.00942 
 2458020.618939 13.18688 0.01096 
 2458021.609351 13.34078 0.00985 
 2458021.623637 13.31559 0.00913 
 2458023.629678 13.13645 0.00978 
 2458025.601810 13.03860 0.01135 
 2458025.616159 13.15935 0.01125 
 2458026.601578 13.41357 0.01046 
 2458027.595961 13.07324 0.01047 
 2458027.610242 13.09402 0.01033 
