\INPUT_FILE = /exodata/ETSS-prep/KELT/s12/raw/KELT_S12_lc_028632_V01_east_raw.dat
\INPUT_TYPE = "RAW"
\START_DATE = "Sat Mar 13, 02:12:55 2010"               
\STOP_DATE = "Tue Aug 19, 17:31:42 2014"               
\fixlen = T
\NUMRECORDS = 1954     
\
\ This file was produced by the NASA Exoplanet Archive  http://exoplanetarchive.ipac.caltech.edu 
\ Wed Jan 08, 16:08:15 2020
\ Documentation for the KELT Survey dataset can be found at http://exoplanetarchive.ipac.caltech.edu/docs/KELT.html
\
|          TIME|     MAG|MAG_ERR|
|          real|    real|   real|
|             d|     mag|    mag|
|          null|    null|   null|
 2455268.592304 14.28639 0.02494 
 2455268.606111 14.24096 0.02705 
 2455268.617693 14.24283 0.02772 
 2455268.631484 14.27767 0.02470 
 2455274.570802 14.31996 0.02945 
 2455274.584595 14.29041 0.02773 
 2455274.596174 14.30725 0.02842 
 2455274.609966 14.25272 0.02714 
 2455274.623769 14.30962 0.02664 
 2455275.564208 14.23812 0.02726 
 2455275.577999 14.21519 0.03114 
 2455275.591847 14.26369 0.02889 
 2455275.603435 14.24065 0.02970 
 2455275.617228 14.28044 0.02792 
 2455275.633085 14.29996 0.02567 
 2455276.560064 14.27196 0.02665 
 2455276.573860 14.21951 0.02528 
 2455276.587661 14.22013 0.02742 
 2455276.599230 14.29008 0.02430 
 2455276.613041 14.28574 0.02321 
 2455277.556308 14.25053 0.02961 
 2455277.570121 14.29303 0.02602 
 2455277.583913 14.25452 0.02551 
 2455277.595506 14.29046 0.02580 
 2455277.609301 14.32092 0.02545 
 2455277.623096 14.30727 0.02584 
 2455277.636786 14.27243 0.02751 
 2455280.548821 14.22249 0.02463 
 2455280.562619 14.20870 0.02591 
 2455280.576426 14.30277 0.02453 
 2455280.588011 14.27069 0.02591 
 2455280.601812 14.28770 0.02515 
 2455280.615606 14.24028 0.02524 
 2455280.629299 14.27411 0.02522 
 2455281.552033 14.22089 0.02866 
 2455281.565826 14.24202 0.02820 
 2455281.577414 14.29675 0.02799 
 2455281.591214 14.25645 0.02689 
 2455281.605012 14.23752 0.02848 
 2455281.618657 14.24573 0.02692 
 2455281.632344 14.31428 0.02629 
 2455284.538458 14.32907 0.06298 
 2455284.548002 14.22780 0.05929 
 2455284.557536 14.27868 0.05502 
 2455284.567066 14.27566 0.05310 
 2455284.574376 14.37359 0.05055 
 2455284.583914 14.35369 0.04917 
 2455284.593452 14.30063 0.04724 
 2455284.605045 14.37628 0.04939 
 2455284.618727 14.25447 0.04504 
 2455285.533535 14.36007 0.06002 
 2455285.540048 14.34133 0.06159 
 2455285.546497 14.26334 0.06082 
 2455285.552946 14.27586 0.06245 
 2455285.559390 14.27174 0.05922 
 2455285.564649 14.34973 0.06086 
 2455285.572012 14.36119 0.05800 
 2455285.579374 14.26834 0.06033 
 2455285.586748 14.24917 0.06013 
 2455285.594126 14.36314 0.05455 
 2455285.603555 14.22580 0.05343 
 2455285.615083 14.29600 0.05661 
 2455293.519449 14.37156 0.03295 
 2455293.533247 14.40557 0.03170 
 2455293.544847 14.38211 0.03165 
 2455293.558651 14.41739 0.03106 
 2455293.572456 14.45359 0.02874 
 2455293.584040 14.44158 0.02989 
 2455294.518434 14.31070 0.02995 
 2455294.532238 14.28312 0.02862 
 2455294.543829 14.30484 0.02838 
 2455294.557628 14.30833 0.02759 
 2455294.571429 14.31320 0.02762 
 2455294.580958 14.32606 0.02739 
 2455294.590495 14.31494 0.02752 
 2455294.600029 14.28025 0.02752 
 2455297.514420 14.27737 0.02561 
 2455297.528227 14.25517 0.02492 
 2455297.539823 14.26416 0.02821 
 2455297.553618 14.29142 0.02020 
 2455297.567427 14.32038 0.02154 
 2455297.581114 14.25531 0.02795 
 2455298.498948 14.25590 0.02769 
 2455298.512762 14.25958 0.02744 
 2455298.526572 14.25399 0.02523 
 2455298.538158 14.32161 0.02693 
 2455298.551972 14.30640 0.02631 
 2455298.565793 14.29662 0.02528 
 2455298.579482 14.24702 0.02564 
 2455299.495744 14.31059 0.02598 
 2455299.509565 14.28565 0.02541 
 2455299.523375 14.29806 0.02497 
 2455299.534973 14.32385 0.02428 
 2455299.548780 14.30630 0.02589 
 2455299.562587 14.32697 0.02613 
 2455299.576291 14.28581 0.02548 
 2455300.494827 14.30062 0.02392 
 2455300.508655 14.30233 0.02365 
 2455300.522466 14.30376 0.02478 
 2455300.534063 14.29012 0.02365 
 2455300.547867 14.28841 0.02343 
 2455300.563736 14.32449 0.02415 
 2455300.577426 14.30401 0.02398 
 2455304.490509 14.38505 0.02605 
 2455304.504319 14.40275 0.02416 
 2455304.515910 14.45918 0.02533 
 2455304.529725 14.44543 0.02466 
 2455304.543538 14.48631 0.02293 
 2455304.557232 14.47323 0.02525 
 2455304.570929 14.42595 0.02371 
 2455305.487112 14.26899 0.02400 
 2455305.500941 14.25306 0.02467 
 2455305.512536 14.29543 0.02460 
 2455305.526327 14.33489 0.02399 
 2455305.540147 14.29484 0.02277 
 2455305.553801 14.33787 0.02385 
 2455305.567496 14.26609 0.02358 
 2455307.474401 14.24365 0.01527 
 2455308.477575 14.20240 0.02346 
 2455308.491392 14.24633 0.02390 
 2455310.473898 14.18694 0.03761 
 2455310.487594 14.26236 0.03516 
 2455312.460103 14.23390 0.05141 
 2455312.466509 14.24520 0.04833 
 2455312.472911 14.29323 0.04955 
 2455312.479305 14.23878 0.04886 
 2455312.485717 14.20045 0.04630 
 2455312.490946 14.24685 0.04889 
 2455312.498268 14.33243 0.04632 
 2455312.505590 14.26401 0.04560 
 2455312.512912 14.31159 0.04183 
 2455312.520239 14.24344 0.04309 
 2455312.541058 14.31489 0.05142 
 2455324.435136 14.20919 0.02659 
 2455324.448951 14.27446 0.02551 
 2455324.460554 14.24391 0.02656 
 2455324.474380 14.26214 0.02434 
 2455324.488199 14.28399 0.02591 
 2455324.501861 14.28486 0.02488 
 2455324.515562 14.23173 0.03165 
 2455332.417352 14.24087 0.02703 
 2455332.431183 14.26248 0.02567 
 2455332.442797 14.28749 0.02665 
 2455332.456633 14.30724 0.02431 
 2455332.470463 14.33736 0.02379 
 2455332.484181 14.29398 0.02401 
 2455337.393676 14.36973 0.03577 
 2455337.407509 14.37672 0.03068 
 2455337.421345 14.45713 0.02722 
 2455337.432964 14.44784 0.02452 
 2455337.446812 14.44343 0.02505 
 2455337.462713 14.45494 0.02428 
 2455337.476431 14.45418 0.02452 
 2455338.391773 14.19754 0.03837 
 2455338.403470 14.28601 0.03512 
 2455338.415166 14.30451 0.03685 
 2455338.424646 14.27531 0.03143 
 2455338.436256 14.30011 0.04109 
 2455338.447870 14.24114 0.03434 
 2455338.461543 14.30357 0.02745 
 2455338.475261 14.30634 0.02586 
 2455339.387270 14.28693 0.03954 
 2455339.393749 14.25577 0.03815 
 2455339.400223 14.24172 0.03785 
 2455339.406698 14.23491 0.03580 
 2455339.413170 14.29780 0.03513 
 2455339.418461 14.27844 0.03638 
 2455339.425856 14.23798 0.03472 
 2455339.433260 14.30016 0.03713 
 2455339.440657 14.24108 0.03474 
 2455339.448061 14.32419 0.03342 
 2455339.459635 14.29246 0.03213 
 2455339.471195 14.35159 0.03407 
 2455340.384297 14.28597 0.04903 
 2455340.386442 14.30999 0.04928 
 2455340.390706 14.27395 0.04836 
 2455340.392833 14.23859 0.04797 
 2455340.394959 14.29614 0.04391 
 2455340.397089 14.32274 0.04282 
 2455340.399233 14.29893 0.04619 
 2455340.401356 14.29732 0.04135 
 2455340.403488 14.19603 0.04307 
 2455340.405610 14.30343 0.04047 
 2455340.407740 14.27695 0.04228 
 2455340.409868 14.25884 0.04296 
 2455340.411993 14.29341 0.04206 
 2455340.414119 14.23813 0.04211 
 2455340.416244 14.27942 0.04053 
 2455340.418315 14.29510 0.03901 
 2455340.420510 14.29100 0.03941 
 2455340.422634 14.28481 0.04007 
 2455340.424762 14.32298 0.03970 
 2455340.426889 14.27259 0.04043 
 2455340.429016 14.27229 0.04279 
 2455340.431140 14.31332 0.04076 
 2455340.435394 14.32910 0.03792 
 2455340.437518 14.28570 0.03996 
 2455340.466459 14.31465 0.03783 
 2455340.473086 14.30726 0.03452 
 2455348.377369 14.39914 0.04596 
 2455348.391212 14.33640 0.04132 
 2455348.402859 14.36718 0.03916 
 2455348.416709 14.40714 0.03899 
 2455348.430561 14.43848 0.04044 
 2455348.440139 14.40882 0.03904 
 2455348.449715 14.42086 0.04059 
 2455353.348132 14.19148 0.02322 
 2455353.364044 14.22774 0.02231 
 2455353.377893 14.26107 0.02200 
 2455353.389521 14.28856 0.02007 
 2455353.403398 14.24184 0.02067 
 2455353.419319 14.29141 0.02136 
 2455353.433050 14.26524 0.02105 
 2455359.332126 14.28580 0.02136 
 2455359.346036 14.37487 0.02002 
 2455359.359952 14.38969 0.02102 
 2455359.371667 14.39276 0.02079 
 2455359.385587 14.38484 0.01940 
 2455359.399505 14.40626 0.02128 
 2455359.413437 14.36842 0.02094 
 2455365.320064 14.22358 0.02932 
 2455365.331821 14.21517 0.02750 
 2455365.343600 14.20738 0.02655 
 2455365.353136 14.29110 0.02486 
 2455365.364834 14.26811 0.02468 
 2455365.376502 14.27131 0.02349 
 2455365.390254 14.27164 0.01950 
 2455365.404086 14.27413 0.02151 
 2455368.308164 14.22467 0.03903 
 2455368.310325 14.27744 0.03875 
 2455368.312481 14.30701 0.03648 
 2455368.314642 14.20926 0.03845 
 2455368.316807 14.23102 0.03625 
 2455368.318975 14.26385 0.03612 
 2455368.321132 14.22354 0.03654 
 2455368.323329 14.27449 0.03612 
 2455368.325496 14.23576 0.03632 
 2455368.327661 14.30207 0.03510 
 2455368.329829 14.31941 0.03630 
 2455368.331991 14.27404 0.03481 
 2455368.334155 14.23869 0.03332 
 2455368.336311 14.30357 0.03386 
 2455368.338471 14.19862 0.03432 
 2455368.340645 14.27023 0.03480 
 2455368.342812 14.24800 0.03556 
 2455368.344977 14.24493 0.03521 
 2455368.347133 14.28281 0.03419 
 2455368.349294 14.29848 0.03364 
 2455368.351473 14.22646 0.03318 
 2455368.353631 14.24826 0.03409 
 2455368.355797 14.21156 0.03318 
 2455368.357963 14.31166 0.03272 
 2455368.360129 14.27887 0.03255 
 2455368.362292 14.20771 0.03301 
 2455368.366853 14.25502 0.03392 
 2455368.371421 14.26338 0.03182 
 2455368.378110 14.22928 0.03233 
 2455368.384815 14.25188 0.03308 
 2455368.391503 14.24128 0.03216 
 2455378.287516 14.20675 0.02533 
 2455378.301395 14.23545 0.02351 
 2455378.313051 14.30790 0.02374 
 2455378.326932 14.27662 0.02695 
 2455378.340810 14.37682 0.03132 
 2455378.354523 14.39574 0.03004 
 2455378.368279 14.46185 0.03145 
 2455379.278869 14.15868 0.02489 
 2455379.292744 14.19324 0.02450 
 2455379.306625 14.27134 0.02333 
 2455379.318283 14.27337 0.02300 
 2455379.332147 14.24438 0.02272 
 2455379.348087 14.24737 0.02469 
 2455379.361869 14.24534 0.02580 
 2455380.283305 14.19834 0.02528 
 2455380.297192 14.21925 0.02554 
 2455380.308848 14.26288 0.02490 
 2455380.322729 14.29168 0.02530 
 2455380.336604 14.29644 0.02429 
 2455380.350385 14.29484 0.02213 
 2455380.364156 14.30168 0.02297 
 2455385.268782 14.35139 0.04442 
 2455385.282662 14.19232 0.02554 
 2455385.294328 14.25960 0.01688 
 2455385.308204 14.22211 0.02244 
 2455385.322083 14.25131 0.01866 
 2455385.335808 14.26909 0.01990 
 2455385.349583 14.25248 0.02110 
 2455391.248120 14.17052 0.02436 
 2455391.262007 14.22313 0.02377 
 2455391.275892 14.29999 0.02319 
 2455391.287557 14.29693 0.02381 
 2455391.301425 14.24967 0.02340 
 2455391.317362 14.26171 0.02439 
 2455391.331125 14.23131 0.02355 
 2455394.236039 14.20965 0.02704 
 2455394.242611 14.22340 0.02735 
 2455394.249202 14.22951 0.02627 
 2455394.255752 14.21042 0.02707 
 2455394.262372 14.22103 0.02681 
 2455394.267728 14.25804 0.02400 
 2455394.275231 14.24870 0.02640 
 2455394.282719 14.25931 0.02560 
 2455394.290217 14.25729 0.02342 
 2455394.297695 14.26818 0.02532 
 2455394.309361 14.32333 0.02337 
 2455394.321034 14.25336 0.02309 
 2455395.231926 14.25414 0.03024 
 2455395.234111 14.26794 0.03082 
 2455395.236294 14.24516 0.03079 
 2455395.238467 14.27872 0.02938 
 2455395.240653 14.23794 0.02992 
 2455395.242830 14.30055 0.02917 
 2455395.245004 14.28741 0.02952 
 2455395.247182 14.33217 0.02724 
 2455395.249355 14.34849 0.02798 
 2455395.251531 14.24871 0.02804 
 2455395.253710 14.24718 0.02705 
 2455395.255890 14.23749 0.02611 
 2455395.258060 14.28696 0.02771 
 2455395.260239 14.22283 0.02682 
 2455395.262420 14.26318 0.02813 
 2455395.264602 14.24701 0.02735 
 2455395.266773 14.29285 0.02746 
 2455395.268951 14.24935 0.02753 
 2455395.271135 14.27341 0.02673 
 2455395.273317 14.30332 0.02549 
 2455395.275492 14.28086 0.02457 
 2455395.277663 14.26345 0.02697 
 2455395.279841 14.25607 0.02683 
 2455395.282020 14.27165 0.02701 
 2455395.284271 14.25321 0.02645 
 2455395.286450 14.25701 0.02494 
 2455395.288665 14.25380 0.02635 
 2455395.293254 14.29235 0.02653 
 2455395.297856 14.25911 0.02452 
 2455395.304564 14.27268 0.02626 
 2455395.311263 14.24231 0.02643 
 2455395.317966 14.27432 0.02416 
 2455396.228097 14.21690 0.03574 
 2455396.230285 14.19978 0.03314 
 2455396.232465 14.27889 0.03521 
 2455396.234637 14.26547 0.03420 
 2455396.236817 14.24164 0.03468 
 2455396.238997 14.27307 0.03400 
 2455396.241177 14.27370 0.03333 
 2455396.243364 14.24114 0.03217 
 2455396.245539 14.26517 0.03293 
 2455396.247723 14.28283 0.03443 
 2455396.249893 14.28216 0.03172 
 2455396.252080 14.27921 0.03347 
 2455396.254266 14.26413 0.03209 
 2455396.256436 14.20978 0.03273 
 2455396.258618 14.23423 0.03370 
 2455396.260828 14.21283 0.03289 
 2455396.263014 14.25807 0.03351 
 2455396.265192 14.21038 0.03233 
 2455396.267374 14.28457 0.03320 
 2455396.269555 14.26669 0.03159 
 2455396.271741 14.25914 0.03039 
 2455396.273914 14.28552 0.03353 
 2455396.276098 14.24484 0.03249 
 2455396.278296 14.26729 0.03374 
 2455396.280473 14.25755 0.03136 
 2455396.282648 14.28282 0.02968 
 2455396.284831 14.28936 0.03091 
 2455396.289415 14.23761 0.03146 
 2455396.294011 14.29913 0.03033 
 2455396.300725 14.25129 0.03317 
 2455396.307424 14.27378 0.03246 
 2455396.314149 14.24421 0.02995 
 2455396.320862 14.26660 0.03071 
 2455405.221997 14.25193 0.02994 
 2455405.228509 14.23301 0.03294 
 2455405.240239 14.21246 0.04573 
 2455405.254200 14.22010 0.05091 
 2455405.268147 14.36442 0.05082 
 2455405.282005 14.21504 0.05941 
 2455406.222379 14.30417 0.02660 
 2455406.228868 14.24061 0.02443 
 2455406.240571 14.24216 0.02514 
 2455406.254493 14.26159 0.02273 
 2455406.268416 14.22254 0.03181 
 2455406.282229 14.30368 0.03794 
 2455408.222987 14.22549 0.02568 
 2455408.228275 14.28615 0.02804 
 2455408.242181 14.31801 0.02707 
 2455408.256080 14.27021 0.02509 
 2455408.272042 14.33238 0.02411 
 2455408.285839 14.26552 0.02432 
 2455409.225292 14.24623 0.02837 
 2455409.230578 14.28152 0.02571 
 2455409.244490 14.24175 0.02483 
 2455409.258418 14.27804 0.02356 
 2455409.272232 14.24134 0.02433 
 2455409.286040 14.26911 0.02234 
 2455410.221948 14.24138 0.02511 
 2455410.224070 14.29594 0.02420 
 2455410.238019 14.28326 0.02324 
 2455410.251954 14.23950 0.02205 
 2455410.267946 14.25670 0.02373 
 2455410.281743 14.25122 0.02292 
 2455411.222422 14.46643 0.02303 
 2455411.224541 14.48108 0.02339 
 2455411.226659 14.40898 0.02482 
 2455411.240579 14.41622 0.02295 
 2455411.254498 14.47649 0.02380 
 2455411.268337 14.48006 0.02282 
 2455412.223010 14.30008 0.02182 
 2455412.225131 14.28708 0.02215 
 2455412.227249 14.32561 0.02104 
 2455412.241210 14.28800 0.02058 
 2455412.255167 14.26282 0.01928 
 2455412.269033 14.30250 0.02077 
 2455413.223143 14.28865 0.02427 
 2455413.225272 14.28277 0.02450 
 2455413.227388 14.31551 0.02467 
 2455413.241375 14.25616 0.02459 
 2455413.257428 14.28180 0.02229 
 2455413.271303 14.25072 0.02377 
 2455415.224473 14.26628 0.02333 
 2455415.226589 14.21961 0.02529 
 2455415.254523 14.23041 0.02332 
 2455415.268355 14.24219 0.02265 
 2455416.224890 14.25401 0.02458 
 2455416.227009 14.22259 0.02639 
 2455416.240915 14.28240 0.02503 
 2455416.254715 14.27074 0.02287 
 2455418.233110 14.27106 0.02111 
 2455418.246994 14.27158 0.01991 
 2455418.260846 14.29532 0.02109 
 2455419.226029 14.23903 0.02213 
 2455419.230578 14.26691 0.02266 
 2455419.244425 14.22637 0.02052 
 2455419.258283 14.26444 0.02051 
 2455420.227295 14.24748 0.02177 
 2455420.233965 14.26541 0.02238 
 2455421.227304 14.22178 0.02624 
 2455421.233981 14.24431 0.02308 
 2455421.245679 14.24188 0.01497 
 2455422.228353 14.45841 0.02265 
 2455422.235019 14.41945 0.02246 
 2455422.241752 14.39036 0.02123 
 2455422.248478 14.45250 0.02187 
 2455423.234661 14.28609 0.02379 
 2455423.241384 14.28422 0.02680 
 2455648.540186 14.35638 0.02857 
 2455648.554484 14.33788 0.02623 
 2455648.580553 14.32501 0.06155 
 2455648.594847 14.27218 0.02648 
 2455648.608969 14.30181 0.02613 
 2455648.618721 14.32365 0.02626 
 2455648.628472 14.29376 0.02812 
 2455649.538785 14.44722 0.02833 
 2455649.552908 14.42952 0.02595 
 2455649.567075 14.40100 0.02645 
 2455649.578929 14.39941 0.02624 
 2455649.593071 14.35820 0.02580 
 2455649.607195 14.32774 0.02685 
 2455649.616942 14.40104 0.02567 
 2455649.626704 14.34554 0.02635 
 2455650.537175 14.21290 0.02554 
 2455650.551286 14.30376 0.02276 
 2455650.565451 14.27707 0.02396 
 2455650.577345 14.31680 0.02433 
 2455650.591554 14.23385 0.02307 
 2455650.605665 14.27286 0.02270 
 2455650.617558 14.28392 0.02528 
 2455654.566942 14.33877 0.02315 
 2455654.581215 14.29896 0.02197 
 2455654.597450 14.25845 0.02125 
 2455654.611526 14.34676 0.02016 
 2455655.522543 14.27593 0.02613 
 2455655.536815 14.20674 0.02254 
 2455655.551123 14.27585 0.02294 
 2455655.563031 14.27560 0.02268 
 2455655.577212 14.29095 0.02204 
 2455655.593525 14.23586 0.02340 
 2455655.607562 14.29911 0.02228 
 2455656.520150 14.23965 0.02736 
 2455656.534451 14.23415 0.02533 
 2455656.548745 14.32606 0.02497 
 2455656.560626 14.32795 0.02635 
 2455656.574770 14.32843 0.02527 
 2455656.591136 14.25091 0.02485 
 2455656.605272 14.27132 0.02341 
 2455657.517501 14.35339 0.02513 
 2455657.531643 14.33287 0.02383 
 2455657.545795 14.39978 0.02264 
 2455657.557674 14.41301 0.02348 
 2455657.571820 14.39231 0.02306 
 2455657.588089 14.41606 0.02154 
 2455657.602136 14.46240 0.02172 
 2455660.521158 14.42162 0.02360 
 2455660.535334 14.34424 0.02452 
 2455660.547228 14.37199 0.02511 
 2455660.561361 14.33872 0.02415 
 2455660.575503 14.28857 0.02462 
 2455661.505501 14.27127 0.02684 
 2455661.519842 14.28515 0.02636 
 2455661.533988 14.28017 0.02597 
 2455661.545872 14.33057 0.02574 
 2455661.560048 14.29475 0.02468 
 2455661.576384 14.30457 0.02187 
 2455661.590504 14.27133 0.02254 
 2455664.506068 14.23114 0.02465 
 2455664.520367 14.27577 0.02480 
 2455664.532374 14.28405 0.02292 
 2455664.546592 14.34750 0.02420 
 2455664.560736 14.28184 0.02406 
 2455666.525892 14.22607 0.04482 
 2455666.537680 14.33166 0.03537 
 2455666.549466 14.19051 0.03934 
 2455666.577342 14.19258 0.02537 
 2455682.448798 14.25599 0.02543 
 2455682.462850 14.27676 0.02522 
 2455682.477059 14.34019 0.02596 
 2455682.488868 14.28386 0.02555 
 2455682.503012 14.28956 0.02657 
 2455682.533330 14.25346 0.02608 
 2455692.426961 14.31745 0.03014 
 2455692.441072 14.20657 0.02787 
 2455692.452939 14.32666 0.02669 
 2455692.467027 14.26896 0.02765 
 2455692.481145 14.29306 0.02556 
 2455692.497268 14.33414 0.02562 
 2455693.420549 14.33079 0.03292 
 2455693.434697 14.25032 0.03055 
 2455693.446575 14.32760 0.02906 
 2455693.460676 14.30303 0.02817 
 2455693.474796 14.27763 0.02615 
 2455693.491056 14.23370 0.02446 
 2455693.505072 14.27598 0.02411 
 2455694.414626 14.22479 0.03537 
 2455694.424390 14.25638 0.03704 
 2455694.434189 14.29794 0.03756 
 2455694.451469 14.31546 0.03276 
 2455694.461268 14.28663 0.03236 
 2455694.471024 14.32905 0.03190 
 2455694.482888 14.28078 0.03020 
 2455694.496874 14.28377 0.03261 
 2455695.413533 14.36694 0.04265 
 2455695.420141 14.25012 0.03633 
 2455695.426775 14.27167 0.04053 
 2455695.433412 14.26192 0.03431 
 2455695.441077 14.33177 0.03630 
 2455695.446482 14.34059 0.03601 
 2455695.453993 14.29837 0.03681 
 2455695.461549 14.31094 0.03545 
 2455695.469097 14.25065 0.03504 
 2455695.478764 14.30065 0.03236 
 2455695.490555 14.30574 0.03326 
 2455714.367895 14.25945 0.02130 
 2455714.382027 14.25240 0.01461 
 2455714.393910 14.31472 0.02397 
 2455714.408032 14.29205 0.02200 
 2455714.422182 14.31882 0.02130 
 2455714.436203 14.31113 0.02227 
 2455715.365316 14.23087 0.02539 
 2455715.379441 14.20281 0.02312 
 2455715.391321 14.24660 0.02229 
 2455715.405453 14.28637 0.02149 
 2455715.419640 14.24814 0.02162 
 2455715.433717 14.25391 0.02225 
 2455716.384808 14.41557 0.04473 
 2455717.351924 14.27344 0.02707 
 2455717.366078 14.22838 0.02600 
 2455717.380255 14.26233 0.02560 
 2455717.392163 14.29933 0.02398 
 2455717.406368 14.32290 0.02315 
 2455717.422628 14.34692 0.02342 
 2455717.436670 14.32024 0.02086 
 2455718.358686 14.21463 0.02547 
 2455718.372822 14.28009 0.02196 
 2455718.384676 14.24871 0.02015 
 2455719.382553 14.29228 0.02775 
 2455719.396702 14.25966 0.02490 
 2455719.410818 14.27557 0.02472 
 2455719.424822 14.32551 0.02384 
 2455731.332910 14.20469 0.04329 
 2455731.345099 14.30168 0.04046 
 2455731.373825 14.26633 0.04009 
 2455731.385876 14.23514 0.04195 
 2455731.395920 14.30155 0.03792 
 2455733.314381 14.27100 0.02465 
 2455733.328520 14.26249 0.02320 
 2455733.340411 14.27969 0.02212 
 2455733.354597 14.25896 0.02324 
 2455733.368818 14.33557 0.02582 
 2455733.382828 14.28802 0.02835 
 2455733.396865 14.24498 0.02798 
 2455734.364284 14.57465 0.02099 
 2455734.380543 14.50254 0.02008 
 2455734.394625 14.45576 0.02211 
 2455739.294503 14.28551 0.02387 
 2455739.308744 14.24443 0.02304 
 2455739.322940 14.22447 0.02254 
 2455739.334897 14.25296 0.02262 
 2455739.349081 14.29175 0.02010 
 2455739.365409 14.27441 0.01995 
 2455739.379496 14.26897 0.01929 
 2455740.294634 14.27104 0.02288 
 2455740.308824 14.25210 0.02270 
 2455740.320752 14.26538 0.02036 
 2455740.334981 14.27196 0.02202 
 2455740.349187 14.33432 0.02169 
 2455740.363243 14.28315 0.02194 
 2455740.377278 14.29189 0.02230 
 2455743.282028 14.29706 0.02299 
 2455743.288599 14.24236 0.02180 
 2455743.302732 14.21729 0.02199 
 2455743.314596 14.27171 0.02069 
 2455743.328696 14.27513 0.02000 
 2455743.342850 14.31064 0.01970 
 2455743.356888 14.23138 0.01911 
 2455744.288299 14.21714 0.02194 
 2455744.302420 14.24450 0.02002 
 2455744.314301 14.32313 0.01983 
 2455744.328502 14.29657 0.01938 
 2455744.342620 14.31868 0.01823 
 2455744.356637 14.29140 0.01868 
 2455749.279393 14.26071 0.03158 
 2455749.314489 14.29135 0.02466 
 2455751.263973 14.31061 0.04139 
 2455751.266239 14.31274 0.03959 
 2455751.268485 14.24498 0.03517 
 2455751.270734 14.32722 0.03409 
 2455751.273005 14.38265 0.03586 
 2455751.275264 14.26716 0.03803 
 2455751.277521 14.25334 0.03712 
 2455751.279778 14.33817 0.03351 
 2455751.282048 14.21852 0.03394 
 2455751.284300 14.30738 0.03290 
 2455751.286566 14.26979 0.03311 
 2455751.288863 14.27689 0.03131 
 2455751.291124 14.29086 0.03443 
 2455751.293372 14.28977 0.03468 
 2455751.295686 14.31927 0.03622 
 2455751.297949 14.25541 0.03602 
 2455751.300205 14.25412 0.03342 
 2455751.302501 14.26869 0.03442 
 2455751.304768 14.25991 0.03506 
 2455751.309281 14.27867 0.03524 
 2455751.311539 14.28157 0.03641 
 2455751.313800 14.35104 0.03337 
 2455751.318480 14.32146 0.03376 
 2455751.323163 14.32606 0.03239 
 2455751.329975 14.28253 0.03237 
 2455751.336805 14.29570 0.03254 
 2455751.343632 14.28413 0.03010 
 2455760.240942 14.29985 0.02321 
 2455760.255476 14.23534 0.02869 
 2455761.271639 14.31752 0.04279 
 2455761.302593 14.27421 0.02235 
 2455761.316803 14.27961 0.02569 
 2455762.237095 14.23250 0.02916 
 2455762.251443 14.23563 0.02649 
 2455762.263572 14.23821 0.02526 
 2455762.277928 14.28724 0.02169 
 2455762.292203 14.31851 0.02268 
 2455762.306365 14.26200 0.02363 
 2455763.226950 14.28115 0.02813 
 2455763.241246 14.28412 0.02821 
 2455763.255581 14.21378 0.02472 
 2455763.267564 14.28425 0.02174 
 2455763.281957 14.28385 0.02203 
 2455763.298400 14.30380 0.02236 
 2455763.312558 14.28976 0.02279 
 2455764.223443 14.27389 0.02614 
 2455764.237737 14.27898 0.02742 
 2455764.252006 14.27695 0.02402 
 2455764.263967 14.34556 0.02256 
 2455764.278395 14.32122 0.02501 
 2455764.294825 14.31639 0.02498 
 2455764.309046 14.35840 0.02320 
 2455765.220454 14.28486 0.02541 
 2455765.227103 14.26494 0.02359 
 2455765.241382 14.29219 0.02292 
 2455765.253385 14.25862 0.02344 
 2455765.267834 14.32770 0.02357 
 2455765.282130 14.31673 0.02388 
 2455765.296386 14.25917 0.02287 
 2455765.310635 14.26918 0.02153 
 2455772.226353 14.23897 0.02261 
 2455772.238131 14.29202 0.02136 
 2455772.252187 14.27143 0.02319 
 2455772.266238 14.26642 0.02228 
 2455772.280215 14.27793 0.02079 
 2455773.222910 14.22550 0.02742 
 2455773.228235 14.31942 0.02427 
 2455773.242290 14.23301 0.02465 
 2455773.256374 14.34075 0.02636 
 2455773.272583 14.26286 0.02451 
 2455773.286586 14.30717 0.02557 
 2455774.227877 14.28303 0.02667 
 2455774.239648 14.31549 0.02401 
 2455774.253701 14.29524 0.02343 
 2455774.269823 14.27606 0.02285 
 2455774.283761 14.29775 0.02256 
 2455775.225085 14.37406 0.02436 
 2455775.236820 14.34554 0.02424 
 2455775.248593 14.33645 0.02330 
 2455775.262457 14.37211 0.02390 
 2455775.276413 14.40634 0.02288 
 2455776.221244 14.30335 0.02908 
 2455776.223358 14.33313 0.02964 
 2455776.225477 14.29800 0.02922 
 2455776.232935 14.31339 0.02597 
 2455776.247852 14.24324 0.02535 
 2455777.223375 14.27980 0.02280 
 2455777.225484 14.21970 0.02665 
 2455777.232952 14.26593 0.02557 
 2455777.247895 14.30791 0.02681 
 2455777.257441 14.26568 0.02384 
 2455777.269121 14.32131 0.02379 
 2455787.231015 14.32439 0.04617 
 2455787.245164 14.28742 0.04784 
 2455788.230047 14.25934 0.03548 
 2455788.243949 14.27576 0.03574 
 2455789.228019 14.32041 0.02975 
 2455789.234672 14.29365 0.03547 
 2455790.231280 14.28288 0.02288 
 2455791.227588 14.23515 0.02587 
 2455791.234366 14.34335 0.02074 
 2455984.618345 14.35358 0.02632 
 2455986.611835 14.22828 0.02487 
 2455986.619396 14.28788 0.02470 
 2455986.623898 14.26977 0.02472 
 2455987.614041 14.23797 0.02661 
 2455987.618581 14.28064 0.02649 
 2455988.606242 14.28311 0.02647 
 2455988.613746 14.27731 0.02510 
 2455988.618239 14.25035 0.02454 
 2455988.625740 14.29559 0.02415 
 2455988.630206 14.29062 0.02443 
 2455993.593471 14.20832 0.04913 
 2455993.597936 14.23795 0.04924 
 2455993.605386 14.28549 0.04479 
 2455993.609832 14.30906 0.04470 
 2455993.617287 14.31696 0.04163 
 2455993.621739 14.27477 0.03817 
 2455994.611963 14.30366 0.05091 
 2455994.616481 14.23467 0.04999 
 2455994.621899 14.25561 0.04850 
 2455994.624083 14.19875 0.05032 
 2456004.564207 14.30257 0.02677 
 2456004.568694 14.23685 0.02475 
 2456004.576192 14.25447 0.02541 
 2456004.588168 14.31044 0.02425 
 2456004.592649 14.29183 0.02374 
 2456004.602417 14.25725 0.02412 
 2456004.604624 14.25354 0.02392 
 2456004.614400 14.25908 0.02272 
 2456004.616583 14.29674 0.02301 
 2456004.626344 14.23381 0.02308 
 2456004.628527 14.26812 0.02270 
 2456004.636170 14.23191 0.02309 
 2456004.638348 14.27907 0.02310 
 2456006.559362 14.36520 0.02583 
 2456006.566863 14.32885 0.02563 
 2456006.571365 14.29530 0.02457 
 2456006.578880 14.24535 0.02354 
 2456006.583364 14.20203 0.02458 
 2456006.593127 14.31133 0.02399 
 2456006.595314 14.29451 0.02390 
 2456006.605142 14.33353 0.02222 
 2456006.607314 14.31262 0.02243 
 2456006.617069 14.28506 0.02321 
 2456006.621701 14.28091 0.02217 
 2456006.629372 14.27623 0.02143 
 2456006.634011 14.25583 0.02147 
 2456007.556244 14.27927 0.02824 
 2456007.563741 14.24438 0.02782 
 2456007.568225 14.28449 0.02848 
 2456007.575708 14.27242 0.02766 
 2456007.580170 14.27335 0.02649 
 2456007.589931 14.23081 0.02592 
 2456007.592104 14.28389 0.02610 
 2456007.601928 14.27902 0.02639 
 2456007.604114 14.24447 0.02593 
 2456007.613890 14.33230 0.02578 
 2456007.618534 14.28306 0.02582 
 2456007.626193 14.36604 0.02493 
 2456007.630820 14.30730 0.02581 
 2456012.543718 14.34456 0.02620 
 2456012.548253 14.31322 0.02601 
 2456012.555825 14.23891 0.02511 
 2456012.560357 14.25460 0.02590 
 2456012.567919 14.24941 0.02578 
 2456012.573369 14.31252 0.02513 
 2456012.583311 14.28680 0.02413 
 2456012.585515 14.26394 0.02435 
 2456012.595363 14.30133 0.02498 
 2456012.600088 14.31605 0.02386 
 2456012.609898 14.31926 0.02398 
 2456012.614567 14.29716 0.02419 
 2456012.622266 14.30312 0.02268 
 2456012.626934 14.26299 0.02309 
 2456013.626084 14.44743 0.02330 
 2456015.533573 14.29506 0.03191 
 2456015.541071 14.30758 0.03040 
 2456015.545572 14.29985 0.02951 
 2456015.553229 14.31783 0.02955 
 2456015.557774 14.32100 0.02970 
 2456015.567634 14.30165 0.02859 
 2456015.569866 14.28454 0.02907 
 2456015.579750 14.26545 0.02767 
 2456015.581955 14.26929 0.02789 
 2456015.591763 14.29988 0.02663 
 2456015.596435 14.27829 0.02666 
 2456015.604245 14.25249 0.02671 
 2456015.608928 14.23275 0.02624 
 2456015.616642 14.28976 0.02585 
 2456015.621318 14.35835 0.02670 
 2456018.528100 14.30226 0.02304 
 2456018.583367 14.28600 0.02457 
 2456018.593084 14.30648 0.02416 
 2456018.597701 14.33584 0.02375 
 2456018.605374 14.31850 0.02337 
 2456018.609984 14.28632 0.02407 
 2456019.522698 14.26048 0.02775 
 2456019.530333 14.26149 0.02769 
 2456019.534844 14.29076 0.02729 
 2456019.542396 14.31385 0.02733 
 2456019.546898 14.28473 0.02809 
 2456019.556785 14.27951 0.02827 
 2456019.558988 14.30054 0.02767 
 2456019.568785 14.27578 0.02719 
 2456019.570955 14.27950 0.02741 
 2456019.580824 14.31120 0.02779 
 2456019.585505 14.31994 0.02702 
 2456019.593192 14.30499 0.02648 
 2456019.597840 14.31507 0.02737 
 2456019.605501 14.28262 0.02574 
 2456019.610139 14.32130 0.02630 
 2456020.521088 14.32109 0.03538 
 2456020.528514 14.28080 0.03290 
 2456020.532951 14.27362 0.03244 
 2456020.540392 14.24168 0.03007 
 2456020.544992 14.28402 0.02905 
 2456020.554735 14.29052 0.02764 
 2456020.556903 14.33791 0.02756 
 2456020.566650 14.24969 0.02710 
 2456020.568813 14.33005 0.02594 
 2456020.578513 14.26072 0.02525 
 2456020.583133 14.25739 0.02616 
 2456020.590691 14.28706 0.02695 
 2456020.595400 14.24865 0.02688 
 2456020.603154 14.27705 0.02712 
 2456020.607785 14.23731 0.02763 
 2456021.519895 14.26730 0.04578 
 2456021.524380 14.23638 0.04376 
 2456021.531807 14.21928 0.04300 
 2456021.536253 14.25689 0.04120 
 2456021.543727 14.25556 0.04124 
 2456021.549146 14.35628 0.03989 
 2456021.558919 14.24885 0.03889 
 2456021.561094 14.31318 0.03868 
 2456021.570834 14.31253 0.03478 
 2456021.575449 14.25059 0.03187 
 2456021.585201 14.29107 0.02949 
 2456021.589865 14.18682 0.02954 
 2456021.597517 14.28789 0.02816 
 2456021.602156 14.33556 0.02888 
 2456131.220130 14.44490 0.02584 
 2456131.224534 14.41196 0.02519 
 2456131.226641 14.48719 0.02614 
 2456131.231064 14.44566 0.02570 
 2456131.236408 14.47094 0.02435 
 2456131.240842 14.43995 0.02467 
 2456131.246164 14.45134 0.02435 
 2456131.248328 14.45088 0.02371 
 2456131.255947 14.43348 0.04091 
 2456131.265705 14.43865 0.02241 
 2456131.267900 14.43764 0.02259 
 2456131.275499 14.42996 0.02214 
 2456131.280103 14.42170 0.01628 
 2456131.298361 14.42766 0.02084 
 2456131.305132 14.41353 0.02339 
 2456132.217593 14.25114 0.02721 
 2456132.221989 14.31294 0.02829 
 2456132.224098 14.27895 0.02798 
 2456132.228530 14.25990 0.02672 
 2456132.230817 14.25730 0.02680 
 2456132.235286 14.30703 0.02697 
 2456132.237574 14.26198 0.02692 
 2456132.242025 14.28772 0.02540 
 2456132.244319 14.25305 0.02632 
 2456132.246483 14.32105 0.02597 
 2456132.251981 14.27372 0.02551 
 2456132.254142 14.25627 0.02562 
 2456132.259630 14.26987 0.02524 
 2456132.261798 14.27477 0.02488 
 2456132.267302 14.28384 0.02368 
 2456132.271896 14.27007 0.02353 
 2456132.277383 14.25982 0.02414 
 2456132.284176 14.31516 0.02218 
 2456132.291781 14.26332 0.02309 
 2456132.298529 14.28079 0.02276 
 2456132.306146 14.29015 0.02247 
 2456133.219188 14.29847 0.02721 
 2456133.221358 14.25995 0.02813 
 2456133.223483 14.31880 0.02717 
 2456133.225657 14.37458 0.02712 
 2456133.227984 14.28754 0.02739 
 2456133.230166 14.25446 0.02641 
 2456133.232474 14.29434 0.02618 
 2456133.234655 14.30591 0.02687 
 2456133.236958 14.31133 0.02602 
 2456133.239129 14.29957 0.02596 
 2456133.241434 14.29642 0.02493 
 2456133.243641 14.30556 0.02596 
 2456133.245945 14.31208 0.02589 
 2456133.248119 14.33295 0.02643 
 2456133.250447 14.34178 0.02547 
 2456133.252618 14.29712 0.02566 
 2456133.254940 14.29614 0.02541 
 2456133.257110 14.26409 0.02623 
 2456133.259412 14.26576 0.02410 
 2456133.261584 14.30285 0.02578 
 2456133.263882 14.31210 0.02608 
 2456133.266058 14.28573 0.02593 
 2456133.268366 14.30923 0.02451 
 2456133.272972 14.30283 0.02413 
 2456133.277567 14.27784 0.02439 
 2456133.284335 14.28981 0.02379 
 2456133.288965 14.31673 0.02481 
 2456133.295728 14.29452 0.02499 
 2456133.300333 14.32558 0.02401 
 2456134.218624 14.32289 0.03109 
 2456134.220775 14.31748 0.03197 
 2456134.222889 14.35205 0.03265 
 2456134.225047 14.33487 0.03060 
 2456134.227350 14.27799 0.03061 
 2456134.229617 14.30257 0.03025 
 2456134.231928 14.38780 0.02975 
 2456134.234099 14.38339 0.03050 
 2456134.236390 14.39601 0.03338 
 2456134.238562 14.31965 0.02341 
 2456134.240869 14.39521 0.02829 
 2456134.243040 14.36689 0.02841 
 2456134.245345 14.33819 0.02889 
 2456134.247512 14.32708 0.02691 
 2456134.249815 14.34568 0.02816 
 2456134.251994 14.29722 0.02616 
 2456134.254303 14.34928 0.01942 
 2456134.256484 14.33454 0.02854 
 2456134.258783 14.28478 0.02823 
 2456134.260985 14.31251 0.02259 
 2456134.263293 14.36611 0.03024 
 2456134.267917 14.31690 0.01948 
 2456134.270241 14.32934 0.02808 
 2456134.277002 14.32671 0.02650 
 2456134.281591 14.30729 0.02722 
 2456134.288364 14.32134 0.02716 
 2456134.292957 14.34877 0.02600 
 2456134.299731 14.29919 0.02911 
 2456143.227496 14.27496 0.02582 
 2456143.229746 14.25775 0.02579 
 2456143.239501 14.30906 0.02887 
 2456143.244118 14.24391 0.03034 
 2456143.251765 14.32053 0.03411 
 2456143.258544 14.24188 0.03670 
 2456143.268299 14.25833 0.03809 
 2456143.275182 14.23354 0.03970 
 2456149.225729 14.31721 0.02300 
 2456149.230323 14.28453 0.02296 
 2456149.241524 14.27878 0.02126 
 2456149.251366 14.26934 0.02214 
 2456149.258138 14.31391 0.01969 
 2456157.230623 14.31561 0.02340 
 2456157.237347 14.28579 0.02354 
 2456158.233047 14.31027 0.02203 
 2456362.586415 14.30085 0.02863 
 2456362.590893 14.30080 0.02751 
 2456362.598369 14.27638 0.02667 
 2456362.602799 14.23179 0.02657 
 2456362.610212 14.24299 0.02568 
 2456362.627331 14.26322 0.02487 
 2456363.582594 14.30111 0.02519 
 2456363.590104 14.31310 0.02523 
 2456363.594562 14.37033 0.02516 
 2456363.602002 14.32982 0.02502 
 2456363.606458 14.31680 0.02508 
 2456363.616172 14.30085 0.02455 
 2456363.618338 14.28338 0.02315 
 2456363.628046 14.32317 0.02320 
 2456363.630209 14.32339 0.02276 
 2456364.578567 14.33290 0.02622 
 2456364.585945 14.29337 0.02619 
 2456364.590376 14.31239 0.02701 
 2456364.597791 14.31734 0.02571 
 2456364.602235 14.32829 0.02570 
 2456364.611923 14.26348 0.02488 
 2456364.614081 14.34131 0.02517 
 2456364.623766 14.31125 0.02359 
 2456364.625917 14.32005 0.02398 
 2456366.573507 14.40849 0.02888 
 2456366.577951 14.42672 0.02937 
 2456366.585368 14.54234 0.02784 
 2456366.589821 14.40586 0.02736 
 2456366.597242 14.47363 0.02664 
 2456366.601670 14.42868 0.02658 
 2456366.611380 14.50412 0.02594 
 2456366.613545 14.41566 0.02579 
 2456366.623218 14.40595 0.02534 
 2456366.625443 14.44629 0.02604 
 2456371.561030 14.28909 0.02573 
 2456371.565472 14.27973 0.02466 
 2456371.572926 14.32221 0.02325 
 2456371.577379 14.30974 0.02204 
 2456371.584815 14.30592 0.02206 
 2456371.590173 14.29240 0.02387 
 2456371.599890 14.28508 0.02264 
 2456371.602041 14.25115 0.02264 
 2456371.611726 14.25307 0.02195 
 2456371.613890 14.32513 0.02105 
 2456371.623632 14.28943 0.02112 
 2456372.560175 14.20817 0.02578 
 2456372.564605 14.29602 0.02500 
 2456372.572011 14.26169 0.02651 
 2456372.576444 14.26674 0.02607 
 2456372.583855 14.31606 0.02674 
 2456372.589223 14.26760 0.02556 
 2456372.598910 14.27861 0.02463 
 2456372.601084 14.26779 0.02345 
 2456372.610800 14.26732 0.02425 
 2456372.615411 14.35338 0.02357 
 2456372.625131 14.29938 0.02357 
 2456372.631853 14.27103 0.02378 
 2456373.553344 14.24468 0.02711 
 2456373.557774 14.25217 0.02572 
 2456373.565180 14.29278 0.02588 
 2456373.569604 14.28957 0.02475 
 2456373.577048 14.32521 0.02544 
 2456373.581489 14.29988 0.02457 
 2456373.591190 14.24956 0.02435 
 2456373.593350 14.25721 0.02376 
 2456373.603034 14.27799 0.02395 
 2456373.605197 14.31021 0.02323 
 2456373.614968 14.31778 0.02213 
 2456373.621733 14.31495 0.02211 
 2456373.631461 14.27877 0.02185 
 2456373.638250 14.30883 0.02029 
 2456374.580172 14.28623 0.00350 
 2456374.582348 14.30590 0.02834 
 2456374.592062 14.27340 0.02686 
 2456374.594340 14.31953 0.02683 
 2456374.604042 14.35717 0.02671 
 2456374.608666 14.32919 0.02570 
 2456374.618339 14.27892 0.02506 
 2456374.625086 14.24355 0.02650 
 2456374.634809 14.40622 0.02448 
 2456374.641584 14.32614 0.02546 
 2456386.517099 14.28912 0.03175 
 2456386.524578 14.31793 0.03110 
 2456386.529043 14.41630 0.03243 
 2456386.536533 14.30219 0.03176 
 2456386.541037 14.26777 0.03175 
 2456386.548515 14.39679 0.03073 
 2456386.550698 14.33765 0.03050 
 2456386.560449 14.31374 0.03057 
 2456386.562615 14.29054 0.03121 
 2456386.572344 14.33001 0.02994 
 2456386.574524 14.36797 0.02925 
 2456386.592596 14.26025 0.02876 
 2456388.511699 14.43188 0.02700 
 2456388.519189 14.47677 0.03708 
 2456388.523699 14.51630 0.03781 
 2456388.531160 14.41673 0.02462 
 2456388.535621 14.48709 0.02770 
 2456388.543108 14.50070 0.03856 
 2456388.545293 14.41934 0.02364 
 2456388.555064 14.42812 0.02931 
 2456388.557248 14.46118 0.03200 
 2456388.571801 14.42165 0.02257 
 2456388.579449 14.54190 0.03950 
 2456388.586276 14.43333 0.02520 
 2456388.596115 14.44675 0.02421 
 2456388.602905 14.42050 0.02485 
 2456389.509585 14.26326 0.01787 
 2456389.517075 14.23258 0.02821 
 2456389.529085 14.30621 0.02786 
 2456389.533552 14.26427 0.02682 
 2456389.541030 14.31239 0.02706 
 2456389.543207 14.27038 0.02607 
 2456389.577185 14.33291 0.04674 
 2456389.583982 14.32160 0.03759 
 2456389.593719 14.34117 0.02447 
 2456389.600530 14.35440 0.02636 
 2456423.416423 14.29724 0.02876 
 2456423.423838 14.29512 0.02650 
 2456423.430584 14.31087 0.02478 
 2456423.437988 14.27935 0.02496 
 2456423.444734 14.26360 0.02549 
 2456423.454412 14.29921 0.02424 
 2456423.458980 14.31124 0.02464 
 2456423.468696 14.29812 0.02369 
 2456423.473238 14.24532 0.02347 
 2456423.482915 14.29165 0.02235 
 2456423.491800 14.27747 0.02318 
 2456423.501523 14.30042 0.02289 
 2456424.415307 14.29227 0.02428 
 2456424.427430 14.27174 0.02320 
 2456424.434210 14.27349 0.02422 
 2456424.441616 14.28796 0.02290 
 2456424.449149 14.28455 0.02250 
 2456424.458805 14.28805 0.02284 
 2456424.463342 14.25960 0.02360 
 2456424.473036 14.27570 0.02307 
 2456424.479873 14.32839 0.02287 
 2456424.489544 14.26752 0.02397 
 2456424.498456 14.27232 0.02269 
 2456425.413377 14.30690 0.01788 
 2456425.420801 14.30070 0.02110 
 2456425.427586 14.34074 0.03083 
 2456425.441840 14.33725 0.01712 
 2456425.451544 14.30281 0.02381 
 2456425.456078 14.30077 0.02607 
 2456425.465783 14.30191 0.02400 
 2456425.472547 14.28800 0.02981 
 2456425.482242 14.31121 0.02343 
 2456425.491248 14.31959 0.02422 
 2456425.500947 14.34431 0.02666 
 2456426.472730 14.34561 0.04830 
 2456426.500252 14.28566 0.01987 
 2456427.407054 14.34689 0.02936 
 2456427.414443 14.36973 0.02700 
 2456427.421227 14.32605 0.02708 
 2456427.428647 14.31608 0.02723 
 2456427.435420 14.34273 0.02650 
 2456427.445089 14.32689 0.02424 
 2456427.449648 14.32205 0.02554 
 2456427.459519 14.34581 0.02380 
 2456427.466304 14.28992 0.02568 
 2456427.473870 14.29514 0.02607 
 2456427.482794 14.29330 0.02516 
 2456427.492506 14.31783 0.02474 
 2456428.402524 14.31637 0.02725 
 2456428.409997 14.29800 0.02573 
 2456428.416725 14.30762 0.02667 
 2456428.424171 14.27648 0.02598 
 2456428.430883 14.27855 0.02524 
 2456428.440541 14.30799 0.02501 
 2456428.445122 14.29281 0.02523 
 2456428.454891 14.26195 0.02507 
 2456428.459535 14.27018 0.02517 
 2456428.469349 14.27184 0.02466 
 2456428.478480 14.30521 0.02447 
 2456428.488326 14.28800 0.02521 
 2456431.394610 14.35318 0.03380 
 2456431.399925 14.31141 0.03333 
 2456431.406635 14.26118 0.03151 
 2456431.411955 14.35898 0.03183 
 2456431.418654 14.31678 0.02956 
 2456431.423958 14.27149 0.02984 
 2456431.428508 14.30704 0.02747 
 2456431.436275 14.31595 0.02809 
 2456431.440859 14.34604 0.02662 
 2456431.448429 14.33734 0.02572 
 2456431.455218 14.32174 0.02347 
 2456431.462889 14.31902 0.02185 
 2456431.471907 14.35625 0.02058 
 2456431.481655 14.34021 0.02074 
 2456432.408457 14.51450 0.04529 
 2456432.436133 14.50834 0.03607 
 2456432.443780 14.50638 0.03621 
 2456432.448350 14.45695 0.03743 
 2456432.456048 14.50721 0.03483 
 2456432.470170 14.46168 0.03413 
 2456432.479890 14.39301 0.03288 
 2456433.392688 14.39586 0.04856 
 2456433.394987 14.26152 0.04481 
 2456433.401722 14.31387 0.04399 
 2456433.403988 14.29869 0.04371 
 2456433.410722 14.32580 0.04286 
 2456433.413040 14.28055 0.04143 
 2456433.419732 14.27321 0.04022 
 2456433.425218 14.26130 0.03883 
 2456433.429772 14.30044 0.03902 
 2456433.435262 14.33048 0.03792 
 2456433.439823 14.29772 0.03612 
 2456433.445305 14.38304 0.03636 
 2456433.452153 14.28277 0.03780 
 2456433.459719 14.34166 0.03791 
 2456433.468661 14.40326 0.03538 
 2456433.476225 14.31598 0.03491 
 2456435.472757 14.30769 0.04995 
 2456441.376806 14.26738 0.03960 
 2456441.383568 14.35423 0.04201 
 2456441.391022 14.25442 0.03978 
 2456441.397762 14.31824 0.03966 
 2456441.407586 14.29368 0.03913 
 2456441.412128 14.34440 0.03766 
 2456441.421806 14.22236 0.03807 
 2456441.426362 14.31440 0.03687 
 2456441.436130 14.28022 0.03607 
 2456441.440654 14.31758 0.03531 
 2456441.448239 14.25633 0.03854 
 2456441.452783 14.30758 0.03580 
 2456442.365895 14.31156 0.02921 
 2456442.456020 14.32933 0.03205 
 2456444.360384 14.30080 0.02332 
 2456444.396265 14.33617 0.01655 
 2456449.348190 14.38532 0.02288 
 2456449.354989 14.33403 0.02050 
 2456449.362484 14.28399 0.02302 
 2456449.369207 14.31477 0.02306 
 2456449.376667 14.32831 0.02061 
 2456449.381325 14.35370 0.02186 
 2456449.391067 14.36320 0.02169 
 2456449.395624 14.31385 0.02161 
 2456449.405329 14.30987 0.02132 
 2456449.412158 14.32434 0.02121 
 2456449.421931 14.30921 0.02053 
 2456449.430942 14.35803 0.02008 
 2456450.347175 14.27610 0.02445 
 2456450.353895 14.25286 0.02556 
 2456453.334974 14.30572 0.02314 
 2456453.341709 14.32115 0.02129 
 2456453.349149 14.29177 0.02260 
 2456453.355940 14.35709 0.02201 
 2456453.363437 14.30186 0.02123 
 2456453.371030 14.33688 0.02167 
 2456453.380743 14.31645 0.02101 
 2456453.385307 14.28099 0.02248 
 2456453.395004 14.28291 0.02018 
 2456453.401837 14.32934 0.02349 
 2456453.411526 14.30153 0.01644 
 2456453.420550 14.32447 0.02114 
 2456454.332907 14.09039 0.03418 
 2456454.339706 14.55652 0.08127 
 2456454.361418 14.43620 0.02395 
 2456454.375758 14.49059 0.02614 
 2456454.380304 14.47138 0.03221 
 2456454.390183 14.37064 0.02114 
 2456454.397008 14.43643 0.02099 
 2456454.406732 14.35372 0.02097 
 2456454.415762 14.39661 0.02075 
 2456455.331404 14.30940 0.02508 
 2456455.338926 14.30873 0.02347 
 2456455.345780 14.36544 0.02440 
 2456455.353218 14.33422 0.02282 
 2456455.360079 14.33675 0.02281 
 2456455.369873 14.35219 0.02273 
 2456455.374608 14.31521 0.02172 
 2456455.384356 14.30553 0.02187 
 2456455.391191 14.29664 0.02087 
 2456455.400927 14.37124 0.02052 
 2456455.409952 14.31078 0.02120 
 2456455.419678 14.32472 0.02098 
 2456456.327831 14.33417 0.02692 
 2456456.334593 14.32653 0.02510 
 2456456.342111 14.30272 0.02750 
 2456456.348883 14.31850 0.02680 
 2456456.356326 14.30727 0.02584 
 2456456.360933 14.31336 0.02619 
 2456456.370620 14.35846 0.02445 
 2456456.375224 14.32081 0.02496 
 2456456.384964 14.27020 0.02480 
 2456456.391827 14.30020 0.02333 
 2456456.401580 14.31115 0.02345 
 2456456.410609 14.33074 0.02289 
 2456461.342135 14.28801 0.03326 
 2456461.346744 14.30564 0.03165 
 2456461.349043 14.31260 0.03151 
 2456461.353684 14.36743 0.03177 
 2456461.355995 14.29450 0.03209 
 2456461.360665 14.28654 0.03189 
 2456461.362998 14.31722 0.03151 
 2456461.367622 14.28832 0.03109 
 2456461.369961 14.26687 0.03097 
 2456461.376827 14.32125 0.03033 
 2456461.381476 14.30939 0.03035 
 2456461.390571 14.32475 0.03102 
 2456461.395200 14.35277 0.02971 
 2456461.404291 14.35731 0.02981 
 2456462.311232 14.39438 0.06044 
 2456462.313546 14.32868 0.05391 
 2456462.318218 14.39981 0.05104 
 2456462.320527 14.35498 0.05016 
 2456462.325200 14.40353 0.05096 
 2456462.327511 14.31791 0.04891 
 2456462.332195 14.41807 0.04573 
 2456462.393541 14.58857 0.04677 
 2456473.288653 14.39239 0.02153 
 2456473.295763 14.41035 0.02296 
 2456473.303374 14.41804 0.02140 
 2456473.310504 14.49197 0.02527 
 2456475.277945 14.28000 0.02086 
 2456475.285236 14.25788 0.01896 
 2456475.293042 14.28534 0.02232 
 2456475.300226 14.28725 0.02118 
 2456475.310471 14.28492 0.02205 
 2456475.315324 14.26707 0.02135 
 2456475.325406 14.25828 0.01998 
 2456475.330239 14.29333 0.02003 
 2456475.340426 14.32060 0.01946 
 2456475.349872 14.29638 0.01942 
 2456475.360115 14.29322 0.01946 
 2456480.264813 14.31321 0.03018 
 2456480.272257 14.31057 0.02952 
 2456480.278990 14.27155 0.02656 
 2456480.286494 14.28294 0.02647 
 2456480.293272 14.29444 0.02403 
 2456480.303104 14.27508 0.02467 
 2456480.307699 14.27732 0.02520 
 2456480.317457 14.28537 0.02321 
 2456480.324301 14.34069 0.02276 
 2456480.334077 14.27796 0.02354 
 2456480.343128 14.29108 0.02409 
 2456480.352941 14.26260 0.02217 
 2456482.262539 14.32713 0.03458 
 2456482.270061 14.22795 0.04242 
 2456482.276822 14.35837 0.01824 
 2456482.284370 14.34765 0.02535 
 2456483.258871 14.34368 0.02711 
 2456483.265710 14.32216 0.02685 
 2456483.273261 14.31155 0.02628 
 2456483.280042 14.32296 0.02664 
 2456483.289852 14.32793 0.02526 
 2456483.294476 14.27120 0.02754 
 2456483.304274 14.31855 0.02513 
 2456483.311264 14.33571 0.02597 
 2456483.321046 14.30891 0.02545 
 2456483.330058 14.31426 0.02331 
 2456483.339895 14.30784 0.02333 
 2456484.250876 14.46245 0.02980 
 2456484.258357 14.50539 0.02810 
 2456484.265089 14.51279 0.02781 
 2456484.272607 14.48056 0.02698 
 2456484.279347 14.49221 0.02614 
 2456484.289193 14.51668 0.02616 
 2456484.293764 14.50737 0.02402 
 2456484.303509 14.47462 0.02452 
 2456484.310356 14.54400 0.02391 
 2456484.318029 14.52661 0.02388 
 2456484.327123 14.45443 0.02399 
 2456484.337006 14.49742 0.02331 
 2456485.246933 14.28512 0.02886 
 2456485.254619 14.31751 0.02907 
 2456485.261479 14.27325 0.02836 
 2456485.269096 14.26796 0.02847 
 2456485.275969 14.32437 0.02800 
 2456485.286071 14.28896 0.02820 
 2456485.290722 14.30653 0.02631 
 2456485.300632 14.28930 0.02504 
 2456485.307643 14.30258 0.02411 
 2456485.315549 14.26341 0.02439 
 2456485.324740 14.28097 0.02369 
 2456485.334703 14.25147 0.02366 
 2456486.296740 14.26321 0.02336 
 2456486.303630 14.33082 0.02704 
 2456486.311348 14.34812 0.02359 
 2456486.320427 14.28123 0.02316 
 2456486.330219 14.32146 0.02226 
 2456487.259070 14.40074 0.03071 
 2456487.265848 14.37431 0.03101 
 2456487.268321 14.37668 0.03336 
 2456487.281059 14.32314 0.02993 
 2456487.287164 14.30370 0.02809 
 2456487.291747 14.29869 0.03082 
 2456487.297352 14.29748 0.02743 
 2456487.304230 14.30696 0.02698 
 2456487.311935 14.27432 0.02448 
 2456487.321037 14.30501 0.02470 
 2456487.328772 14.34168 0.02400 
 2456500.219690 14.29335 0.02505 
 2456500.229450 14.32948 0.02484 
 2456500.231609 14.31843 0.02563 
 2456500.238366 14.30162 0.02470 
 2456500.252451 14.35276 0.02335 
 2456500.257068 14.31712 0.02341 
 2456500.293700 14.33958 0.02106 
 2456504.222726 14.28497 0.02428 
 2456504.230340 14.32916 0.02403 
 2456504.232488 14.31672 0.02410 
 2456504.237097 14.27135 0.02409 
 2456504.246914 14.33424 0.02255 
 2456504.253804 14.31206 0.02254 
 2456504.263661 14.33655 0.02199 
 2456504.272766 14.30690 0.02117 
 2456504.282725 14.28823 0.02075 
 2456505.223172 14.34362 0.02495 
 2456505.227733 14.32164 0.02458 
 2456505.229877 14.30078 0.02454 
 2456505.234468 14.30000 0.02318 
 2456505.244420 14.30348 0.02396 
 2456505.251299 14.35590 0.02367 
 2456505.261096 14.33057 0.02340 
 2456505.270165 14.31227 0.02339 
 2456505.280081 14.34619 0.02169 
 2456506.223604 14.52641 0.02488 
 2456506.228184 14.50114 0.02261 
 2456506.230333 14.49842 0.02327 
 2456506.234913 14.45609 0.02119 
 2456506.244711 14.52241 0.02177 
 2456506.251584 14.51894 0.02088 
 2456506.261465 14.47794 0.02093 
 2456506.270485 14.50745 0.02061 
 2456506.280383 14.51253 0.02003 
 2456507.223331 14.30333 0.02714 
 2456507.227911 14.26327 0.02663 
 2456507.230064 14.26205 0.02502 
 2456507.234669 14.27161 0.02438 
 2456507.244561 14.30856 0.02434 
 2456507.251436 14.31614 0.02296 
 2456507.261340 14.28239 0.02324 
 2456507.270452 14.29621 0.02266 
 2456508.223217 14.29404 0.02508 
 2456508.227803 14.29179 0.02376 
 2456508.229957 14.28793 0.02438 
 2456508.234575 14.24985 0.02366 
 2456508.244482 14.31349 0.02399 
 2456508.251365 14.30719 0.02354 
 2456508.261267 14.29383 0.02250 
 2456508.270369 14.29641 0.02144 
 2456509.225520 14.34258 0.02382 
 2456509.230129 14.26723 0.02412 
 2456509.232277 14.28300 0.02406 
 2456510.224673 14.30039 0.02507 
 2456510.229247 14.30934 0.02345 
 2456510.231405 14.30774 0.02406 
 2456510.238293 14.29637 0.02390 
 2456510.248212 14.33174 0.02277 
 2456510.257281 14.33106 0.02284 
 2456510.267088 14.29599 0.02183 
 2456511.238604 14.33735 0.02332 
 2456511.247642 14.30162 0.02273 
 2456511.257478 14.31473 0.02287 
 2456511.266522 14.29557 0.02125 
 2456514.225586 14.27746 0.02513 
 2456514.232420 14.29619 0.02519 
 2456514.236835 14.32601 0.02463 
 2456514.245910 14.29053 0.02482 
 2456514.253608 14.27919 0.02513 
 2456515.227271 14.30708 0.02366 
 2456515.236261 14.32414 0.02361 
 2456515.240753 14.31775 0.02267 
 2456515.249827 14.31371 0.02371 
 2456515.254564 14.35019 0.02288 
 2456524.230578 14.32654 0.04584 
 2456715.620465 14.26236 0.02643 
 2456717.611730 14.32958 0.02788 
 2456717.621700 14.33756 0.02764 
 2456717.630944 14.32087 0.02608 
 2456718.615178 14.34380 0.02481 
 2456718.625162 14.37076 0.02391 
 2456718.634436 14.32003 0.02593 
 2456719.607383 14.29710 0.02859 
 2456719.616643 14.34354 0.02766 
 2456721.613927 14.30299 0.02900 
 2456721.623362 14.28703 0.02682 
 2456722.605847 14.43600 0.02892 
 2456722.615150 14.45101 0.02751 
 2456722.625165 14.37769 0.02769 
 2456722.629919 14.38986 0.02691 
 2456723.595410 14.31792 0.02743 
 2456723.604702 14.37231 0.02638 
 2456723.614689 14.35466 0.02607 
 2456723.624826 14.32314 0.02573 
 2456724.599552 14.35863 0.02944 
 2456724.608881 14.35143 0.02881 
 2456724.618807 14.42151 0.02899 
 2456724.623543 14.34272 0.02772 
 2456727.606939 14.29741 0.02939 
 2456727.613937 14.33360 0.02776 
 2456727.628694 14.32976 0.02662 
 2456727.645542 14.26496 0.02799 
 2456729.608110 14.34223 0.02476 
 2456729.644879 14.38161 0.02713 
 2456730.583995 14.40896 0.04101 
 2456730.593315 14.44175 0.03806 
 2456730.603357 14.45908 0.03019 
 2456730.608080 14.42613 0.02575 
 2456730.622888 14.51311 0.02547 
 2456730.627622 14.53458 0.02323 
 2456731.573544 14.33576 0.04949 
 2456731.582852 14.24825 0.04471 
 2456731.590616 14.27193 0.04387 
 2456731.600739 14.32319 0.04032 
 2456731.613177 14.33215 0.03857 
 2456731.617934 14.33560 0.03746 
 2456731.630394 14.30132 0.03227 
 2456731.637438 14.29144 0.02920 
 2456732.571859 14.31706 0.05504 
 2456732.579622 14.30110 0.05268 
 2456732.588955 14.27802 0.05192 
 2456732.599126 14.26216 0.04654 
 2456732.603886 14.28484 0.04929 
 2456732.616433 14.26634 0.04623 
 2456732.621164 14.26678 0.04440 
 2456732.633636 14.29664 0.04200 
 2456732.643005 14.28931 0.04100 
 2456733.570600 14.42642 0.05960 
 2456733.579964 14.33955 0.06047 
 2456733.585415 14.48978 0.05767 
 2456733.595541 14.37197 0.05617 
 2456733.605770 14.33390 0.05349 
 2456733.610542 14.34889 0.05412 
 2456733.620910 14.31100 0.05183 
 2456733.628008 14.35521 0.05100 
 2456734.566670 14.28598 0.05901 
 2456734.569150 14.26657 0.05748 
 2456734.576865 14.29400 0.05667 
 2456734.579419 14.44804 0.05555 
 2456734.586669 14.34662 0.05269 
 2456734.592584 14.37671 0.04865 
 2456734.598464 14.38196 0.04969 
 2456734.604583 14.29368 0.05103 
 2456734.610015 14.37005 0.04822 
 2456734.616229 14.37516 0.04583 
 2456734.624595 14.35274 0.04651 
 2456734.630254 14.32739 0.04750 
 2456734.639574 14.31543 0.04363 
 2456735.564032 14.42579 0.05447 
 2456735.566487 14.36667 0.05195 
 2456735.571260 14.32961 0.05263 
 2456735.573682 14.35108 0.05206 
 2456735.578435 14.20698 0.05095 
 2456735.580938 14.39518 0.05237 
 2456735.585704 14.39680 0.04924 
 2456735.588253 14.33732 0.05061 
 2456735.593012 14.32810 0.04985 
 2456735.595427 14.39879 0.04643 
 2456735.600172 14.31635 0.04959 
 2456735.602599 14.36853 0.04731 
 2456735.607341 14.41268 0.04489 
 2456735.609777 14.36365 0.04730 
 2456735.614517 14.45652 0.04690 
 2456735.616934 14.36595 0.04729 
 2456735.624057 14.41673 0.04885 
 2456735.628905 14.35678 0.04463 
 2456735.638258 14.28697 0.04308 
 2456743.546156 14.26865 0.02671 
 2456743.556236 14.26472 0.02623 
 2456743.565594 14.27809 0.02514 
 2456744.538113 14.33380 0.02994 
 2456744.547496 14.36847 0.02986 
 2456744.557600 14.36231 0.02855 
 2456744.567749 14.36102 0.02766 
 2456744.582603 14.30547 0.02810 
 2456744.587382 14.30481 0.02857 
 2456744.602234 14.27583 0.02748 
 2456744.611631 14.29314 0.02734 
 2456744.626270 14.31066 0.02919 
 2456745.535644 14.28654 0.02927 
 2456745.545701 14.33970 0.02761 
 2456745.555069 14.31127 0.02706 
 2456745.569943 14.27165 0.02681 
 2456745.574718 14.34085 0.02571 
 2456745.589539 14.29175 0.02542 
 2456745.596689 14.31144 0.02477 
 2456745.611383 14.37341 0.02363 
 2456745.620854 14.29815 0.02305 
 2456746.532880 14.35815 0.02644 
 2456746.542215 14.36086 0.02728 
 2456746.552280 14.33638 0.02720 
 2456746.563523 14.32857 0.02654 
 2456746.578358 14.34280 0.02673 
 2456746.583140 14.33363 0.02661 
 2456746.597992 14.31449 0.02585 
 2456746.607399 14.35517 0.02641 
 2456746.622149 14.33647 0.02648 
 2456747.537792 14.35571 0.03005 
 2456747.547121 14.30320 0.02823 
 2456747.559602 14.31225 0.02726 
 2456747.576402 14.36225 0.02725 
 2456747.591259 14.35652 0.02584 
 2456747.600670 14.33271 0.02564 
 2456747.615437 14.27092 0.02552 
 2456748.531762 14.32094 0.02859 
 2456748.541800 14.27129 0.02861 
 2456749.543932 14.27023 0.02343 
 2456753.515199 14.29489 0.02723 
 2456753.525359 14.33547 0.02664 
 2456753.534791 14.36143 0.02644 
 2456753.549719 14.33856 0.02559 
 2456753.554551 14.31787 0.02495 
 2456753.569525 14.31895 0.02417 
 2456753.576733 14.30646 0.02403 
 2456753.591468 14.34835 0.02380 
 2456753.600934 14.31275 0.02437 
 2456755.509716 14.33915 0.01884 
 2456755.519092 14.41260 0.03983 
 2456755.529239 14.35771 0.02894 
 2456755.536296 14.30627 0.02742 
 2456755.551206 14.35485 0.02535 
 2456755.556015 14.33793 0.02642 
 2456755.570902 14.30161 0.02081 
 2456755.580338 14.27276 0.02540 
 2456755.595105 14.30709 0.02591 
 2456757.502051 14.33187 0.03339 
 2456757.512296 14.29383 0.03106 
 2456757.521667 14.32030 0.02699 
 2456757.536734 14.30776 0.02632 
 2456757.541543 14.35911 0.02535 
 2456757.556436 14.34803 0.02449 
 2456757.563586 14.29638 0.02695 
 2456757.578328 14.32992 0.02504 
 2456757.587762 14.31892 0.02485 
 2456758.504408 14.32354 0.04020 
 2456758.514577 14.35256 0.03773 
 2456758.536162 14.33455 0.03217 
 2456758.551105 14.34671 0.02641 
 2456758.558262 14.35641 0.02506 
 2456758.570903 14.35205 0.02427 
 2456758.580364 14.32896 0.02413 
 2456759.501868 14.26418 0.04710 
 2456759.509696 14.26264 0.04754 
 2456759.519135 14.32672 0.04222 
 2456759.531684 14.23077 0.04108 
 2456759.536661 14.30968 0.03906 
 2456759.549231 14.33940 0.03831 
 2456759.556394 14.33268 0.03634 
 2456759.568948 14.32248 0.03341 
 2456759.578465 14.29334 0.02956 
 2456772.461360 14.31498 0.02786 
 2456772.471483 14.35709 0.02771 
 2456772.490692 14.34309 0.02745 
 2456772.505548 14.30316 0.02723 
 2456772.510341 14.32749 0.02790 
 2456772.525177 14.31690 0.02731 
 2456772.534604 14.29146 0.02886 
 2456772.549373 14.31276 0.02859 
 2456774.521716 14.51878 0.02589 
 2456775.458530 14.31686 0.02821 
 2456775.468719 14.28882 0.02783 
 2456775.478116 14.31238 0.02812 
 2456775.493087 14.34505 0.02789 
 2456775.497898 14.30220 0.02723 
 2456775.512798 14.33310 0.03601 
 2456775.519972 14.36112 0.02625 
 2456775.534729 14.29661 0.02660 
 2456775.544246 14.31737 0.03657 
 2456776.515340 14.30800 0.02163 
 2456776.538184 14.29019 0.01509 
 2456778.446770 14.36165 0.02876 
 2456778.456262 14.25269 0.02755 
 2456778.466382 14.29545 0.03439 
 2456778.483365 14.30093 0.02533 
 2456778.498383 14.28822 0.02453 
 2456778.505570 14.29148 0.02427 
 2456778.520386 14.28862 0.02484 
 2456778.529856 14.29329 0.02476 
 2456779.443546 14.31487 0.02615 
 2456779.452938 14.25406 0.02506 
 2456779.463114 14.27778 0.02385 
 2456779.470189 14.28141 0.02383 
 2456779.496891 14.28340 0.02531 
 2456779.504066 14.27053 0.02423 
 2456779.518828 14.30771 0.02511 
 2456779.528285 14.28880 0.02601 
 2456780.442164 14.27296 0.02691 
 2456780.451604 14.29526 0.02581 
 2456780.461840 14.27283 0.02421 
 2456780.484407 14.29483 0.02546 
 2456780.489244 14.28686 0.02567 
 2456780.504238 14.30647 0.02383 
 2456780.513680 14.27233 0.01662 
 2456781.452902 14.36610 0.03674 
 2456781.463018 14.25125 0.06732 
 2456781.470960 14.23483 0.02676 
 2456781.505404 14.33820 0.02409 
 2456781.520193 14.34709 0.02404 
 2456782.504418 14.32322 0.02220 
 2456783.432776 14.29772 0.02604 
 2456783.442856 14.36564 0.02574 
 2456783.452161 14.32473 0.02479 
 2456783.467139 14.33998 0.02519 
 2456783.471889 14.30968 0.02517 
 2456783.486712 14.32127 0.02431 
 2456783.493802 14.28111 0.02448 
 2456783.508388 14.30486 0.02389 
 2456783.517771 14.34191 0.02421 
 2456789.416849 14.24774 0.05326 
 2456789.419281 14.33146 0.05321 
 2456789.456600 14.33135 0.04488 
 2456789.462251 14.33291 0.04008 
 2456789.466980 14.33198 0.03927 
 2456789.472638 14.31242 0.05120 
 2456789.479730 14.31002 0.03970 
 2456789.487588 14.35573 0.03876 
 2456789.496950 14.33153 0.03934 
 2456789.504833 14.36783 0.03718 
 2456799.389042 14.36079 0.02538 
 2456799.398336 14.27379 0.02588 
 2456799.408348 14.31586 0.02392 
 2456799.415358 14.34542 0.02354 
 2456799.430116 14.31514 0.02321 
 2456799.434866 14.34996 0.02404 
 2456799.449676 14.35082 0.02347 
 2456799.459046 14.31934 0.02448 
 2456799.473579 14.34714 0.02514 
 2456800.387755 14.28262 0.02735 
 2456800.397819 14.33723 0.02165 
 2456800.407130 14.30996 0.02538 
 2456800.421958 14.48987 0.05821 
 2456800.448648 14.51278 0.05115 
 2456800.472601 14.30593 0.01950 
 2456801.388352 14.31945 0.02485 
 2456801.398298 14.31622 0.02385 
 2456801.407583 14.31294 0.02418 
 2456801.422284 14.41832 0.03170 
 2456801.427024 14.33462 0.02299 
 2456801.441720 14.29337 0.02147 
 2456801.448812 14.30846 0.01981 
 2456801.463564 14.27179 0.02176 
 2456801.472929 14.28064 0.02258 
 2456802.381343 14.24546 0.02767 
 2456802.390630 14.24784 0.02577 
 2456802.400610 14.24991 0.02549 
 2456802.407569 14.27758 0.02487 
 2456802.422224 14.26303 0.02351 
 2456803.376741 14.31150 0.03606 
 2456803.386045 14.34455 0.03070 
 2456803.396045 14.27600 0.02724 
 2456803.406172 14.30155 0.02543 
 2456803.420902 14.27374 0.02804 
 2456803.425639 14.26283 0.02554 
 2456803.440385 14.28155 0.02503 
 2456803.449732 14.28659 0.02565 
 2456803.464262 14.25073 0.02709 
 2456804.375810 14.28701 0.02710 
 2456804.385158 14.33570 0.02505 
 2456804.395180 14.35382 0.02618 
 2456804.402186 14.35951 0.02443 
 2456804.416944 14.33884 0.02101 
 2456804.421674 14.30797 0.02409 
 2456804.460410 14.28308 0.03080 
 2456805.456973 14.31529 0.01088 
 2456808.366863 14.23010 0.02785 
 2456808.376723 14.29052 0.02744 
 2456808.386584 14.27474 0.02622 
 2456808.394380 14.31621 0.02469 
 2456808.408968 14.32882 0.02493 
 2456808.413647 14.28647 0.02624 
 2456808.428260 14.31026 0.02360 
 2456808.437575 14.30586 0.02348 
 2456808.452071 14.25574 0.02359 
 2456809.366551 14.36198 0.03286 
 2456809.376557 14.26011 0.02825 
 2456809.385801 14.31103 0.02998 
 2456809.400425 14.33972 0.02523 
 2456809.405137 14.37662 0.01819 
 2456812.358770 14.22811 0.02583 
 2456812.368683 14.30036 0.02329 
 2456812.377977 14.33058 0.02029 
 2456815.343925 14.32521 0.02984 
 2456815.349278 14.34762 0.03114 
 2456815.358543 14.31057 0.03237 
 2456815.363920 14.30543 0.02861 
 2456815.398040 14.33446 0.02642 
 2456815.405145 14.38019 0.04293 
 2456815.417449 14.33696 0.02398 
 2456815.426776 14.37385 0.02480 
 2456816.342773 14.32112 0.03087 
 2456816.345086 14.38829 0.03709 
 2456816.352108 14.34120 0.03263 
 2456816.354431 14.33856 0.03181 
 2456816.367044 14.29900 0.03243 
 2456816.371741 14.33960 0.03005 
 2456816.377339 14.34968 0.02905 
 2456816.382091 14.32155 0.03110 
 2456816.392423 14.33322 0.02653 
 2456816.405087 14.31963 0.04521 
 2456816.412935 14.31731 0.02697 
 2456816.422276 14.29256 0.02875 
 2456816.430081 14.31784 0.03059 
 2456825.316245 14.28748 0.03026 
 2456825.325522 14.30195 0.03220 
 2456825.335453 14.30154 0.03336 
 2456825.345548 14.33197 0.03581 
 2456825.360261 14.31817 0.03498 
 2456825.364994 14.26957 0.03605 
 2456825.390658 14.25869 0.03488 
 2456828.322493 14.27549 0.02503 
 2456828.379233 14.32085 0.02283 
 2456830.305920 14.31328 0.02870 
 2456830.315923 14.32278 0.02836 
 2456830.325247 14.32690 0.02713 
 2456830.340127 14.29433 0.02485 
 2456830.344926 14.27697 0.02473 
 2456830.359636 14.29173 0.02329 
 2456830.366726 14.29050 0.02292 
 2456830.381343 14.26772 0.02377 
 2456830.390695 14.30999 0.02259 
 2456831.303080 14.31272 0.03259 
 2456831.313071 14.29829 0.03018 
 2456831.322341 14.32258 0.02907 
 2456831.337042 14.32511 0.02803 
 2456831.341754 14.35705 0.02680 
 2456831.356469 14.29201 0.02558 
 2456831.363621 14.27196 0.02587 
 2456831.378183 14.32835 0.02404 
 2456831.387516 14.32300 0.02321 
 2456832.303303 14.28630 0.03436 
 2456832.312625 14.31469 0.03190 
 2456832.322574 14.32613 0.03161 
 2456832.330428 14.28413 0.03228 
 2456832.345136 14.30331 0.02726 
 2456832.349858 14.29118 0.02720 
 2456832.364569 14.35024 0.02797 
 2456832.373954 14.33253 0.02733 
 2456832.388552 14.30268 0.02700 
 2456833.301412 14.28813 0.02968 
 2456833.311404 14.33633 0.02852 
 2456833.320795 14.35831 0.02687 
 2456833.335526 14.31588 0.02680 
 2456833.340286 14.29241 0.02610 
 2456833.355049 14.27916 0.02549 
 2456833.362106 14.57951 0.02489 
 2456833.376830 14.29057 0.02316 
 2456833.386215 14.28722 0.02396 
 2456836.286918 14.30625 0.02715 
 2456837.284370 14.31424 0.02977 
 2456837.294415 14.26586 0.02657 
 2456837.303722 14.33289 0.02583 
 2456837.318455 14.31819 0.02408 
 2456837.323169 14.36096 0.02501 
 2456837.337900 14.31031 0.02431 
 2456837.345119 14.31403 0.02276 
 2456837.359705 14.34665 0.02277 
 2456837.369096 14.41484 0.02177 
 2456839.286487 14.38192 0.03752 
 2456839.295822 14.33799 0.03212 
 2456839.305935 14.33391 0.02901 
 2456839.310729 14.29208 0.02749 
 2456839.325633 14.29864 0.02879 
 2456839.330415 14.26899 0.02897 
 2456839.345395 15.49836 0.02538 
 2456839.354834 14.32442 0.02484 
 2456839.369476 14.31396 0.02424 
 2456842.271571 14.27478 0.03186 
 2456842.276998 14.28953 0.02820 
 2456842.286303 14.28207 0.03661 
 2456842.308895 14.31943 0.05213 
 2456842.313687 14.33190 0.02654 
 2456842.323838 14.30744 0.02556 
 2456842.330955 14.35401 0.03184 
 2456842.343301 14.30265 0.02460 
 2456842.352658 14.29793 0.02263 
 2456843.269280 14.32757 0.02930 
 2456843.274726 14.34448 0.02981 
 2456843.295046 14.32724 0.02809 
 2456843.302961 14.29357 0.02953 
 2456843.315562 14.31061 0.02434 
 2456843.320319 14.34266 0.02514 
 2456852.242625 14.29507 0.05222 
 2456852.261994 14.28503 0.04566 
 2456853.240484 14.31671 0.03344 
 2456853.249803 14.30563 0.02940 
 2456853.259838 14.30731 0.02981 
 2456853.270008 14.36346 0.03205 
 2456853.284780 14.26754 0.04640 
 2456853.289595 14.40430 0.04164 
 2456853.328554 14.32239 0.03918 
 2456854.241326 14.28298 0.03210 
 2456854.250645 14.31291 0.03748 
 2456854.260679 14.26044 0.03903 
 2456854.268563 14.34244 0.02864 
 2456854.283364 14.30431 0.02834 
 2456854.288119 14.29345 0.03066 
 2456854.314741 14.30722 0.02840 
 2456854.324392 14.34342 0.02733 
 2456855.239706 14.29316 0.04008 
 2456855.249006 14.31243 0.03352 
 2456855.259071 14.30793 0.02603 
 2456855.266954 14.29650 0.02329 
 2456855.281837 14.30034 0.02980 
 2456855.286613 14.26226 0.02988 
 2456855.301439 14.94213 0.04118 
 2456855.310826 14.31074 0.02699 
 2456859.225397 14.32072 0.02804 
 2456859.227618 14.31572 0.02751 
 2456859.237009 14.32381 0.02569 
 2456859.247088 14.35240 0.02626 
 2456859.255084 14.35881 0.02406 
 2456859.269923 14.40470 0.02651 
 2456859.274678 14.38327 0.02700 
 2456859.289500 14.61666 0.02525 
 2456859.310866 14.44369 0.02359 
 2456860.263526 14.29136 0.03132 
 2456860.268341 14.22870 0.02758 
 2456860.283187 14.32948 0.01787 
 2456860.292588 14.16674 0.04593 
 2456861.255848 14.23464 0.04267 
 2456861.260648 14.28304 0.02652 
 2456861.262875 14.29178 0.02492 
 2456861.267657 14.29506 0.02601 
 2456861.282456 14.19727 0.02512 
 2456861.291884 14.32457 0.02474 
 2456861.306579 14.24425 0.02420 
 2456862.219386 14.52728 0.02647 
 2456862.228656 14.43536 0.02853 
 2456862.230883 14.52905 0.03619 
 2456862.240234 14.46833 0.02548 
 2456862.255077 14.40390 0.02604 
 2456862.274666 14.34019 0.02273 
 2456862.281803 14.30597 0.02263 
 2456862.296474 14.30108 0.02264 
 2456862.305905 14.25932 0.02227 
 2456863.221605 14.33159 0.02737 
 2456863.230885 14.32898 0.02795 
 2456863.233097 14.29937 0.02631 
 2456863.240095 14.32148 0.02728 
 2456863.254901 14.32707 0.02419 
 2456863.259668 14.31058 0.02359 
 2456863.274471 14.27094 0.02456 
 2456863.283903 14.28390 0.02507 
 2456863.298572 14.30430 0.02295 
 2456866.259479 14.27234 0.02165 
 2456866.266673 14.28947 0.02183 
 2456866.271326 14.30124 0.02168 
 2456866.280816 14.29448 0.02125 
 2456866.295611 14.29409 0.02043 
 2456867.286846 14.31103 0.02100 
 2456868.222902 14.40111 0.03094 
 2456868.230885 14.34654 0.02715 
 2456868.233142 14.32490 0.02755 
 2456868.237947 14.36119 0.02743 
 2456868.250491 14.30817 0.02499 
 2456868.257633 14.35362 0.02641 
 2456868.270165 14.33162 0.02588 
 2456868.279606 14.27687 0.02530 
 2456869.223420 14.28452 0.02928 
 2456869.228211 14.30031 0.02551 
 2456869.230465 14.35841 0.02791 
 2456869.235266 14.26165 0.02688 
 2456869.245573 14.30865 0.02544 
 2456869.250356 14.28424 0.02514 
 2456869.260573 14.33169 0.02418 
 2456869.270076 14.26458 0.02280 
 2456869.282481 14.31791 0.02063 
 2456870.221988 14.41568 0.02897 
 2456870.263454 14.46138 0.02852 
 2456870.275945 14.43149 0.02468 
 2456871.248474 14.31928 0.02860 
 2456871.263524 14.46151 0.02190 
 2456871.280909 14.36803 0.02843 
 2456881.227242 14.51822 0.03837 
 2456881.236613 14.36336 0.04262 
 2456881.241206 14.45979 0.04530 
 2456881.250631 14.45360 0.04602 
 2456882.229000 14.27494 0.02161 
 2456882.238473 14.31236 0.02497 
 2456884.228722 14.31922 0.02317 
 2456884.238114 14.28128 0.02209 
 2456884.242709 14.33252 0.02224 
 2456885.229429 14.29243 0.02593 
 2456885.238804 14.32113 0.02456 
 2456885.243384 14.26098 0.02609 
 2456886.228834 14.28204 0.02509 
 2456886.238185 14.30430 0.02385 
 2456889.230348 14.28587 0.02671 
