\INPUT_FILE = /stage/nexsci-exo-data-prep/ETSS-prep/KELT/s38/raw/KELT_S38_lc_083844_V01_east_tfa.dat
\INPUT_TYPE = "RAW"
\START_DATE = "Sat Dec 21, 01:39:55 2013"               
\STOP_DATE = "Tue Dec 29, 01:51:13 2015"               
\fixlen = T
\NUMRECORDS = 939      
\
\ This file was produced by the NASA Exoplanet Archive  http://exoplanetarchive.ipac.caltech.edu 
\ Fri Nov 01, 20:32:13 2019
\ Documentation for the KELT Survey dataset can be found at http://exoplanetarchive.ipac.caltech.edu/docs/KELT.html
\
|          TIME|     MAG|MAG_ERR|
|          real|    real|   real|
|             d|     mag|    mag|
|          null|    null|   null|
 2456647.569395 14.56899 0.05055 
 2456648.565990 14.55578 0.04883 
 2456656.569332 14.56061 0.02905 
 2456657.544760 14.55036 0.03157 
 2456657.568958 14.54728 0.03027 
 2456658.545567 14.51200 0.03327 
 2456659.538761 14.51580 0.03762 
 2456659.562889 14.53144 0.03433 
 2456660.533010 14.53484 0.03691 
 2456660.557234 14.57943 0.03653 
 2456660.583645 14.54728 0.03384 
 2456670.514790 14.50772 0.04708 
 2456671.503369 14.54670 0.05116 
 2456671.513205 14.48648 0.04970 
 2456671.523773 14.52763 0.04820 
 2456671.541090 14.52883 0.04671 
 2456671.558069 14.50560 0.04392 
 2456671.573017 14.52130 0.04232 
 2456672.504162 14.57690 0.05706 
 2456672.523757 14.51414 0.05082 
 2456672.540974 14.46903 0.05430 
 2456672.557976 14.46585 0.05252 
 2456672.577480 14.57677 0.05533 
 2456673.498104 14.45798 0.06380 
 2456673.512734 14.52556 0.06087 
 2456673.527442 14.62953 0.06065 
 2456673.542266 14.50560 0.05941 
 2456673.556941 14.54221 0.05829 
 2456673.571623 14.53751 0.05844 
 2456673.586413 14.50207 0.05724 
 2456674.500371 14.55089 0.05466 
 2456674.512684 14.51618 0.05175 
 2456674.525068 14.56007 0.05384 
 2456674.537421 14.51307 0.05135 
 2456674.549780 14.51179 0.05156 
 2456674.562156 14.55309 0.05164 
 2456674.574579 14.53339 0.04956 
 2456674.586892 14.52024 0.04748 
 2456675.531086 14.46072 0.06354 
 2456675.543558 14.50780 0.06908 
 2456676.486716 14.51454 0.05034 
 2456676.499069 14.51316 0.04828 
 2456676.511477 14.53040 0.04642 
 2456676.523837 14.56690 0.04650 
 2456676.536210 14.55913 0.04751 
 2456676.548609 14.55323 0.04801 
 2456676.558565 14.50715 0.04710 
 2456676.586398 14.51015 0.04450 
 2456677.483313 14.57312 0.04882 
 2456677.495583 14.54871 0.04787 
 2456677.507807 14.52190 0.04766 
 2456677.520076 14.58243 0.04471 
 2456677.532328 14.56639 0.04527 
 2456677.544628 14.52258 0.04429 
 2456677.554474 14.53147 0.04509 
 2456677.566847 14.47731 0.04388 
 2456677.579178 14.53077 0.04472 
 2456678.490499 14.52951 0.04539 
 2456678.507464 14.55914 0.04097 
 2456678.524395 14.54066 0.04248 
 2456678.536734 14.42511 0.04278 
 2456678.546849 14.47027 0.04084 
 2456678.554533 14.57438 0.04180 
 2456678.564722 14.54426 0.04038 
 2456678.575005 14.53460 0.04025 
 2456678.585113 14.56461 0.03946 
 2456684.479856 14.65318 0.02828 
 2456684.503596 14.61536 0.02864 
 2456684.522909 14.61984 0.02803 
 2456684.537476 14.62382 0.02785 
 2456684.557667 14.64315 0.02814 
 2456684.572370 14.57543 0.02909 
 2456684.587078 14.55793 0.02895 
 2456685.475933 14.55808 0.01797 
 2456685.545564 14.56592 0.02927 
 2456685.564751 14.51567 0.02994 
 2456685.581649 14.51364 0.02849 
 2456685.598562 14.51458 0.02971 
 2456686.555055 14.52361 0.02897 
 2456688.471988 14.51609 0.03122 
 2456688.495820 14.58946 0.03072 
 2456689.522538 14.53264 0.03050 
 2456690.457119 14.54219 0.03300 
 2456690.483907 14.61912 0.03322 
 2456690.505475 14.55912 0.03187 
 2456690.522129 14.63099 0.03284 
 2456690.544542 14.66409 0.03169 
 2456690.563872 14.62043 0.03113 
 2456690.585275 14.59114 0.03015 
 2456691.454270 14.52374 0.03095 
 2456691.480946 14.54016 0.03135 
 2456691.598961 14.51480 0.03169 
 2456692.500751 14.50994 0.02928 
 2456692.517686 14.54650 0.02950 
 2456692.574892 14.51987 0.03005 
 2456693.514672 14.50329 0.02681 
 2456693.556313 14.53121 0.02836 
 2456693.582884 14.52232 0.03105 
 2456694.468494 14.50166 0.03039 
 2456695.457462 14.52479 0.03129 
 2456695.481325 14.53806 0.02973 
 2456696.443833 14.54687 0.03298 
 2456696.467722 14.47231 0.03084 
 2456696.489381 14.57315 0.02873 
 2456696.506183 14.56933 0.02991 
 2456696.528643 14.53131 0.03151 
 2456696.559835 14.60014 0.03245 
 2456696.581589 14.69695 0.03345 
 2456697.443650 14.49237 0.03713 
 2456697.463068 14.54463 0.03300 
 2456697.531649 14.51789 0.02966 
 2456697.551017 14.55821 0.02952 
 2456697.575003 14.50837 0.02931 
 2456698.431103 14.57072 0.04182 
 2456698.450561 14.55148 0.04111 
 2456698.467713 14.55680 0.03902 
 2456698.484784 14.54722 0.03784 
 2456698.499320 14.52716 0.03423 
 2456698.519483 14.54553 0.03023 
 2456698.538951 14.52843 0.03027 
 2456698.563189 14.50240 0.03144 
 2456698.582440 14.52825 0.03094 
 2456699.429444 14.52479 0.04355 
 2456699.449112 14.55450 0.04123 
 2456699.466278 14.50843 0.04212 
 2456699.483210 14.58054 0.04086 
 2456699.497687 14.57184 0.03969 
 2456699.517875 14.53675 0.03729 
 2456699.537210 14.52629 0.03363 
 2456699.558777 14.50792 0.02924 
 2456700.426856 14.53355 0.04787 
 2456700.441482 14.53478 0.04818 
 2456700.456106 14.52290 0.04532 
 2456700.470710 14.55738 0.04561 
 2456700.485288 14.55303 0.04482 
 2456700.502326 14.54264 0.04282 
 2456700.517083 14.52232 0.04162 
 2456700.534220 14.56721 0.04226 
 2456700.551380 14.56797 0.03938 
 2456700.570699 14.60060 0.03517 
 2456704.415782 14.51576 0.06521 
 2456704.425879 14.54697 0.06509 
 2456704.436081 14.53373 0.06432 
 2456704.446145 14.62428 0.06392 
 2456704.456221 14.53837 0.06150 
 2456704.466233 14.50818 0.06209 
 2456704.476315 14.54249 0.06086 
 2456704.486320 14.54167 0.06030 
 2456704.496391 14.51445 0.05829 
 2456704.506445 14.45469 0.05745 
 2456704.518842 14.64910 0.05850 
 2456704.531215 14.50264 0.05950 
 2456704.545795 14.56516 0.05749 
 2456705.431940 14.58118 0.05889 
 2456705.525828 14.51369 0.05234 
 2456705.550342 14.49879 0.05404 
 2456705.560604 14.55811 0.05438 
 2456706.563135 14.48494 0.05391 
 2456711.394324 14.56308 0.03123 
 2456711.420712 14.53849 0.03093 
 2456711.442377 14.53570 0.03252 
 2456711.459432 14.56516 0.03410 
 2456711.478842 14.55911 0.03304 
 2456711.493633 14.52206 0.03330 
 2456711.508424 14.56578 0.03301 
 2456711.523182 14.49528 0.03351 
 2456711.540335 14.55104 0.03401 
 2456712.518615 14.56620 0.03110 
 2456712.535956 14.55527 0.03145 
 2456712.548620 14.45532 0.03152 
 2456713.407129 14.53217 0.03318 
 2456713.431011 14.54083 0.03036 
 2456713.450204 14.54185 0.03008 
 2456713.471784 14.54999 0.02985 
 2456714.404851 14.49455 0.03280 
 2456714.428864 14.59419 0.03180 
 2456714.448109 14.54844 0.03182 
 2456715.409107 14.52673 0.03115 
 2456715.436016 14.56736 0.03135 
 2456715.453037 14.54982 0.02969 
 2456715.475668 14.56977 0.02908 
 2456715.495083 14.57613 0.02898 
 2456715.516765 14.53259 0.02936 
 2456715.536067 14.57277 0.02908 
 2456716.440592 14.57494 0.03057 
 2456717.377573 14.56199 0.03274 
 2456717.403769 14.55158 0.03168 
 2456717.425494 14.51672 0.03244 
 2456717.444632 14.53624 0.03144 
 2456717.466155 14.54094 0.03089 
 2456717.485432 14.55209 0.03146 
 2456717.504752 14.54271 0.03148 
 2456717.526291 14.54931 0.03129 
 2456718.494878 14.56732 0.02946 
 2456718.518826 14.51548 0.02897 
 2456719.390189 14.50995 0.03158 
 2456719.414080 14.54043 0.03034 
 2456719.433325 14.49914 0.03078 
 2456719.454979 14.54050 0.02968 
 2456719.471939 14.56868 0.03025 
 2456719.491350 14.51285 0.03117 
 2456719.515255 14.56459 0.03090 
 2456721.385305 14.58110 0.03089 
 2456722.382965 14.53771 0.03020 
 2456722.406889 14.54642 0.02929 
 2456722.426126 14.54550 0.02933 
 2456722.453068 14.53773 0.02947 
 2456722.472455 14.54803 0.02972 
 2456722.491867 14.55010 0.02995 
 2456722.513626 14.52811 0.03041 
 2456723.356732 14.52201 0.03215 
 2456723.384937 14.57467 0.02975 
 2456723.406773 14.56945 0.02919 
 2456723.426048 14.52791 0.02972 
 2456723.447990 14.57462 0.02932 
 2456723.465042 14.49360 0.02943 
 2456723.484508 14.54530 0.03007 
 2456723.506209 14.49469 0.02963 
 2456724.367336 14.57739 0.03402 
 2456724.386860 14.53407 0.03102 
 2456724.406368 14.53834 0.03018 
 2456724.425645 14.62229 0.02869 
 2456725.366240 14.52002 0.03789 
 2456725.385715 14.53839 0.03612 
 2456725.405141 14.51426 0.03454 
 2456725.424481 14.50172 0.03080 
 2456727.430466 14.61615 0.05120 
 2456727.445338 14.55119 0.03328 
 2456727.462609 14.54712 0.03383 
 2456727.482133 14.51204 0.03166 
 2456727.502321 14.51624 0.02899 
 2456729.341563 14.55872 0.04875 
 2456729.353927 14.57637 0.04557 
 2456729.366331 14.58355 0.05323 
 2456730.372224 14.57484 0.04829 
 2456730.409550 14.59762 0.04741 
 2456730.421970 14.54390 0.04448 
 2456730.449084 14.53115 0.05187 
 2456730.463837 14.54256 0.04548 
 2456731.341290 14.56369 0.05725 
 2456731.363531 14.50665 0.05418 
 2456731.373672 14.55956 0.05398 
 2456731.383892 14.53071 0.05249 
 2456731.394016 14.53077 0.05196 
 2456731.404122 14.48835 0.05261 
 2456731.414249 14.58595 0.04899 
 2456731.424401 14.58280 0.05042 
 2456731.434587 14.53104 0.05008 
 2456731.447092 14.48069 0.04961 
 2456731.459506 14.50397 0.05001 
 2456731.474264 14.54748 0.04796 
 2456731.486747 14.45494 0.04918 
 2456732.339955 14.53680 0.06284 
 2456732.357145 14.55896 0.06360 
 2456732.374204 14.56823 0.06008 
 2456732.388810 14.52517 0.05920 
 2456732.401307 14.51296 0.05778 
 2456732.413760 14.49810 0.05953 
 2456732.426242 14.51775 0.05780 
 2456732.438753 14.49417 0.05690 
 2456732.452083 14.50736 0.05574 
 2456732.467708 14.56908 0.05670 
 2456732.480351 14.53184 0.05681 
 2456733.341203 14.65399 0.07458 
 2456733.358250 14.58967 0.07471 
 2456733.375397 14.58142 0.07135 
 2456733.385587 14.59179 0.07088 
 2456733.395836 14.58945 0.07192 
 2456733.403634 14.55909 0.06957 
 2456733.413901 14.54296 0.06964 
 2456733.424191 14.57954 0.06710 
 2456733.434390 14.59695 0.06933 
 2456733.444516 14.57539 0.06687 
 2456733.454771 14.61801 0.06554 
 2456733.467098 14.56265 0.06878 
 2456733.477365 14.59648 0.06321 
 2456738.384601 14.56806 0.03822 
 2456738.405452 14.48089 0.03788 
 2456738.421278 14.53972 0.04033 
 2456738.436197 14.51463 0.03988 
 2456738.464703 14.56003 0.04043 
 2456739.314702 14.61910 0.03154 
 2456739.353786 14.56529 0.03108 
 2456739.373501 14.58908 0.03225 
 2456739.388366 14.59258 0.03416 
 2456739.408936 14.63093 0.03565 
 2456739.423973 14.63253 0.03514 
 2456739.438981 14.65874 0.03538 
 2456739.454006 14.64896 0.03509 
 2456739.466846 14.61306 0.03581 
 2456744.325034 14.52801 0.03129 
 2456744.349581 14.52063 0.03024 
 2456744.368992 14.56360 0.03042 
 2456744.390786 14.54381 0.02948 
 2456744.408062 14.56345 0.02910 
 2456744.427747 14.54029 0.02903 
 2456744.449666 14.54616 0.02842 
 2456745.312915 14.50597 0.02489 
 2456745.337017 14.54980 0.03115 
 2456745.356675 14.52813 0.02987 
 2456745.373738 14.61872 0.02922 
 2456745.393321 14.58981 0.02871 
 2456745.412941 14.64492 0.02836 
 2456745.434717 14.59754 0.02862 
 2456746.308151 14.53554 0.03167 
 2456746.332182 14.52101 0.02966 
 2456746.354058 14.54150 0.03029 
 2456746.383165 14.54797 0.02887 
 2456746.400494 14.54855 0.02881 
 2456746.420116 14.50927 0.02803 
 2456746.444431 14.52214 0.02900 
 2456747.306009 14.54353 0.03241 
 2456747.330047 14.57265 0.03048 
 2456747.349507 14.48768 0.03019 
 2456747.383697 14.54245 0.02961 
 2456747.403375 14.53867 0.02919 
 2456747.423055 14.53343 0.02988 
 2456747.444963 14.55628 0.02897 
 2456748.419361 14.53606 0.04135 
 2456749.304392 14.55597 0.03089 
 2456749.345718 14.53135 0.03111 
 2456749.362800 14.45935 0.03445 
 2456749.382421 14.55739 0.03161 
 2456749.434735 14.48318 0.03277 
 2456751.303365 14.51055 0.03124 
 2456751.327508 14.57056 0.02978 
 2456751.346970 14.52087 0.03277 
 2456752.289191 14.50986 0.03483 
 2456752.311908 14.50194 0.03272 
 2456752.331614 14.54400 0.02887 
 2456752.351000 14.49191 0.03005 
 2456752.373792 14.52894 0.02887 
 2456752.393682 14.50900 0.02866 
 2456752.415550 14.58788 0.02790 
 2456752.435280 14.53142 0.02837 
 2456753.282901 14.53433 0.03457 
 2456753.302890 14.54006 0.03076 
 2456753.320340 14.51769 0.03105 
 2456753.337731 14.57028 0.03064 
 2456753.357389 14.52834 0.02943 
 2456753.374692 14.52538 0.02842 
 2456753.394419 14.57125 0.02816 
 2456753.416310 14.56460 0.02835 
 2456753.436055 14.51778 0.02837 
 2456754.281395 14.54890 0.03503 
 2456754.301875 14.55886 0.03615 
 2456754.319353 14.50906 0.03441 
 2456754.336578 14.53103 0.03312 
 2456754.356203 14.54316 0.03249 
 2456754.373427 14.49120 0.03175 
 2456754.404950 14.57230 0.02968 
 2456754.426890 14.58719 0.02931 
 2456755.298826 14.49745 0.03707 
 2456755.351296 14.55279 0.03285 
 2456755.366428 14.55860 0.03201 
 2456755.383925 14.57474 0.03195 
 2456755.401392 14.53527 0.03026 
 2456755.421116 14.54986 0.02837 
 2456756.329141 14.54149 0.03753 
 2456757.358883 14.56161 0.03868 
 2456757.368304 14.57844 0.03867 
 2456757.383450 14.50069 0.03773 
 2456758.297506 14.49008 0.04347 
 2456758.310189 14.52098 0.04546 
 2456758.322761 14.56786 0.04287 
 2456758.332975 14.53693 0.04132 
 2456758.345602 14.59087 0.04187 
 2456758.358313 14.61194 0.04125 
 2456758.373298 14.48859 0.04140 
 2456758.388300 14.56059 0.04050 
 2456758.408202 14.52463 0.04120 
 2456758.423220 14.42004 0.04118 
 2456759.308397 14.54642 0.05364 
 2456759.321022 14.56147 0.05081 
 2456759.331166 14.52952 0.04842 
 2456759.343805 14.53853 0.04657 
 2456759.356456 14.49172 0.04790 
 2456759.369115 14.54087 0.04630 
 2456759.381813 14.52875 0.04572 
 2456759.396739 14.57210 0.04455 
 2456759.409415 14.53882 0.04523 
 2456760.270484 14.49335 0.06003 
 2456760.287692 14.55979 0.05783 
 2456760.304954 14.58400 0.05787 
 2456760.315441 14.56211 0.05690 
 2456760.325898 14.52801 0.05535 
 2456760.336395 14.55099 0.05354 
 2456760.346868 14.51529 0.05238 
 2456760.355057 14.49609 0.05390 
 2456760.365694 14.51458 0.05118 
 2456760.376075 14.57927 0.05241 
 2456760.388703 14.56962 0.05369 
 2456760.399165 14.52897 0.05431 
 2456760.409599 14.53879 0.05133 
 2456765.243264 14.53062 0.03996 
 2456765.319558 14.53403 0.05547 
 2456765.387350 14.51940 0.05694 
 2456765.400279 14.55175 0.05495 
 2456766.243016 14.49506 0.03379 
 2456766.269519 14.49046 0.03681 
 2456766.291577 14.56534 0.03948 
 2456766.308802 14.52160 0.05431 
 2456766.343663 14.56089 0.04598 
 2456766.388968 14.53727 0.04885 
 2456767.398901 14.53490 0.03748 
 2456768.239996 14.55866 0.03295 
 2456768.266604 14.53619 0.03323 
 2456768.288613 14.57699 0.02381 
 2456768.305714 14.53909 0.03204 
 2456768.327617 14.47855 0.03066 
 2456768.347225 14.51983 0.03091 
 2456768.366978 14.50606 0.02979 
 2456768.388876 14.52321 0.03337 
 2456769.231646 14.52865 0.03363 
 2456769.267805 14.54460 0.02994 
 2456769.289913 14.56013 0.02638 
 2456772.286145 14.54239 0.03100 
 2456772.319072 14.54349 0.02932 
 2456772.338941 14.51515 0.03010 
 2456772.372928 14.55891 0.02923 
 2456773.227904 14.49296 0.03378 
 2456773.264208 14.58216 0.03435 
 2456773.283713 14.64637 0.03283 
 2456774.228370 14.52535 0.06891 
 2456774.265216 14.58610 0.03738 
 2456775.282465 14.50596 0.02986 
 2456775.304427 14.51732 0.02921 
 2456775.330390 14.52580 0.02859 
 2456775.352267 14.55219 0.02873 
 2456775.375113 14.50160 0.02856 
 2456776.227053 14.50265 0.03488 
 2456776.236484 14.54088 0.03467 
 2456776.260659 14.53217 0.03321 
 2456776.281877 14.50475 0.03328 
 2456776.303893 14.50142 0.03370 
 2456776.321282 14.56516 0.03038 
 2456776.341031 14.55107 0.03020 
 2456776.362980 14.50032 0.02952 
 2456777.226325 14.57348 0.04405 
 2456777.235745 14.51602 0.04286 
 2456777.262558 14.56954 0.03392 
 2456778.226050 14.48179 0.03826 
 2456778.250179 14.53888 0.03296 
 2456778.269749 14.51692 0.03011 
 2456778.291869 14.52654 0.03082 
 2456778.311511 14.54843 0.02978 
 2456778.336110 14.51220 0.02873 
 2456778.358064 14.51076 0.02866 
 2456779.224847 14.56458 0.03573 
 2456779.234262 14.50757 0.03529 
 2456779.254127 14.51380 0.03513 
 2456779.273687 14.53439 0.03402 
 2456779.295687 14.55618 0.03297 
 2456779.313068 14.52786 0.03252 
 2456779.332847 14.53115 0.03138 
 2456779.354892 14.53652 0.02991 
 2456780.223074 14.49841 0.03683 
 2456780.232536 14.51140 0.03416 
 2456780.251991 14.50857 0.03165 
 2456780.269296 14.50974 0.03080 
 2456780.289012 14.55074 0.03050 
 2456780.306381 14.52248 0.03006 
 2456780.326106 14.55154 0.02980 
 2456780.350422 14.53286 0.02901 
 2456782.271910 14.55515 0.03283 
 2456782.287130 14.58501 0.02984 
 2456782.302189 14.50327 0.03216 
 2456782.319666 14.48900 0.02969 
 2456783.222644 14.53983 0.03859 
 2456783.231944 14.51229 0.03810 
 2456783.246657 14.53543 0.03663 
 2456783.261381 14.51470 0.03667 
 2456783.278531 14.55534 0.03402 
 2456783.293491 14.52681 0.03342 
 2456783.310863 14.52144 0.03311 
 2456783.330346 14.50488 0.03286 
 2456783.350513 14.52414 0.03166 
 2456785.218705 14.52787 0.04258 
 2456785.225727 14.52283 0.04275 
 2456786.219955 14.51461 0.04342 
 2456786.224728 14.51081 0.04272 
 2456786.234882 14.49939 0.04231 
 2456786.245029 14.54442 0.04036 
 2456786.256160 14.50993 0.03996 
 2456786.266260 14.49472 0.03984 
 2456786.276420 14.56132 0.03862 
 2456786.286537 14.51567 0.03914 
 2456794.263988 14.58003 0.05114 
 2456794.281004 14.57211 0.04917 
 2456795.216218 14.51457 0.03995 
 2456795.249598 14.50421 0.03563 
 2456795.266676 14.52417 0.03469 
 2456795.286069 14.49107 0.03835 
 2456795.307805 14.49023 0.04200 
 2456799.280222 14.58357 0.03382 
 2456799.301863 14.58325 0.02612 
 2456800.213037 14.55098 0.03855 
 2456800.245012 14.47645 0.03389 
 2456800.264478 14.50646 0.03615 
 2456800.286150 14.52143 0.03007 
 2456800.305523 14.55424 0.02936 
 2456801.209852 14.57960 0.04337 
 2456801.243591 14.59221 0.04551 
 2456801.264475 14.57382 0.03097 
 2456801.286603 14.54326 0.03055 
 2456801.305889 14.49824 0.02981 
 2456802.262631 14.56739 0.03096 
 2456802.288491 14.53322 0.03013 
 2456803.211934 14.47632 0.03669 
 2456803.260941 14.53772 0.03156 
 2456803.284917 14.49567 0.03772 
 2456805.228722 14.53083 0.03644 
 2456805.248147 14.51030 0.03466 
 2456805.269641 14.53821 0.03523 
 2456807.209681 14.54878 0.03067 
 2456807.216548 14.55604 0.03446 
 2456807.233403 14.57487 0.02972 
 2456808.268373 14.53934 0.03502 
 2456809.208672 14.52832 0.03493 
 2456809.215420 14.50954 0.03384 
 2456809.232403 14.56734 0.03419 
 2456809.249398 14.55872 0.03373 
 2456809.270924 14.54024 0.03378 
 2456812.210212 14.54680 0.03291 
 2456812.219364 14.51286 0.03275 
 2456812.236887 14.53066 0.03076 
 2456812.256364 14.55535 0.03006 
 2456815.248065 14.52987 0.03637 
 2456815.258103 14.45618 0.03916 
 2456815.268307 14.50829 0.03979 
 2456820.209580 14.50310 0.06458 
 2456820.214165 14.48172 0.06468 
 2456820.228951 14.56990 0.06480 
 2456820.243834 14.55743 0.06490 
 2456821.209073 14.55726 0.06938 
 2456821.213634 14.52459 0.06672 
 2456821.228445 14.54601 0.06693 
 2456825.231018 14.58171 0.03043 
 2456825.240376 14.57704 0.03123 
 2456826.231180 14.56181 0.03107 
 2456828.211296 14.55398 0.03135 
 2456828.220545 14.63433 0.03178 
 2456831.211971 14.52688 0.03554 
 2456831.221210 14.53886 0.03837 
 2456832.214706 14.52018 0.03419 
 2456833.211513 14.55526 0.03283 
 2457014.562933 14.55530 0.03439 
 2457015.587690 14.52954 0.03726 
 2457016.556403 14.56463 0.03573 
 2457026.533157 14.56005 0.06080 
 2457026.553112 14.60929 0.05650 
 2457026.572282 14.49802 0.05299 
 2457027.552468 14.46542 0.05941 
 2457032.521732 14.65551 0.04708 
 2457032.534194 14.58881 0.04654 
 2457033.526870 14.54924 0.04319 
 2457033.561046 14.54635 0.04152 
 2457033.580772 14.52772 0.04092 
 2457039.522584 14.54313 0.03547 
 2457039.540463 14.57982 0.03628 
 2457041.490171 14.55581 0.03414 
 2457041.516479 14.57584 0.03317 
 2457041.538189 14.55511 0.03183 
 2457041.560131 14.55275 0.03176 
 2457044.497045 14.56073 0.02962 
 2457044.574771 14.60153 0.03103 
 2457055.451561 14.54995 0.05553 
 2457055.466273 14.56365 0.05500 
 2457055.480879 14.47443 0.05662 
 2457055.495498 14.58739 0.05354 
 2457055.510180 14.57986 0.05197 
 2457056.495307 14.51745 0.05462 
 2457056.518558 14.53951 0.05515 
 2457058.442967 14.53125 0.07001 
 2457060.494738 14.52409 0.05162 
 2457069.412281 14.53069 0.03272 
 2457070.466554 14.53106 0.03338 
 2457070.544848 14.53532 0.03468 
 2457073.489651 14.52503 0.02907 
 2457073.516394 14.52221 0.03077 
 2457074.519622 14.55286 0.02215 
 2457075.447152 14.54276 0.03124 
 2457076.391932 14.52010 0.03450 
 2457076.418252 14.55700 0.03217 
 2457076.457740 14.56756 0.03043 
 2457077.509704 14.54235 0.03101 
 2457084.375704 14.54063 0.05260 
 2457084.388195 14.58395 0.05061 
 2457084.400637 14.53446 0.05045 
 2457084.412987 14.61039 0.04938 
 2457084.425403 14.56367 0.04884 
 2457084.472206 14.56610 0.04768 
 2457084.511010 14.56074 0.04855 
 2457086.368541 14.52123 0.06335 
 2457086.378811 14.54450 0.06247 
 2457086.389008 14.53723 0.06267 
 2457087.407561 14.51736 0.07111 
 2457087.419948 14.53865 0.07139 
 2457087.432412 14.62103 0.07087 
 2457087.444950 14.63504 0.07106 
 2457087.469870 14.56942 0.06694 
 2457087.482516 14.57957 0.06782 
 2457095.364035 14.54969 0.02999 
 2457095.388035 14.57877 0.03007 
 2457097.333809 14.53990 0.03465 
 2457097.360179 14.52486 0.03330 
 2457097.386758 14.54221 0.03275 
 2457097.406021 14.56194 0.03239 
 2457100.342788 14.52475 0.03465 
 2457101.339235 14.52853 0.03160 
 2457101.363193 14.60531 0.02554 
 2457101.382590 14.52386 0.03534 
 2457101.418907 14.55874 0.02925 
 2457101.438506 14.55824 0.03190 
 2457101.460197 14.53857 0.03318 
 2457102.356317 14.49323 0.03389 
 2457102.378247 14.53029 0.03233 
 2457102.395158 14.55506 0.03610 
 2457102.414663 14.52589 0.03120 
 2457103.326333 14.53791 0.03457 
 2457103.353565 14.53530 0.03361 
 2457103.375427 14.54813 0.03237 
 2457103.392370 14.49383 0.03239 
 2457103.415051 14.53677 0.03491 
 2457103.434659 14.53588 0.04373 
 2457103.456476 14.55927 0.03336 
 2457105.317416 14.56204 0.03558 
 2457105.343794 14.52567 0.03236 
 2457105.365712 14.54148 0.03202 
 2457105.382715 14.55796 0.03162 
 2457106.311988 14.52934 0.03821 
 2457106.338417 14.58405 0.03404 
 2457106.360235 14.52851 0.03227 
 2457106.379550 14.58645 0.03136 
 2457106.402147 14.49671 0.03076 
 2457106.421848 14.52006 0.03023 
 2457106.441443 14.55285 0.03011 
 2457106.464156 14.57183 0.03070 
 2457107.318938 14.53265 0.03465 
 2457107.338579 14.53411 0.03299 
 2457107.358132 14.52511 0.03113 
 2457107.377437 14.57749 0.02974 
 2457107.424037 14.53218 0.02868 
 2457107.445842 14.53670 0.02938 
 2457108.308686 14.51620 0.03213 
 2457109.309947 14.54235 0.03793 
 2457109.331786 14.53591 0.03631 
 2457109.350272 14.49553 0.03626 
 2457109.367956 14.52247 0.03492 
 2457110.297749 14.55846 0.04012 
 2457110.312558 14.52421 0.03961 
 2457110.327368 14.50545 0.03898 
 2457110.342214 14.56368 0.03788 
 2457110.357055 14.55120 0.03743 
 2457110.369484 14.55462 0.03598 
 2457110.387686 14.55500 0.03625 
 2457110.402754 14.52647 0.03503 
 2457110.420187 14.53355 0.03500 
 2457110.439747 14.59090 0.03508 
 2457111.296429 14.49783 0.04350 
 2457111.308994 14.56894 0.04266 
 2457111.321616 14.46898 0.04113 
 2457111.334119 14.59183 0.04031 
 2457111.346756 14.54571 0.04034 
 2457111.359393 14.53636 0.04025 
 2457111.371919 14.51875 0.03982 
 2457111.384532 14.55285 0.04086 
 2457111.397061 14.49540 0.03970 
 2457111.423922 14.53324 0.03839 
 2457111.441255 14.46307 0.04046 
 2457112.313987 14.51874 0.04568 
 2457112.326522 14.60337 0.04558 
 2457112.339068 14.55701 0.04389 
 2457112.351669 14.56666 0.04309 
 2457112.364288 14.53330 0.04316 
 2457112.376813 14.55715 0.04284 
 2457112.389349 14.53272 0.04322 
 2457112.404340 14.49598 0.04228 
 2457112.419346 14.51171 0.04174 
 2457112.439097 14.49497 0.04088 
 2457116.295237 14.43635 0.08813 
 2457120.272374 14.50687 0.04410 
 2457120.296710 14.53642 0.05392 
 2457120.318646 14.51290 0.05342 
 2457120.333727 14.57066 0.05457 
 2457120.375831 14.50917 0.05323 
 2457120.400688 14.52871 0.05630 
 2457120.413541 14.57210 0.05463 
 2457120.424011 14.52939 0.05825 
 2457121.272612 14.52775 0.03262 
 2457121.299348 14.52079 0.03492 
 2457121.321420 14.64306 0.04019 
 2457122.329767 14.55367 0.03319 
 2457122.351650 14.53325 0.03779 
 2457122.369077 14.58690 0.03983 
 2457122.386419 14.52244 0.03975 
 2457122.403814 14.51332 0.03949 
 2457124.364582 14.52360 0.03118 
 2457124.374056 14.53888 0.03112 
 2457124.396106 14.57442 0.03121 
 2457125.268451 14.50302 0.03918 
 2457125.295627 14.48343 0.03516 
 2457125.315177 14.54184 0.03428 
 2457125.332260 14.54526 0.03243 
 2457125.355007 14.56390 0.03093 
 2457125.374803 14.56822 0.03108 
 2457125.396809 14.53043 0.03066 
 2457126.270325 14.55578 0.03418 
 2457126.295911 14.51829 0.03239 
 2457126.317432 14.52163 0.03156 
 2457126.333364 14.55278 0.03090 
 2457126.355132 14.59163 0.02946 
 2457126.375839 14.57850 0.02893 
 2457126.400263 14.52596 0.02837 
 2457127.266183 14.58607 0.03404 
 2457127.290385 14.54497 0.03293 
 2457127.350352 14.55783 0.03091 
 2457127.370098 14.54043 0.03109 
 2457127.400774 14.46533 0.03124 
 2457128.265275 14.57547 0.03722 
 2457129.264750 14.50887 0.03650 
 2457129.289001 14.54152 0.03220 
 2457129.308663 14.52662 0.03199 
 2457129.335486 14.54202 0.03053 
 2457129.352830 14.52308 0.03225 
 2457129.372721 14.52824 0.03125 
 2457129.396989 14.53110 0.03224 
 2457130.242809 14.61118 0.03759 
 2457130.270230 14.59892 0.03383 
 2457130.294654 14.52342 0.03263 
 2457130.314139 14.61376 0.03175 
 2457130.337142 14.60558 0.03083 
 2457130.356982 14.57233 0.03013 
 2457131.242569 14.51565 0.03682 
 2457131.269199 14.53473 0.03449 
 2457131.291250 14.52596 0.03294 
 2457131.310827 14.51703 0.03264 
 2457131.333667 14.55267 0.03242 
 2457131.353551 14.50425 0.03207 
 2457131.373467 14.50042 0.03170 
 2457131.396250 14.52502 0.03203 
 2457132.239397 14.56594 0.04202 
 2457132.287884 14.50873 0.03178 
 2457132.379515 14.49962 0.03119 
 2457133.239032 14.56111 0.03817 
 2457133.265518 14.52600 0.03603 
 2457133.299970 14.57763 0.03191 
 2457133.321869 14.50035 0.03013 
 2457133.339102 14.56129 0.02937 
 2457133.371001 14.51049 0.02951 
 2457134.305821 14.56830 0.03391 
 2457134.328553 14.55220 0.03207 
 2457134.348442 14.53782 0.03101 
 2457134.370286 14.53540 0.03118 
 2457135.249362 14.50299 0.03535 
 2457135.266875 14.55803 0.03409 
 2457135.296981 14.52776 0.03173 
 2457135.316681 14.55880 0.03070 
 2457135.334030 14.51409 0.03058 
 2457135.353762 14.59131 0.02993 
 2457135.384247 14.56809 0.03089 
 2457136.227850 14.55468 0.03909 
 2457136.257348 14.65781 0.03635 
 2457136.274762 14.56211 0.03468 
 2457136.291894 14.61529 0.03410 
 2457136.311485 14.60866 0.03285 
 2457136.328819 14.58109 0.03204 
 2457136.348598 14.58977 0.03105 
 2457136.372863 14.62393 0.03025 
 2457137.227063 14.57737 0.03847 
 2457137.236549 14.51933 0.03851 
 2457137.251592 14.48032 0.03722 
 2457137.266598 14.55168 0.03606 
 2457137.281586 14.58394 0.03663 
 2457137.296557 14.56946 0.03493 
 2457137.314932 14.50207 0.03406 
 2457137.330030 14.55994 0.03305 
 2457137.347467 14.52154 0.03270 
 2457137.372331 14.53096 0.03234 
 2457139.239756 14.48257 0.05804 
 2457139.246851 14.49899 0.04300 
 2457139.272202 14.55356 0.08134 
 2457139.323740 14.54221 0.04545 
 2457139.338787 14.52340 0.04091 
 2457139.356035 14.56646 0.04092 
 2457140.224818 14.60334 0.05120 
 2457140.231888 14.49935 0.04736 
 2457140.244491 14.63715 0.04771 
 2457140.257054 14.49203 0.04444 
 2457140.269722 14.51301 0.04781 
 2457140.282330 14.49767 0.04427 
 2457140.295150 14.54504 0.04282 
 2457140.307806 14.57077 0.04156 
 2457140.320533 14.51358 0.04154 
 2457140.335586 14.47284 0.04081 
 2457140.352927 14.45872 0.04103 
 2457140.371115 14.50762 0.03975 
 2457141.222702 14.51852 0.05432 
 2457141.227589 14.59645 0.04976 
 2457141.240306 14.57200 0.04853 
 2457142.228875 14.51525 0.05255 
 2457142.246121 14.50481 0.05059 
 2457142.261129 14.50616 0.04864 
 2457142.284118 14.53827 0.04721 
 2457142.303000 14.61302 0.04753 
 2457143.225171 14.52542 0.06197 
 2457143.230080 14.61999 0.06056 
 2457143.247355 14.59156 0.05896 
 2457143.272739 14.53184 0.05680 
 2457143.280842 14.46193 0.05591 
 2457143.291352 14.51265 0.05566 
 2457143.301881 14.43120 0.05545 
 2457143.312415 14.59360 0.05741 
 2457143.334940 14.50844 0.05498 
 2457143.355266 14.54066 0.05530 
 2457143.363443 14.53782 0.05711 
 2457148.228122 14.52415 0.05593 
 2457148.237516 14.57430 0.05851 
 2457148.254889 14.49702 0.06334 
 2457149.219388 14.54825 0.03724 
 2457149.228834 14.56287 0.03579 
 2457149.250942 14.54960 0.03971 
 2457149.266061 14.54752 0.04574 
 2457149.298576 14.54780 0.04694 
 2457149.318671 14.52403 0.04722 
 2457149.333878 14.45346 0.04951 
 2457149.346788 14.54849 0.04676 
 2457150.218068 14.52844 0.04056 
 2457150.227530 14.53374 0.03768 
 2457150.257021 14.55749 0.02994 
 2457150.279182 14.54516 0.03701 
 2457150.301754 14.51449 0.04195 
 2457150.319149 14.57340 0.04928 
 2457151.219344 14.50076 0.03704 
 2457151.228636 14.60569 0.03555 
 2457151.247955 14.55999 0.03482 
 2457151.274825 14.51366 0.03314 
 2457151.291991 14.56096 0.03278 
 2457151.311859 14.57541 0.03228 
 2457151.336853 14.59028 0.03826 
 2457152.219492 14.55447 0.03683 
 2457152.228720 14.53890 0.03612 
 2457152.291620 14.49674 0.03400 
 2457152.323271 14.58865 0.03160 
 2457153.222930 14.55138 0.03817 
 2457153.251684 14.53839 0.03590 
 2457153.274218 14.50881 0.03480 
 2457153.293615 14.49227 0.03404 
 2457153.313233 14.55862 0.03257 
 2457153.335713 14.56271 0.03128 
 2457154.229909 14.55959 0.03664 
 2457154.264189 14.59082 0.03505 
 2457154.282361 14.54253 0.03577 
 2457154.302422 14.51444 0.03374 
 2457154.331193 14.50703 0.03284 
 2457155.218908 14.52996 0.03679 
 2457155.235540 14.55766 0.03601 
 2457155.252407 14.54258 0.03438 
 2457155.271884 14.54825 0.03362 
 2457155.291402 14.54812 0.03364 
 2457155.321508 14.51548 0.03156 
 2457156.218755 14.53770 0.03726 
 2457156.247606 14.54749 0.03481 
 2457156.270218 14.53982 0.03400 
 2457156.289768 14.53937 0.03275 
 2457156.311432 14.50152 0.03244 
 2457159.216093 14.55049 0.03814 
 2457159.250630 14.53363 0.03695 
 2457159.272856 14.59386 0.03207 
 2457159.292326 14.54837 0.03229 
 2457159.319159 14.55005 0.03170 
 2457160.213627 14.55654 0.03469 
 2457160.247785 14.53068 0.03461 
 2457160.269706 14.55763 0.03328 
 2457161.213929 14.51489 0.04260 
 2457161.252915 14.54949 0.03553 
 2457161.272460 14.50821 0.03491 
 2457161.300841 14.57030 0.03363 
 2457162.216702 14.47700 0.03801 
 2457162.257612 14.49640 0.04192 
 2457162.306316 14.64072 0.03148 
 2457163.214603 14.50632 0.03647 
 2457163.256361 14.51936 0.03309 
 2457163.276123 14.52906 0.03328 
 2457163.300400 14.55324 0.03159 
 2457165.251988 14.51415 0.03336 
 2457165.274129 14.45881 0.03341 
 2457165.302220 14.56705 0.03097 
 2457168.219880 14.51193 0.03840 
 2457168.224481 14.52476 0.03931 
 2457168.234605 14.60233 0.03771 
 2457168.247114 14.62932 0.03742 
 2457168.259610 14.60325 0.03674 
 2457169.212176 14.51750 0.04041 
 2457169.216993 14.51493 0.04001 
 2457169.230368 14.48418 0.04189 
 2457169.253019 14.57497 0.04021 
 2457169.265734 14.51799 0.03787 
 2457169.280470 14.53635 0.03631 
 2457180.210466 14.57397 0.03179 
 2457180.219724 14.54093 0.03136 
 2457180.257907 14.55555 0.03021 
 2457181.209672 14.55905 0.03110 
 2457181.218956 14.54379 0.03081 
 2457181.240656 14.52034 0.03036 
 2457182.208140 14.57967 0.03252 
 2457182.217420 14.56635 0.03185 
 2457182.239132 14.56394 0.03213 
 2457183.207811 14.52021 0.03391 
 2457183.217099 14.48239 0.03312 
 2457183.238901 14.54554 0.03361 
 2457185.245073 14.65754 0.03023 
 2457186.210530 14.53146 0.03110 
 2457187.215096 14.50513 0.03601 
 2457188.212747 14.52064 0.03577 
 2457188.235444 14.53740 0.03814 
 2457191.219936 14.62980 0.03195 
 2457192.210880 14.48991 0.03548 
 2457193.210434 14.54773 0.03429 
 2457193.219668 14.55089 0.03281 
 2457194.211142 14.47743 0.03229 
 2457194.220351 14.54341 0.03192 
 2457195.210772 14.52052 0.03701 
 2457195.220025 14.53467 0.03792 
 2457196.212402 14.58398 0.03651 
 2457197.211353 14.56347 0.03854 
 2457378.575086 14.53470 0.03556 
 2457379.574518 14.53596 0.04002 
 2457380.563276 14.62338 0.06290 
 2457381.562030 14.48437 0.07534 
 2457382.561928 14.45276 0.07612 
 2457383.560817 14.64422 0.06466 
 2457383.575588 14.54274 0.06238 
 2457384.546495 14.56979 0.05954 
 2457384.558944 14.50318 0.05784 
 2457384.571457 14.57677 0.05624 
 2457385.546972 14.49780 0.05478 
 2457385.564496 14.48488 0.05372 
 2457385.577241 14.57239 0.05312 
