\INPUT_FILE = /exodata/ETSS-prep/KELT/doN04/raw/KELT_N04_lc_024754_V01_east_tfa.dat
\INPUT_TYPE = "RAW"
\START_DATE = "Fri Oct 27, 07:24:43 2006"               
\STOP_DATE = "Mon Nov 24, 08:15:02 2008"               
\fixlen = T
\NUMRECORDS = 1670     
\
\ This file was produced by the NASA Exoplanet Archive  http://exoplanetarchive.ipac.caltech.edu 
\ Wed Mar 02, 05:44:40 2016
\ Documentation for the KELT Survey dataset can be found at http://exoplanetarchive.ipac.caltech.edu/docs/KELT.html
\
|          TIME|     MAG|MAG_ERR|
|          real|    real|   real|
|             d|     mag|    mag|
|          null|    null|   null|
 2454035.808833 15.33394 0.02388 
 2454035.813455 15.37539 0.02398 
 2454035.818076 15.35454 0.02386 
 2454035.822697 15.36592 0.02477 
 2454035.827319 15.38025 0.02363 
 2454035.831941 15.36581 0.02287 
 2454035.836563 15.32884 0.02357 
 2454035.841186 15.35955 0.02310 
 2454035.845806 15.37627 0.02291 
 2454035.850427 15.37682 0.02264 
 2454035.855048 15.36467 0.02217 
 2454035.947571 15.35023 0.02250 
 2454037.808447 15.36275 0.02040 
 2454037.813067 15.36305 0.01996 
 2454037.817691 15.34104 0.02134 
 2454037.831554 15.34821 0.01920 
 2454037.836175 15.33229 0.01901 
 2454037.840798 15.36783 0.02101 
 2454037.845418 15.34582 0.01718 
 2454037.850040 15.33393 0.02016 
 2454037.854661 15.34698 0.01822 
 2454037.859283 15.34991 0.01497 
 2454037.863903 15.35326 0.01880 
 2454037.868525 15.34926 0.01821 
 2454037.911053 15.34017 0.01589 
 2454037.934156 15.32116 0.01996 
 2454038.804999 15.37101 0.01747 
 2454038.809621 15.32302 0.01832 
 2454038.814242 15.35133 0.01800 
 2454038.818864 15.33232 0.01878 
 2454038.823486 15.33798 0.01806 
 2454038.828109 15.34111 0.01819 
 2454038.832731 15.34039 0.01746 
 2454038.837351 15.34360 0.01802 
 2454038.841972 15.35572 0.01889 
 2454038.846594 15.34263 0.01792 
 2454038.851216 15.36651 0.01865 
 2454038.855838 15.34475 0.01822 
 2454038.860459 15.33921 0.01832 
 2454038.865080 15.34435 0.01839 
 2454038.870544 15.33680 0.01771 
 2454038.876007 15.34554 0.01810 
 2454038.881470 15.34068 0.01805 
 2454038.886934 15.34969 0.01793 
 2454038.889122 15.33656 0.01773 
 2454038.893745 15.33291 0.01812 
 2454038.898367 15.35495 0.01806 
 2454038.902992 15.34779 0.01807 
 2454038.907612 15.34347 0.01848 
 2454038.912234 15.36016 0.01759 
 2454038.916855 15.35413 0.01846 
 2454038.921475 15.34537 0.01832 
 2454038.926098 15.33492 0.01876 
 2454038.930719 15.37738 0.01827 
 2454038.935340 15.32330 0.01871 
 2454038.939961 15.34954 0.01867 
 2454038.944583 15.37017 0.01867 
 2454040.818191 15.33705 0.02948 
 2454040.822810 15.33962 0.02970 
 2454040.827432 15.35555 0.02916 
 2454040.832053 15.34201 0.02867 
 2454040.836673 15.34854 0.02749 
 2454040.841292 15.35195 0.02814 
 2454040.845912 15.35976 0.02651 
 2454040.850532 15.33961 0.02696 
 2454040.855152 15.35074 0.02669 
 2454040.859772 15.41973 0.02563 
 2454040.865237 15.36937 0.02519 
 2454040.870700 15.36261 0.02586 
 2454040.876163 15.33910 0.02444 
 2454040.878350 15.34650 0.02371 
 2454040.882971 15.36241 0.02248 
 2454040.887591 15.35661 0.02213 
 2454040.892213 15.40099 0.02193 
 2454040.896835 15.35132 0.02145 
 2454040.901459 15.33648 0.02151 
 2454040.906083 15.32128 0.02212 
 2454040.910705 15.34990 0.02186 
 2454040.915326 15.35189 0.02167 
 2454040.919947 15.36863 0.02264 
 2454040.924568 15.36298 0.02177 
 2454040.929191 15.37962 0.02132 
 2454040.933815 15.31570 0.02172 
 2454040.938437 15.36323 0.02211 
 2454041.826614 15.34483 0.02953 
 2454041.831287 15.38909 0.02694 
 2454041.835958 15.34993 0.02822 
 2454041.845297 15.38775 0.02690 
 2454041.860157 15.32086 0.02746 
 2454041.865677 15.33287 0.02736 
 2454041.867865 15.35632 0.02775 
 2454041.877212 15.32041 0.02706 
 2454041.881887 15.35886 0.02649 
 2454041.886559 15.32326 0.02685 
 2454041.891230 15.34891 0.02774 
 2454041.914586 15.35084 0.02223 
 2454041.919257 15.35713 0.02671 
 2454041.928602 15.38600 0.02098 
 2454041.933274 15.34645 0.02170 
 2454051.806438 15.49589 0.02249 
 2454051.810961 15.52470 0.02401 
 2454051.815486 15.53390 0.02397 
 2454051.820008 15.51046 0.02391 
 2454051.824527 15.51126 0.02414 
 2454051.829050 15.50175 0.02276 
 2454051.834414 15.51154 0.02378 
 2454051.839783 15.47946 0.02393 
 2454051.845153 15.48306 0.02334 
 2454051.850522 15.47124 0.02343 
 2454051.868727 15.46211 0.02348 
 2454051.872929 15.39522 0.02382 
 2454051.877131 15.43590 0.02361 
 2454051.881334 15.42499 0.02317 
 2454051.885543 15.40913 0.02292 
 2454051.889744 15.42284 0.02377 
 2454053.812312 15.35237 0.02003 
 2454053.816835 15.34316 0.02002 
 2454053.825876 15.33826 0.01994 
 2454053.831238 15.34829 0.01931 
 2454053.836606 15.36272 0.01943 
 2454053.841976 15.36592 0.01933 
 2454053.858076 15.36378 0.02077 
 2454053.860180 15.31692 0.02162 
 2454053.864695 15.34336 0.02214 
 2454054.772709 15.34018 0.01946 
 2454054.777228 15.37161 0.01897 
 2454054.781752 15.34547 0.01951 
 2454054.786274 15.33274 0.01951 
 2454054.790792 15.36616 0.01914 
 2454054.795316 15.34451 0.01929 
 2454054.799839 15.33790 0.02002 
 2454054.804358 15.36402 0.01915 
 2454054.808881 15.35553 0.01954 
 2454054.813405 15.35849 0.01921 
 2454054.817922 15.33879 0.01922 
 2454054.822444 15.32775 0.01976 
 2454054.827808 15.32952 0.01928 
 2454054.833179 15.33249 0.01961 
 2454054.838548 15.36002 0.02000 
 2454054.843920 15.35560 0.02029 
 2454054.849290 15.35607 0.02035 
 2454054.854661 15.33550 0.02030 
 2454054.856763 15.33872 0.02022 
 2454054.861286 15.32239 0.02040 
 2454054.865804 15.35677 0.01980 
 2454054.870329 15.36418 0.01998 
 2454054.874850 15.35408 0.01996 
 2454054.879368 15.32941 0.02063 
 2454054.883894 15.35409 0.02059 
 2454054.888416 15.35652 0.02077 
 2454054.892933 15.35167 0.02042 
 2454055.772343 15.35037 0.02071 
 2454055.776868 15.32146 0.02070 
 2454055.781390 15.34229 0.02077 
 2454055.785908 15.34948 0.02038 
 2454055.790433 15.34391 0.02013 
 2454055.794955 15.34308 0.02054 
 2454055.799480 15.32939 0.02008 
 2454055.804000 15.34178 0.02016 
 2454055.808523 15.36489 0.01948 
 2454055.813048 15.33885 0.01990 
 2454055.817571 15.35110 0.01972 
 2454055.822937 15.31249 0.02005 
 2454055.828306 15.33447 0.01974 
 2454055.833676 15.33317 0.01950 
 2454055.839046 15.33695 0.01969 
 2454055.844417 15.33684 0.02023 
 2454055.849786 15.34390 0.02015 
 2454055.855157 15.34693 0.01929 
 2454055.857263 15.35106 0.01947 
 2454055.861787 15.32645 0.01903 
 2454055.866310 15.34672 0.01954 
 2454055.870835 15.33252 0.01936 
 2454055.875361 15.33830 0.01915 
 2454055.879880 15.37546 0.01917 
 2454055.884405 15.33162 0.01890 
 2454055.888930 15.32519 0.01914 
 2454055.893452 15.32511 0.01975 
 2454056.767658 15.33813 0.02013 
 2454056.772182 15.32262 0.01946 
 2454056.776704 15.35017 0.02014 
 2454056.781223 15.37394 0.01977 
 2454056.785747 15.34621 0.01941 
 2454056.790272 15.34426 0.01976 
 2454056.794798 15.35286 0.01939 
 2454056.799320 15.33533 0.01982 
 2454056.803845 15.32224 0.02003 
 2454056.808370 15.33173 0.02006 
 2454056.812890 15.33565 0.02006 
 2454056.817413 15.33943 0.02037 
 2454056.822776 15.33900 0.01945 
 2454056.828144 15.33251 0.01960 
 2454056.833514 15.34399 0.01994 
 2454056.838878 15.36072 0.01977 
 2454056.844246 15.34104 0.01941 
 2454056.851720 15.36285 0.01989 
 2454057.768074 15.36648 0.02083 
 2454057.772592 15.34849 0.02063 
 2454057.777117 15.32094 0.02131 
 2454057.781642 15.34321 0.02109 
 2454057.786163 15.33406 0.02081 
 2454057.790682 15.37576 0.02039 
 2454057.795206 15.34103 0.02097 
 2454057.799731 15.36309 0.02024 
 2454057.804254 15.33322 0.02166 
 2454057.808772 15.34425 0.02066 
 2454057.813297 15.35811 0.02001 
 2454057.818668 15.35686 0.01985 
 2454057.824037 15.33911 0.01992 
 2454057.829401 15.36125 0.02005 
 2454057.834769 15.35603 0.02056 
 2454057.840137 15.33783 0.02023 
 2454057.845500 15.34604 0.02070 
 2454057.850869 15.34767 0.02071 
 2454057.852971 15.33549 0.02129 
 2454057.857494 15.35848 0.02059 
 2454057.862014 15.36605 0.02054 
 2454057.866538 15.35586 0.02037 
 2454057.871052 15.35327 0.02097 
 2454057.875573 15.33922 0.02089 
 2454057.880097 15.33259 0.02064 
 2454057.884618 15.35859 0.02055 
 2454057.889142 15.37208 0.02082 
 2454059.758771 15.34497 0.01949 
 2454059.763293 15.33635 0.01968 
 2454059.767818 15.35619 0.01932 
 2454059.772337 15.37828 0.02002 
 2454059.776860 15.35890 0.02027 
 2454059.781376 15.33984 0.01970 
 2454059.785898 15.35862 0.02021 
 2454059.790414 15.36739 0.01907 
 2454059.794938 15.37050 0.01916 
 2454059.799462 15.36167 0.01899 
 2454059.803987 15.35866 0.01982 
 2454059.808505 15.36189 0.01950 
 2454059.813875 15.34768 0.01938 
 2454059.819245 15.37043 0.01932 
 2454059.824606 15.35600 0.01981 
 2454059.829975 15.35010 0.01948 
 2454059.835345 15.32937 0.01927 
 2454059.840716 15.36528 0.01898 
 2454059.842820 15.34743 0.01891 
 2454059.847342 15.34953 0.01999 
 2454059.851868 15.33876 0.01965 
 2454059.856393 15.35394 0.01965 
 2454059.860918 15.36059 0.02019 
 2454059.865444 15.35942 0.01980 
 2454059.869970 15.34503 0.01994 
 2454059.874495 15.35645 0.01974 
 2454059.879021 15.33275 0.01975 
 2454059.883547 15.32401 0.02057 
 2454060.757309 15.36317 0.01909 
 2454060.761835 15.35674 0.01910 
 2454060.766352 15.32509 0.01872 
 2454060.770877 15.36067 0.01873 
 2454060.775403 15.33451 0.01874 
 2454060.779924 15.36898 0.01880 
 2454060.784444 15.34728 0.01884 
 2454060.788968 15.35876 0.01870 
 2454060.793493 15.34562 0.01850 
 2454060.798019 15.31923 0.01858 
 2454060.802543 15.32987 0.01862 
 2454060.807906 15.35191 0.01840 
 2454060.813275 15.35447 0.01791 
 2454060.818645 15.33247 0.01777 
 2454060.824015 15.32848 0.01862 
 2454060.829386 15.34606 0.01836 
 2454060.834756 15.34077 0.01809 
 2454060.840126 15.34974 0.01800 
 2454060.842231 15.34421 0.01822 
 2454060.846748 15.31998 0.01808 
 2454060.851272 15.34510 0.01845 
 2454060.855794 15.33327 0.01845 
 2454060.860319 15.34762 0.01827 
 2454060.864844 15.33553 0.01813 
 2454060.869363 15.33176 0.01823 
 2454060.873887 15.32805 0.01836 
 2454060.878412 15.33359 0.01877 
 2454060.882936 15.33739 0.01875 
 2454061.768735 15.53167 0.01755 
 2454061.773261 15.49480 0.01748 
 2454061.777786 15.48361 0.01780 
 2454061.782312 15.45257 0.01796 
 2454061.786838 15.43926 0.01785 
 2454061.791363 15.40984 0.01789 
 2454061.795888 15.36579 0.01826 
 2454061.800414 15.38043 0.01768 
 2454061.805785 15.37082 0.01782 
 2454061.811148 15.33810 0.01756 
 2454061.816516 15.35522 0.01726 
 2454061.821885 15.35380 0.01759 
 2454061.827255 15.35781 0.01770 
 2454061.832626 15.36691 0.01757 
 2454061.834730 15.33069 0.01798 
 2454061.839253 15.33071 0.01780 
 2454061.843770 15.32717 0.01832 
 2454061.848292 15.35623 0.01785 
 2454061.852810 15.36156 0.01796 
 2454061.857335 15.35711 0.01830 
 2454061.861861 15.35219 0.01840 
 2454061.866386 15.34578 0.01882 
 2454061.870908 15.34761 0.01859 
 2454061.875426 15.33929 0.01917 
 2454061.879951 15.33968 0.01927 
 2454066.761787 15.36001 0.01973 
 2454066.770830 15.36381 0.01912 
 2454066.775356 15.31410 0.01917 
 2454066.779881 15.34396 0.01938 
 2454066.784407 15.34310 0.01986 
 2454066.788932 15.33633 0.01979 
 2454066.794302 15.35274 0.01936 
 2454066.799674 15.34028 0.01958 
 2454066.805043 15.34881 0.01895 
 2454066.810413 15.32618 0.01894 
 2454066.815784 15.32653 0.01949 
 2454066.817888 15.33810 0.01944 
 2454066.822412 15.34166 0.01828 
 2454079.800277 15.34623 0.02782 
 2454081.696498 15.36345 0.02319 
 2454081.701012 15.35502 0.02291 
 2454081.705527 15.31237 0.02258 
 2454081.710050 15.36026 0.02254 
 2454081.714565 15.32991 0.02161 
 2454081.719079 15.32497 0.02213 
 2454081.723598 15.33359 0.02189 
 2454081.728118 15.32433 0.02165 
 2454081.732634 15.34019 0.02208 
 2454081.737156 15.32627 0.02216 
 2454081.744483 15.32048 0.02241 
 2454081.748998 15.36426 0.02246 
 2454081.754361 15.35950 0.02098 
 2454081.759729 15.35488 0.02087 
 2454081.765091 15.32727 0.02068 
 2454081.770459 15.33128 0.02074 
 2454081.775829 15.31423 0.02023 
 2454081.781189 15.36579 0.02054 
 2454081.783298 15.33088 0.02071 
 2454081.787817 15.35840 0.02058 
 2454081.792338 15.32704 0.02107 
 2454081.796856 15.33627 0.02083 
 2454081.801370 15.34505 0.02160 
 2454081.805886 15.35280 0.02191 
 2454081.810408 15.32696 0.02178 
 2454081.814930 15.34673 0.02224 
 2454081.819448 15.31622 0.02343 
 2454081.823962 15.35823 0.02221 
 2454082.764170 15.32341 0.02127 
 2454082.769531 15.33195 0.02069 
 2454082.774892 15.36295 0.02119 
 2454082.777001 15.33860 0.02045 
 2454082.781519 15.35037 0.02101 
 2454082.786035 15.33084 0.02083 
 2454082.790551 15.34230 0.02088 
 2454082.795072 15.35067 0.02124 
 2454082.799586 15.36534 0.02123 
 2454082.804100 15.37490 0.02131 
 2454082.808614 15.34367 0.02179 
 2454082.813128 15.33413 0.02167 
 2454082.817642 15.34378 0.02160 
 2454082.822158 15.32159 0.02131 
 2454083.696402 15.34664 0.02212 
 2454083.714457 15.36503 0.02341 
 2454083.718971 15.32422 0.02191 
 2454083.723485 15.34362 0.02115 
 2454083.739836 15.33498 0.02287 
 2454083.745205 15.31834 0.02159 
 2454083.750571 15.33219 0.02059 
 2454083.755943 15.33189 0.02048 
 2454083.761311 15.34155 0.01980 
 2454083.766672 15.31998 0.02058 
 2454083.772042 15.33317 0.02133 
 2454083.774151 15.30476 0.02115 
 2454083.778670 15.34645 0.02055 
 2454083.783193 15.32733 0.02056 
 2454083.787707 15.31693 0.02089 
 2454083.792221 15.35136 0.02073 
 2454083.796735 15.32030 0.02047 
 2454083.801249 15.35017 0.02017 
 2454083.805763 15.35279 0.02095 
 2454083.810276 15.33349 0.02071 
 2454083.819304 15.34612 0.02014 
 2454093.720082 15.35014 0.02084 
 2454093.759646 15.35885 0.02261 
 2454093.764377 15.35183 0.02122 
 2454093.769106 15.35496 0.02120 
 2454093.773837 15.34312 0.02163 
 2454093.778569 15.34873 0.02162 
 2454094.682033 15.35007 0.02244 
 2454094.686759 15.34474 0.02208 
 2454094.691485 15.36615 0.02157 
 2454094.696213 15.35857 0.02110 
 2454094.700940 15.40523 0.02054 
 2454094.705666 15.31699 0.02005 
 2454094.710392 15.33499 0.02077 
 2454094.715963 15.32794 0.01981 
 2454094.721536 15.32723 0.02030 
 2454094.727106 15.33992 0.02182 
 2454094.732677 15.36592 0.01984 
 2454094.738249 15.35071 0.02100 
 2454094.743820 15.34153 0.02119 
 2454094.746030 15.33167 0.02029 
 2454094.750756 15.36016 0.01988 
 2454094.755482 15.36579 0.02064 
 2454094.760208 15.34822 0.01988 
 2454094.764934 15.34766 0.01998 
 2454094.769694 15.32656 0.01970 
 2454094.774424 15.33743 0.02004 
 2454094.779146 15.33666 0.02130 
 2454094.783867 15.36809 0.02038 
 2454094.788588 15.33248 0.02059 
 2454095.709932 15.36754 0.02161 
 2454095.715502 15.32186 0.02206 
 2454095.721074 15.36480 0.02053 
 2454095.726648 15.35589 0.02096 
 2454095.732219 15.36285 0.01987 
 2454095.734417 15.33852 0.01981 
 2454095.739153 15.37143 0.02001 
 2454095.743879 15.35801 0.02072 
 2454095.748604 15.33248 0.01981 
 2454095.753330 15.33385 0.01805 
 2454095.758055 15.36648 0.01943 
 2454095.762783 15.35532 0.01948 
 2454095.767508 15.33610 0.01909 
 2454095.772229 15.34534 0.01858 
 2454095.776959 15.36629 0.01760 
 2454095.781685 15.33291 0.01875 
 2454095.786411 15.37616 0.01962 
 2454107.621477 15.37491 0.02165 
 2454107.626202 15.33050 0.02166 
 2454108.617407 15.37824 0.02105 
 2454108.622128 15.35443 0.02040 
 2454108.626849 15.36116 0.02099 
 2454108.631568 15.37443 0.02142 
 2454108.636289 15.35813 0.02088 
 2454108.641009 15.39174 0.02111 
 2454108.645729 15.34322 0.02098 
 2454108.650447 15.35828 0.02070 
 2454108.655167 15.35334 0.02061 
 2454108.659886 15.35192 0.02064 
 2454108.664607 15.36446 0.02100 
 2454108.678176 15.35714 0.02006 
 2454108.683740 15.34325 0.01988 
 2454108.689305 15.36897 0.02035 
 2454108.694871 15.36018 0.02039 
 2454108.700437 15.34606 0.02312 
 2454116.649074 15.32535 0.02346 
 2454116.654641 15.35638 0.02071 
 2454116.660207 15.33020 0.02080 
 2454116.665774 15.34125 0.02024 
 2454116.671340 15.32893 0.02175 
 2454116.676906 15.35983 0.02148 
 2454116.679115 15.34299 0.02063 
 2454116.683837 15.33482 0.02002 
 2454116.688560 15.35256 0.02101 
 2454116.693284 15.34085 0.02178 
 2454116.698007 15.34429 0.01900 
 2454116.702729 15.35182 0.02065 
 2454116.707450 15.32490 0.02090 
 2454116.712175 15.35566 0.02129 
 2454116.716896 15.32647 0.02005 
 2454116.721617 15.35554 0.01797 
 2454116.726339 15.32799 0.01974 
 2454116.731060 15.32759 0.01910 
 2454117.600133 15.37240 0.02167 
 2454117.604863 15.31388 0.02361 
 2454117.609592 15.32498 0.02360 
 2454117.614319 15.32315 0.02248 
 2454117.619047 15.34560 0.02176 
 2454117.623772 15.35175 0.02079 
 2454117.628499 15.32354 0.02250 
 2454117.633226 15.34350 0.02147 
 2454117.640234 15.36033 0.02036 
 2454117.644964 15.38500 0.02260 
 2454117.649694 15.35007 0.01997 
 2454117.655269 15.36302 0.02047 
 2454117.660841 15.34872 0.01962 
 2454117.666417 15.35686 0.02065 
 2454117.668624 15.34070 0.01989 
 2454117.673359 15.34002 0.02119 
 2454117.678089 15.33618 0.02128 
 2454117.687549 15.35347 0.01945 
 2454117.701737 15.38129 0.01912 
 2454117.711195 15.32382 0.01926 
 2454117.715922 15.33903 0.02007 
 2454124.685836 15.41910 0.02121 
 2454124.690567 15.41279 0.02164 
 2454124.695297 15.41134 0.02121 
 2454124.700028 15.39045 0.02149 
 2454124.704758 15.41717 0.02118 
 2454124.709487 15.36726 0.02177 
 2454140.605517 15.35314 0.01978 
 2454140.610244 15.34478 0.01922 
 2454140.614971 15.37568 0.01978 
 2454140.619698 15.35691 0.01907 
 2454140.624425 15.36341 0.01877 
 2454140.629152 15.36637 0.01773 
 2454140.633879 15.36199 0.01758 
 2454140.638606 15.34129 0.01877 
 2454140.643331 15.33998 0.01992 
 2454140.648051 15.32434 0.01944 
 2454140.652777 15.35341 0.01859 
 2454140.657510 15.37073 0.01791 
 2454140.662236 15.34832 0.01842 
 2454147.608995 15.34096 0.02230 
 2454147.613723 15.36380 0.02140 
 2454147.623176 15.33693 0.02171 
 2454147.637361 15.38150 0.02056 
 2454147.642089 15.36898 0.02065 
 2454147.646817 15.33299 0.02044 
 2454148.609685 15.36556 0.02163 
 2454148.614413 15.35983 0.01883 
 2454148.619142 15.35678 0.01930 
 2454148.623868 15.32400 0.01988 
 2454148.628598 15.33141 0.01956 
 2454148.633325 15.33421 0.01863 
 2454148.638053 15.32471 0.01945 
 2454148.642780 15.35970 0.01940 
 2454152.611786 15.34695 0.02026 
 2454152.616514 15.36127 0.02030 
 2454152.621239 15.37557 0.01912 
 2454152.625965 15.35084 0.01930 
 2454152.630692 15.34760 0.01933 
 2454362.919918 15.35673 0.01955 
 2454362.924616 15.36796 0.01987 
 2454362.929315 15.33986 0.01958 
 2454362.934010 15.37494 0.01785 
 2454362.938700 15.34607 0.01814 
 2454362.943406 15.35266 0.01946 
 2454362.948103 15.36291 0.01935 
 2454362.952802 15.35653 0.01656 
 2454362.957491 15.34239 0.01650 
 2454363.915932 15.34828 0.01864 
 2454363.920637 15.34874 0.01821 
 2454363.925343 15.36022 0.01833 
 2454363.930050 15.36055 0.01860 
 2454363.934756 15.34952 0.01839 
 2454363.939464 15.37086 0.01792 
 2454363.944171 15.35030 0.01813 
 2454363.948877 15.35342 0.01866 
 2454363.953583 15.39785 0.01845 
 2454363.958290 15.33112 0.01890 
 2454363.962998 15.36463 0.01772 
 2454363.967696 15.37797 0.01915 
 2454363.972411 15.35346 0.01787 
 2454363.977962 15.35665 0.01833 
 2454363.983515 15.34809 0.01813 
 2454363.989069 15.35765 0.01851 
 2454363.994620 15.36475 0.01859 
 2454363.996820 15.32882 0.01823 
 2454378.965419 15.41555 0.02118 
 2454378.967617 15.39924 0.01997 
 2454378.969814 15.40011 0.01976 
 2454378.976412 15.39945 0.02092 
 2454378.978610 15.39868 0.02178 
 2454378.980809 15.38311 0.01997 
 2454378.983007 15.42452 0.01847 
 2454378.985206 15.43905 0.01987 
 2454378.987405 15.44109 0.02048 
 2454378.989603 15.43952 0.01971 
 2454378.991801 15.43571 0.01990 
 2454379.881112 15.36980 0.01980 
 2454379.885819 15.35702 0.02020 
 2454379.890525 15.32492 0.02106 
 2454379.895230 15.35916 0.02084 
 2454379.899935 15.34362 0.02077 
 2454379.904640 15.35516 0.02098 
 2454379.909345 15.38680 0.02102 
 2454379.914051 15.35131 0.02057 
 2454379.918758 15.34205 0.02127 
 2454379.923465 15.30780 0.02016 
 2454379.928171 15.32279 0.02065 
 2454379.932876 15.35595 0.02198 
 2454379.938429 15.32675 0.01959 
 2454379.943980 15.34759 0.01996 
 2454379.946180 15.33179 0.02055 
 2454379.948381 15.30246 0.02033 
 2454379.950580 15.33558 0.01963 
 2454379.952780 15.37685 0.01899 
 2454379.954981 15.34316 0.01932 
 2454379.957181 15.33178 0.01925 
 2454379.959381 15.32970 0.02024 
 2454379.961581 15.33497 0.01998 
 2454379.963781 15.36279 0.01955 
 2454379.965983 15.34840 0.01894 
 2454379.968182 15.34296 0.01904 
 2454379.970382 15.34013 0.01975 
 2454379.972584 15.32979 0.01997 
 2454379.974778 15.34247 0.02022 
 2454379.976986 15.35189 0.01988 
 2454379.979187 15.32792 0.01892 
 2454379.981387 15.34262 0.01868 
 2454379.983587 15.36057 0.01944 
 2454379.985788 15.33615 0.01939 
 2454379.987989 15.33166 0.01997 
 2454379.990190 15.34700 0.01898 
 2454380.911628 15.34240 0.02208 
 2454380.916334 15.34871 0.02127 
 2454380.921033 15.35061 0.01798 
 2454380.931298 15.32255 0.02317 
 2454380.936849 15.32053 0.02204 
 2454380.939049 15.34356 0.02165 
 2454380.943755 15.32486 0.02095 
 2454380.948462 15.36401 0.02098 
 2454380.953168 15.33648 0.02001 
 2454380.957874 15.34137 0.02211 
 2454380.962581 15.33926 0.02239 
 2454380.967288 15.32996 0.02300 
 2454380.971995 15.35779 0.02317 
 2454380.976701 15.37368 0.02185 
 2454380.981408 15.36606 0.02143 
 2454380.986115 15.35391 0.02181 
 2454380.990822 15.33379 0.02051 
 2454380.995528 15.35451 0.02151 
 2454381.866454 15.34218 0.02081 
 2454381.899363 15.34829 0.02101 
 2454381.904066 15.32865 0.02080 
 2454381.908768 15.34349 0.01995 
 2454381.913470 15.34885 0.02148 
 2454381.918172 15.33144 0.01913 
 2454381.922874 15.33157 0.02065 
 2454381.928423 15.31695 0.01933 
 2454381.933973 15.34389 0.01964 
 2454381.939522 15.36495 0.01971 
 2454381.941720 15.33306 0.02002 
 2454381.946424 15.34926 0.01820 
 2454381.951126 15.36173 0.01892 
 2454381.955823 15.34764 0.01876 
 2454381.960531 15.35715 0.01798 
 2454381.965230 15.34862 0.01941 
 2454381.969932 15.35916 0.01808 
 2454381.974632 15.37109 0.01799 
 2454381.979332 15.37141 0.01878 
 2454381.984031 15.37163 0.01925 
 2454381.988731 15.41813 0.01944 
 2454381.993433 15.42199 0.01840 
 2454381.998134 15.44372 0.01867 
 2454382.863117 15.33691 0.02085 
 2454382.867834 15.37080 0.02006 
 2454382.872540 15.34714 0.01904 
 2454382.877236 15.37361 0.01928 
 2454382.881949 15.35755 0.01888 
 2454382.886656 15.34351 0.01830 
 2454382.891363 15.35843 0.01863 
 2454382.896066 15.35777 0.01883 
 2454382.900762 15.35763 0.01872 
 2454382.905480 15.37465 0.01820 
 2454382.910184 15.36044 0.01840 
 2454382.914886 15.35765 0.01904 
 2454382.919596 15.35090 0.01770 
 2454382.924306 15.34587 0.01784 
 2454382.929859 15.37471 0.01727 
 2454382.935410 15.34971 0.01672 
 2454382.937604 15.34649 0.01725 
 2454382.942313 15.36652 0.01520 
 2454382.947018 15.37207 0.01868 
 2454382.994067 15.34316 0.01710 
 2454384.858164 15.36849 0.01903 
 2454384.862877 15.36140 0.01905 
 2454384.867586 15.34241 0.01924 
 2454384.872291 15.35704 0.01893 
 2454384.876988 15.33729 0.01852 
 2454384.881701 15.34721 0.01902 
 2454384.886407 15.39007 0.01846 
 2454384.891113 15.33300 0.01882 
 2454384.895812 15.36310 0.01818 
 2454384.900524 15.38020 0.01857 
 2454384.905233 15.34751 0.01902 
 2454384.909941 15.36785 0.01854 
 2454384.914647 15.36492 0.01840 
 2454384.920198 15.37679 0.01841 
 2454384.925753 15.35121 0.01796 
 2454384.931305 15.37657 0.01926 
 2454384.933505 15.37589 0.01900 
 2454384.938207 15.34470 0.01780 
 2454384.942917 15.33630 0.01872 
 2454384.947623 15.35094 0.01869 
 2454384.952327 15.35456 0.01807 
 2454384.957024 15.35429 0.01976 
 2454384.961736 15.36564 0.01858 
 2454384.966445 15.36627 0.01659 
 2454384.971151 15.35335 0.01774 
 2454384.975846 15.36071 0.01792 
 2454384.980559 15.37049 0.01763 
 2454384.985267 15.32166 0.01788 
 2454384.989974 15.35897 0.01704 
 2454384.994673 15.33650 0.01745 
 2454385.850818 15.36976 0.01832 
 2454385.855522 15.35417 0.01806 
 2454385.860226 15.34204 0.01828 
 2454385.864929 15.36899 0.01802 
 2454385.869633 15.33429 0.01762 
 2454385.874335 15.33823 0.01821 
 2454385.879039 15.35712 0.01890 
 2454385.883743 15.34204 0.01767 
 2454385.888447 15.33026 0.01901 
 2454385.893151 15.34686 0.01881 
 2454385.897857 15.33484 0.01850 
 2454385.907267 15.34649 0.01866 
 2454385.911971 15.34337 0.01822 
 2454385.917522 15.32000 0.01903 
 2454385.923073 15.33681 0.01842 
 2454385.925272 15.33907 0.01825 
 2454385.929978 15.34755 0.01887 
 2454385.934681 15.33500 0.01841 
 2454385.939384 15.34005 0.01822 
 2454385.944089 15.35426 0.01889 
 2454385.948793 15.35231 0.01758 
 2454385.953497 15.32162 0.01842 
 2454385.958201 15.32623 0.01820 
 2454385.962904 15.35305 0.01722 
 2454385.967608 15.35609 0.01775 
 2454385.972312 15.35129 0.01761 
 2454385.977015 15.32461 0.01808 
 2454385.981720 15.35835 0.01831 
 2454385.986423 15.32829 0.01701 
 2454385.991127 15.32749 0.01725 
 2454386.852900 15.34435 0.02000 
 2454386.857603 15.40314 0.02001 
 2454386.862307 15.37653 0.01989 
 2454386.867011 15.35232 0.01946 
 2454386.871715 15.36898 0.01901 
 2454386.876407 15.33143 0.01936 
 2454386.881121 15.32448 0.01935 
 2454386.885825 15.34726 0.01943 
 2454386.890529 15.37996 0.01979 
 2454386.895232 15.32586 0.01917 
 2454386.899936 15.33361 0.01898 
 2454386.904641 15.34396 0.01927 
 2454386.909344 15.34383 0.01884 
 2454386.914894 15.33659 0.01848 
 2454386.920443 15.34552 0.01824 
 2454386.925994 15.33805 0.01842 
 2454386.928193 15.34921 0.01891 
 2454386.932886 15.32793 0.01782 
 2454386.937601 15.36189 0.01839 
 2454386.942307 15.35907 0.01835 
 2454386.947011 15.35648 0.01787 
 2454386.951714 15.36681 0.01908 
 2454386.956418 15.35550 0.01807 
 2454386.961120 15.35685 0.01793 
 2454386.965824 15.34603 0.01867 
 2454386.970527 15.34310 0.01951 
 2454386.975230 15.34394 0.01936 
 2454386.979936 15.37900 0.01782 
 2454386.984639 15.32577 0.01829 
 2454386.989341 15.35860 0.01840 
 2454387.838219 15.33943 0.02081 
 2454387.842922 15.36155 0.02000 
 2454387.847626 15.33158 0.02113 
 2454387.852329 15.35332 0.02085 
 2454387.857034 15.37548 0.01940 
 2454387.861736 15.33712 0.01998 
 2454387.866438 15.35744 0.02053 
 2454387.871141 15.34836 0.01973 
 2454387.875845 15.36395 0.02037 
 2454387.880547 15.35759 0.02059 
 2454387.885253 15.35563 0.01989 
 2454387.889955 15.36837 0.01906 
 2454387.894660 15.37304 0.02017 
 2454387.899364 15.35968 0.01872 
 2454387.904068 15.34786 0.01867 
 2454387.908772 15.39913 0.01958 
 2454387.914321 15.36133 0.01882 
 2454387.916519 15.36234 0.01873 
 2454387.921214 15.34082 0.01914 
 2454387.925928 15.35637 0.01855 
 2454387.930632 15.35061 0.01871 
 2454387.935337 15.35218 0.01828 
 2454387.940041 15.34058 0.01813 
 2454387.944745 15.36148 0.01876 
 2454387.949447 15.35265 0.01908 
 2454387.954149 15.35064 0.01766 
 2454387.958853 15.33652 0.01829 
 2454387.963557 15.35737 0.01935 
 2454387.968260 15.33724 0.01874 
 2454387.972963 15.36245 0.01845 
 2454387.977665 15.34134 0.01757 
 2454387.982369 15.35416 0.01838 
 2454387.987071 15.35251 0.01878 
 2454388.839794 15.34196 0.02148 
 2454388.844506 15.34831 0.02091 
 2454388.849215 15.35391 0.02069 
 2454388.853923 15.35424 0.02059 
 2454388.858611 15.35268 0.02114 
 2454388.863339 15.34883 0.01994 
 2454388.868048 15.32681 0.01989 
 2454388.872755 15.36284 0.01958 
 2454388.877457 15.34093 0.01966 
 2454388.882172 15.35150 0.01922 
 2454388.886884 15.34880 0.01924 
 2454388.891596 15.36849 0.01967 
 2454388.896298 15.35898 0.01947 
 2454388.901005 15.32017 0.01867 
 2454388.905725 15.36101 0.02041 
 2454388.911282 15.36264 0.01908 
 2454388.913479 15.33813 0.01882 
 2454388.918197 15.33743 0.01915 
 2454388.922908 15.35227 0.02016 
 2454388.927609 15.34439 0.01844 
 2454388.932329 15.35102 0.01994 
 2454388.937040 15.32092 0.01939 
 2454388.941752 15.34886 0.01815 
 2454388.946440 15.36783 0.01911 
 2454388.951167 15.35313 0.01897 
 2454388.955877 15.34876 0.01893 
 2454388.960584 15.31126 0.01987 
 2454388.965286 15.33193 0.01981 
 2454388.969988 15.36302 0.02019 
 2454388.974712 15.34649 0.01761 
 2454388.979423 15.34181 0.01911 
 2454388.984127 15.34726 0.01950 
 2454389.837259 15.36705 0.02086 
 2454389.841946 15.35227 0.02180 
 2454389.846632 15.39111 0.02173 
 2454389.851319 15.35828 0.02144 
 2454389.856005 15.33788 0.02152 
 2454389.860690 15.33973 0.02094 
 2454389.865377 15.34261 0.02108 
 2454389.870063 15.33165 0.02051 
 2454389.874750 15.35441 0.01986 
 2454389.879437 15.35816 0.02049 
 2454389.884128 15.33207 0.02009 
 2454389.888816 15.34132 0.01983 
 2454389.893503 15.35209 0.02124 
 2454389.898190 15.36711 0.01943 
 2454389.902877 15.33838 0.02089 
 2454389.908407 15.35580 0.02010 
 2454389.910598 15.34707 0.01980 
 2454389.915285 15.34845 0.02031 
 2454389.919971 15.34503 0.02002 
 2454389.924658 15.34219 0.01893 
 2454389.929346 15.34682 0.01978 
 2454389.934032 15.37801 0.01961 
 2454389.938718 15.35878 0.01906 
 2454389.943404 15.36548 0.01971 
 2454389.948092 15.35904 0.01982 
 2454389.952778 15.33165 0.01847 
 2454389.957465 15.35863 0.01948 
 2454389.962151 15.33330 0.01935 
 2454389.966840 15.37856 0.01925 
 2454389.971527 15.34119 0.01930 
 2454389.976205 15.34901 0.01823 
 2454389.980900 15.35629 0.01910 
 2454390.850886 15.34625 0.02248 
 2454390.869672 15.34250 0.02247 
 2454390.874412 15.34095 0.02254 
 2454390.902637 15.34227 0.02161 
 2454390.908196 15.35473 0.02165 
 2454390.910396 15.35350 0.02162 
 2454390.915094 15.35868 0.02123 
 2454390.919808 15.33797 0.02106 
 2454390.924514 15.32801 0.02260 
 2454390.929220 15.34760 0.02168 
 2454390.933883 15.34406 0.02052 
 2454390.938632 15.33787 0.02223 
 2454390.943334 15.35623 0.02192 
 2454390.948037 15.35178 0.01918 
 2454390.952738 15.36540 0.02138 
 2454390.957450 15.36354 0.02126 
 2454390.962155 15.36672 0.02112 
 2454390.966859 15.33111 0.02066 
 2454390.971555 15.31014 0.02044 
 2454390.976268 15.32953 0.02095 
 2454391.837944 15.37421 0.02182 
 2454391.842660 15.35662 0.02141 
 2454391.847369 15.34166 0.02064 
 2454391.852079 15.35786 0.02147 
 2454391.856787 15.33849 0.02126 
 2454391.861495 15.35284 0.02080 
 2454391.866204 15.34434 0.02133 
 2454391.870912 15.33782 0.02081 
 2454391.875620 15.34986 0.02014 
 2454391.880320 15.33190 0.02100 
 2454391.885041 15.37033 0.02154 
 2454391.889751 15.36614 0.02083 
 2454391.894461 15.36012 0.02035 
 2454391.899164 15.36382 0.02175 
 2454391.904727 15.35405 0.02110 
 2454391.906929 15.35187 0.02082 
 2454391.911632 15.32755 0.02128 
 2454391.916351 15.34321 0.02020 
 2454391.921060 15.34506 0.02063 
 2454391.925762 15.36896 0.02120 
 2454391.930467 15.35116 0.02090 
 2454391.935189 15.35094 0.02039 
 2454391.939900 15.35560 0.02017 
 2454391.944610 15.34651 0.01914 
 2454391.949311 15.35749 0.02021 
 2454391.954029 15.38365 0.02075 
 2454391.958737 15.35233 0.02097 
 2454391.963446 15.35661 0.01990 
 2454391.968149 15.35831 0.02011 
 2454391.972865 15.35189 0.02067 
 2454391.977573 15.35978 0.02060 
 2454392.828094 15.32133 0.02139 
 2454392.832795 15.37637 0.02079 
 2454392.837513 15.32408 0.02089 
 2454392.842223 15.34673 0.02061 
 2454392.846933 15.35826 0.01961 
 2454392.851623 15.34873 0.02022 
 2454392.856352 15.33027 0.02078 
 2454392.861062 15.32264 0.01992 
 2454392.865772 15.32654 0.01989 
 2454392.870474 15.34001 0.02039 
 2454392.875190 15.37174 0.01993 
 2454392.879902 15.32393 0.02018 
 2454392.884612 15.35797 0.02039 
 2454392.889313 15.34552 0.01884 
 2454392.894030 15.35140 0.02056 
 2454392.899589 15.34176 0.02016 
 2454392.905144 15.34181 0.02013 
 2454392.907346 15.34986 0.02085 
 2454392.912050 15.37021 0.02025 
 2454392.916767 15.34353 0.02029 
 2454392.921476 15.37118 0.02067 
 2454392.926184 15.34327 0.01997 
 2454392.930884 15.33715 0.02021 
 2454392.935607 15.32985 0.02086 
 2454392.940318 15.35136 0.01974 
 2454392.945019 15.36186 0.02049 
 2454392.949735 15.34523 0.02073 
 2454392.954447 15.33734 0.02113 
 2454392.959157 15.36979 0.02034 
 2454392.963866 15.31358 0.01859 
 2454392.968567 15.34534 0.01976 
 2454392.973284 15.33023 0.02022 
 2454394.861486 15.35758 0.02002 
 2454394.866195 15.37031 0.01964 
 2454394.870906 15.37829 0.01918 
 2454394.875608 15.38411 0.01902 
 2454394.880327 15.32345 0.01946 
 2454394.885038 15.34391 0.01820 
 2454394.891951 15.35022 0.01860 
 2454394.896661 15.32959 0.01834 
 2454394.901365 15.38945 0.01856 
 2454394.906085 15.36687 0.01941 
 2454394.910795 15.34159 0.01838 
 2454394.915505 15.35267 0.01854 
 2454394.920213 15.34467 0.01908 
 2454394.924913 15.36467 0.01906 
 2454394.929635 15.34664 0.01962 
 2454394.934344 15.36204 0.01941 
 2454394.939047 15.34850 0.01737 
 2454394.943764 15.34146 0.01825 
 2454394.948476 15.32014 0.01866 
 2454394.953186 15.35914 0.01845 
 2454394.957888 15.34739 0.01902 
 2454394.962603 15.36375 0.01931 
 2454395.906892 15.34041 0.02309 
 2454395.939824 15.35227 0.02125 
 2454395.944542 15.34790 0.02168 
 2454395.949248 15.34974 0.02113 
 2454395.953953 15.32650 0.02108 
 2454395.958650 15.34530 0.02203 
 2454395.963371 15.38576 0.02148 
 2454396.948446 15.35890 0.02159 
 2454396.953149 15.33845 0.02039 
 2454396.957844 15.33652 0.02063 
 2454396.962556 15.34400 0.02115 
 2454407.790657 15.34004 0.02046 
 2454407.795368 15.35025 0.02062 
 2454407.842468 15.32051 0.02125 
 2454407.857442 15.35813 0.01987 
 2454407.862999 15.34445 0.01950 
 2454407.865201 15.33161 0.01888 
 2454407.869912 15.35772 0.01881 
 2454407.874623 15.35558 0.02008 
 2454407.879334 15.36294 0.01985 
 2454407.884045 15.34857 0.02030 
 2454407.888755 15.35941 0.01979 
 2454407.893466 15.35261 0.02066 
 2454407.898176 15.37435 0.01997 
 2454407.902888 15.35232 0.01892 
 2454407.907598 15.35374 0.02033 
 2454407.912310 15.34560 0.02009 
 2454407.917020 15.35619 0.01990 
 2454407.921731 15.32296 0.02042 
 2454407.926441 15.33296 0.01919 
 2454407.931152 15.35590 0.02004 
 2454408.830248 15.38321 0.02017 
 2454408.834957 15.36241 0.02040 
 2454408.839660 15.33790 0.02104 
 2454408.844377 15.34867 0.01968 
 2454408.849085 15.36387 0.02127 
 2454408.854639 15.35319 0.02027 
 2454408.860194 15.33025 0.02030 
 2454408.865749 15.34850 0.02009 
 2454408.867951 15.35104 0.01958 
 2454408.872661 15.32254 0.02082 
 2454408.877371 15.36225 0.02088 
 2454408.882082 15.34451 0.01986 
 2454408.886791 15.35963 0.01999 
 2454408.891499 15.33782 0.02053 
 2454408.896209 15.33159 0.01901 
 2454408.900917 15.35075 0.02027 
 2454408.905627 15.33595 0.02056 
 2454408.910336 15.35311 0.02127 
 2454408.915046 15.33882 0.01949 
 2454408.919755 15.36702 0.01928 
 2454408.924463 15.33840 0.02075 
 2454408.929173 15.33295 0.02027 
 2454409.785421 15.32758 0.02044 
 2454409.790131 15.31418 0.01960 
 2454409.794840 15.33707 0.01930 
 2454409.799551 15.34876 0.01926 
 2454409.804259 15.33605 0.01903 
 2454409.808969 15.33902 0.01889 
 2454409.813677 15.31843 0.01909 
 2454409.818387 15.36280 0.01989 
 2454409.823097 15.34607 0.02002 
 2454409.827805 15.33255 0.01938 
 2454409.832512 15.33734 0.01931 
 2454409.837236 15.35085 0.01944 
 2454409.841945 15.33556 0.01915 
 2454409.846654 15.35202 0.02076 
 2454409.852207 15.34882 0.01980 
 2454409.857764 15.37003 0.01973 
 2454409.859966 15.36446 0.01966 
 2454409.864673 15.35001 0.01920 
 2454409.869375 15.34074 0.02014 
 2454409.874094 15.32166 0.02002 
 2454409.878805 15.34691 0.01899 
 2454409.883515 15.33590 0.02121 
 2454409.888225 15.35851 0.02066 
 2454409.892935 15.35933 0.01878 
 2454409.897645 15.36746 0.02079 
 2454409.902354 15.36227 0.02003 
 2454409.907063 15.35301 0.01977 
 2454409.911772 15.32175 0.01963 
 2454409.916483 15.36145 0.01919 
 2454409.921193 15.35918 0.02071 
 2454409.925903 15.34808 0.01992 
 2454410.847816 15.30800 0.01899 
 2454410.853369 15.34105 0.01771 
 2454410.858923 15.33578 0.01854 
 2454410.861118 15.35538 0.01857 
 2454410.865833 15.34371 0.01740 
 2454410.870543 15.34976 0.01849 
 2454410.875242 15.36066 0.01821 
 2454410.879958 15.34875 0.01592 
 2454410.884670 15.34560 0.01868 
 2454410.894080 15.32809 0.02186 
 2454410.898798 15.33179 0.02069 
 2454410.903508 15.32757 0.01794 
 2454410.912928 15.34991 0.01634 
 2454410.917629 15.34234 0.01614 
 2454410.922348 15.36422 0.01889 
 2454412.781297 15.34482 0.01804 
 2454412.785975 15.34401 0.01963 
 2454412.790710 15.34113 0.02149 
 2454412.795421 15.34658 0.01900 
 2454412.800131 15.33559 0.01947 
 2454412.804832 15.34823 0.01872 
 2454412.809549 15.35477 0.01970 
 2454412.814260 15.37033 0.01957 
 2454412.818968 15.35325 0.01865 
 2454412.833096 15.35167 0.01856 
 2454412.837805 15.33403 0.01956 
 2454412.842513 15.36618 0.01712 
 2454412.853622 15.33990 0.01883 
 2454412.855825 15.35385 0.01829 
 2454412.860529 15.35477 0.01956 
 2454412.865230 15.34103 0.01915 
 2454412.869954 15.37007 0.01792 
 2454412.874664 15.35790 0.01987 
 2454412.879364 15.36587 0.01806 
 2454412.884081 15.36158 0.01730 
 2454412.888791 15.33536 0.01840 
 2454412.893500 15.32904 0.01740 
 2454412.898209 15.36367 0.01784 
 2454412.902908 15.35804 0.01726 
 2454412.907625 15.34476 0.01708 
 2454412.912334 15.35892 0.01832 
 2454412.917043 15.34711 0.01785 
 2454413.783571 15.33826 0.01939 
 2454413.788274 15.33444 0.02032 
 2454413.792987 15.34101 0.02013 
 2454413.797699 15.36123 0.01920 
 2454413.802409 15.37813 0.01953 
 2454413.807118 15.35249 0.01973 
 2454413.811818 15.35765 0.01859 
 2454413.816537 15.35956 0.01871 
 2454413.821245 15.35003 0.01840 
 2454413.825954 15.32861 0.01821 
 2454413.830654 15.33418 0.01896 
 2454413.835372 15.33451 0.01929 
 2454413.840082 15.34391 0.01865 
 2454413.845637 15.32454 0.01851 
 2454413.851191 15.32939 0.01823 
 2454413.853375 15.32174 0.01792 
 2454413.858104 15.34721 0.01991 
 2454413.862802 15.32561 0.01794 
 2454413.867518 15.34262 0.01829 
 2454413.872230 15.35275 0.01960 
 2454413.876940 15.34761 0.01852 
 2454413.881629 15.33606 0.01664 
 2454413.886357 15.34541 0.01827 
 2454413.891071 15.35626 0.01793 
 2454413.895781 15.35622 0.01599 
 2454413.900489 15.35327 0.01753 
 2454413.905177 15.33210 0.01780 
 2454413.909906 15.37603 0.01869 
 2454413.914614 15.34931 0.01825 
 2454414.805156 15.36088 0.02019 
 2454414.828711 15.37423 0.02170 
 2454416.775157 15.34377 0.01835 
 2454416.779666 15.33696 0.01864 
 2454416.784183 15.36921 0.01832 
 2454416.788688 15.35795 0.01819 
 2454416.793210 15.34614 0.01854 
 2454416.797718 15.34992 0.01814 
 2454416.802237 15.37342 0.01846 
 2454416.806741 15.36863 0.01781 
 2454416.811265 15.36107 0.01839 
 2454416.815778 15.36428 0.01793 
 2454416.820293 15.36562 0.01738 
 2454416.824807 15.34012 0.01845 
 2454416.829320 15.35469 0.01787 
 2454416.834681 15.36765 0.01729 
 2454416.840043 15.36741 0.01821 
 2454416.845403 15.35569 0.01701 
 2454416.847510 15.34698 0.01710 
 2454416.852023 15.33379 0.01806 
 2454416.856541 15.35080 0.01864 
 2454416.861046 15.34393 0.01744 
 2454416.865567 15.35714 0.01856 
 2454416.870081 15.34209 0.01785 
 2454416.874592 15.34060 0.01763 
 2454416.879106 15.35172 0.01741 
 2454416.883618 15.33846 0.01779 
 2454416.888131 15.33869 0.01810 
 2454416.892644 15.37330 0.01774 
 2454416.897155 15.37806 0.01778 
 2454416.901661 15.33963 0.01918 
 2454416.906182 15.37226 0.01806 
 2454417.755444 15.37246 0.02143 
 2454417.759960 15.35015 0.02020 
 2454417.764475 15.33988 0.02116 
 2454417.768987 15.37355 0.02176 
 2454417.773500 15.35314 0.01970 
 2454417.778012 15.35608 0.02113 
 2454417.782525 15.36591 0.02033 
 2454417.787032 15.36481 0.02031 
 2454417.791552 15.35922 0.02035 
 2454417.796067 15.36070 0.02011 
 2454417.800580 15.32206 0.02066 
 2454417.805092 15.36584 0.02004 
 2454417.809607 15.33688 0.01907 
 2454417.814119 15.34242 0.02041 
 2454417.818633 15.37709 0.01924 
 2454417.823145 15.35760 0.01939 
 2454417.827658 15.36736 0.01943 
 2454417.829762 15.32633 0.02031 
 2454417.834277 15.34025 0.02011 
 2454417.838792 15.32754 0.01971 
 2454417.843305 15.34451 0.01867 
 2454417.847818 15.34923 0.01895 
 2454417.852330 15.34755 0.02066 
 2454417.856843 15.34570 0.01964 
 2454417.861356 15.35687 0.01904 
 2454417.865868 15.37176 0.01985 
 2454417.870383 15.34842 0.01892 
 2454417.874895 15.34177 0.01813 
 2454417.879408 15.34538 0.01914 
 2454417.883921 15.33445 0.01890 
 2454417.888435 15.35107 0.01881 
 2454417.892948 15.33043 0.01824 
 2454417.897463 15.32490 0.01857 
 2454418.754720 15.32308 0.02052 
 2454418.759225 15.34495 0.02027 
 2454418.763750 15.34907 0.02077 
 2454418.768262 15.33828 0.02033 
 2454418.772776 15.32314 0.02068 
 2454418.777289 15.33726 0.01954 
 2454418.781802 15.36603 0.01997 
 2454418.786316 15.34250 0.01976 
 2454418.790828 15.32289 0.01958 
 2454418.795340 15.36162 0.01973 
 2454418.799847 15.33693 0.01948 
 2454418.804367 15.37215 0.02024 
 2454418.808873 15.33875 0.01867 
 2454418.813394 15.34533 0.01883 
 2454418.817901 15.32951 0.01936 
 2454418.822422 15.34002 0.01889 
 2454418.824527 15.31461 0.01927 
 2454418.829034 15.34974 0.01976 
 2454418.833558 15.33767 0.01952 
 2454418.838067 15.35682 0.01904 
 2454418.842585 15.32609 0.01938 
 2454418.847097 15.35664 0.01869 
 2454418.851610 15.31457 0.01909 
 2454418.856120 15.36419 0.01877 
 2454418.860637 15.32015 0.01886 
 2454418.865145 15.33720 0.01820 
 2454418.869663 15.34730 0.01867 
 2454418.874167 15.33213 0.01899 
 2454418.878690 15.34485 0.01840 
 2454418.883193 15.35165 0.01840 
 2454418.887717 15.33021 0.01834 
 2454418.892221 15.33438 0.01929 
 2454418.896743 15.33590 0.01841 
 2454419.750468 15.31476 0.01945 
 2454419.754983 15.32071 0.01940 
 2454419.759492 15.33968 0.01937 
 2454419.764010 15.34319 0.01968 
 2454419.768524 15.35106 0.01991 
 2454419.773036 15.37341 0.01949 
 2454419.777548 15.33388 0.01994 
 2454419.782062 15.32005 0.01996 
 2454419.786575 15.36229 0.02137 
 2454419.791090 15.36102 0.01952 
 2454419.795603 15.36568 0.01909 
 2454419.800115 15.34639 0.01948 
 2454419.804629 15.34549 0.01868 
 2454419.829298 15.35489 0.01829 
 2454421.749876 15.33455 0.02353 
 2454421.754391 15.36637 0.02400 
 2454421.758904 15.36564 0.02239 
 2454421.763416 15.31486 0.02282 
 2454421.767928 15.33194 0.02235 
 2454421.772441 15.34315 0.02175 
 2454421.776956 15.34854 0.02212 
 2454421.781470 15.33762 0.02207 
 2454421.785984 15.35057 0.02153 
 2454421.790497 15.36451 0.02198 
 2454421.795010 15.33115 0.02216 
 2454421.799523 15.38135 0.02116 
 2454421.804038 15.32421 0.02079 
 2454421.808551 15.34224 0.02247 
 2454421.813058 15.35772 0.02018 
 2454421.817578 15.34002 0.02192 
 2454421.819682 15.33791 0.02173 
 2454421.824197 15.35159 0.02139 
 2454421.828711 15.35372 0.02036 
 2454421.833223 15.35316 0.02139 
 2454421.837739 15.35147 0.01929 
 2454421.842252 15.35325 0.01997 
 2454421.846765 15.36592 0.02106 
 2454421.851279 15.35597 0.01889 
 2454421.855793 15.35899 0.02041 
 2454421.860305 15.35384 0.02056 
 2454421.864818 15.36247 0.01858 
 2454421.869330 15.35510 0.01990 
 2454421.873843 15.33184 0.02048 
 2454421.878356 15.34934 0.02002 
 2454421.882869 15.34872 0.02047 
 2454421.887383 15.35373 0.01933 
 2454423.740903 15.33179 0.02760 
 2454423.745420 15.36054 0.02723 
 2454423.749934 15.35568 0.02706 
 2454423.754447 15.35667 0.02493 
 2454423.758960 15.34458 0.02586 
 2454423.763472 15.36939 0.02596 
 2454423.767985 15.37656 0.02643 
 2454423.772489 15.40538 0.02567 
 2454423.777012 15.33823 0.02460 
 2454423.781523 15.35011 0.02506 
 2454423.786039 15.39177 0.02476 
 2454423.790551 15.37730 0.02474 
 2454423.795065 15.32652 0.02376 
 2454423.799576 15.36547 0.02505 
 2454423.804089 15.31572 0.02363 
 2454423.808601 15.35414 0.02352 
 2454423.813963 15.36464 0.02193 
 2454423.816072 15.34026 0.02127 
 2454423.820589 15.34792 0.02175 
 2454423.825103 15.33005 0.02050 
 2454423.829619 15.34482 0.02165 
 2454423.834133 15.34174 0.02065 
 2454423.838646 15.36069 0.01908 
 2454423.843160 15.35765 0.02102 
 2454423.847673 15.33693 0.01938 
 2454423.852187 15.37125 0.01816 
 2454423.856700 15.32045 0.01920 
 2454423.861213 15.34825 0.01840 
 2454423.865725 15.34921 0.01814 
 2454423.870239 15.34973 0.01821 
 2454423.874752 15.33831 0.01749 
 2454423.879265 15.34186 0.01865 
 2454423.883777 15.34011 0.01849 
 2454424.737328 15.36604 0.02790 
 2454424.741851 15.33436 0.02770 
 2454424.746363 15.37687 0.02764 
 2454424.750880 15.35234 0.02728 
 2454424.755393 15.35258 0.02672 
 2454424.759907 15.31719 0.02815 
 2454424.764417 15.33382 0.02719 
 2454424.768934 15.35662 0.02629 
 2454424.773444 15.36811 0.02609 
 2454424.777960 15.36864 0.02559 
 2454424.782465 15.33793 0.02613 
 2454424.786987 15.34818 0.02496 
 2454424.791490 15.35181 0.02547 
 2454424.796013 15.37969 0.02514 
 2454424.800518 15.35009 0.02693 
 2454424.805040 15.32811 0.02332 
 2454424.809554 15.35687 0.02501 
 2454424.811652 15.34221 0.02452 
 2454424.816172 15.30786 0.02493 
 2454424.820687 15.34336 0.02337 
 2454424.825200 15.34265 0.02372 
 2454424.829713 15.36150 0.02385 
 2454424.843244 15.34308 0.02113 
 2454425.832958 15.41844 0.02776 
 2454425.837473 15.41009 0.02863 
 2454425.841986 15.37564 0.02677 
 2454425.846500 15.40615 0.02963 
 2454425.851015 15.41304 0.02762 
 2454425.855521 15.35518 0.02567 
 2454425.860042 15.35348 0.02784 
 2454425.864548 15.33092 0.02707 
 2454425.869068 15.34051 0.02826 
 2454425.873575 15.40108 0.02710 
 2454425.878097 15.30639 0.02472 
 2454425.882603 15.33709 0.02681 
 2454437.716247 15.47668 0.02021 
 2454437.720760 15.47069 0.01947 
 2454437.725273 15.43085 0.02018 
 2454437.734301 15.45602 0.02023 
 2454437.738813 15.44787 0.01940 
 2454437.743328 15.45302 0.01925 
 2454437.747839 15.40697 0.01958 
 2454437.752354 15.43000 0.01968 
 2454437.756867 15.45110 0.01972 
 2454437.761379 15.44268 0.01941 
 2454437.765894 15.38846 0.01938 
 2454437.770407 15.40089 0.01974 
 2454437.775762 15.39083 0.01991 
 2454437.777861 15.39430 0.01943 
 2454437.782383 15.38537 0.01935 
 2454437.786898 15.38734 0.01897 
 2454437.791413 15.39303 0.01899 
 2454437.795927 15.38608 0.01980 
 2454437.800441 15.37878 0.01916 
 2454437.804954 15.37149 0.01879 
 2454437.809467 15.37638 0.02004 
 2454437.813980 15.38015 0.01905 
 2454437.818492 15.33892 0.01763 
 2454437.823005 15.36318 0.01911 
 2454437.827518 15.34286 0.02030 
 2454437.832034 15.35126 0.01936 
 2454437.836545 15.36553 0.01874 
 2454437.841058 15.37222 0.01862 
 2454437.845572 15.34095 0.01919 
 2454437.850085 15.34999 0.01914 
 2454439.720118 15.35191 0.01884 
 2454439.724689 15.36248 0.01930 
 2454439.729284 15.33993 0.01932 
 2454439.733859 15.31646 0.01893 
 2454439.742993 15.36068 0.01891 
 2454439.747566 15.36719 0.01915 
 2454439.752142 15.32979 0.01828 
 2454439.756721 15.33305 0.01885 
 2454439.761289 15.32732 0.01907 
 2454439.765867 15.33842 0.01780 
 2454439.771289 15.34176 0.01847 
 2454439.787944 15.32418 0.01890 
 2454439.792457 15.34551 0.01832 
 2454439.796971 15.34099 0.01866 
 2454439.805997 15.33762 0.01774 
 2454439.815024 15.35727 0.01899 
 2454439.819537 15.34467 0.01728 
 2454439.824051 15.33484 0.01862 
 2454439.828564 15.33572 0.01798 
 2454439.833077 15.33243 0.01850 
 2454439.837592 15.37094 0.01860 
 2454439.842104 15.31655 0.01752 
 2454439.846620 15.33689 0.01830 
 2454464.739056 15.35136 0.01888 
 2454464.766127 15.35036 0.01794 
 2454464.770650 15.33728 0.01823 
 2454464.775163 15.38790 0.01888 
 2454465.716468 15.34379 0.02037 
 2454496.587236 15.32618 0.02279 
 2454496.624210 15.31552 0.01898 
 2454496.631178 15.30910 0.01834 
 2454496.638138 15.34924 0.01878 
 2454496.645089 15.33282 0.01824 
 2454496.652079 15.32122 0.01897 
 2454496.659048 15.34736 0.01813 
 2454496.666029 15.33011 0.01574 
 2454497.588723 15.31871 0.02187 
 2454497.595681 15.32613 0.02209 
 2454497.600256 15.36591 0.01980 
 2454497.607222 15.32997 0.01991 
 2454497.614177 15.34138 0.01997 
 2454497.621133 15.33873 0.02030 
 2454497.628089 15.32896 0.01935 
 2454497.642004 15.34503 0.01941 
 2454498.627874 15.50778 0.01890 
 2454498.634827 15.46845 0.01832 
 2454498.641792 15.44084 0.01801 
 2454498.648749 15.40624 0.01777 
 2454498.655719 15.38755 0.01768 
 2454498.662673 15.37474 0.01849 
 2454498.669630 15.32251 0.01806 
 2454724.932644 15.38755 0.03918 
 2454724.940576 15.33379 0.03965 
 2454724.948498 15.34865 0.03804 
 2454724.956421 15.35586 0.03902 
 2454724.964345 15.32048 0.03800 
 2454724.972266 15.33121 0.03857 
 2454724.979964 15.34958 0.03643 
 2454724.987673 15.32901 0.03435 
 2454724.995375 15.36453 0.03408 
 2454725.003071 15.37910 0.03680 
 2454727.911400 15.36932 0.03314 
 2454727.913585 15.31479 0.03311 
 2454727.915794 15.36225 0.03302 
 2454727.917982 15.36647 0.03504 
 2454727.920190 15.37969 0.03388 
 2454727.924576 15.36488 0.03348 
 2454727.926785 15.33417 0.03412 
 2454727.928981 15.36281 0.03509 
 2454727.931190 15.35727 0.03381 
 2454727.933389 15.35099 0.03178 
 2454727.935579 15.32413 0.03234 
 2454727.937788 15.33861 0.03171 
 2454727.939977 15.34912 0.03219 
 2454727.942187 15.31643 0.03159 
 2454727.944387 15.34385 0.03122 
 2454727.946573 15.34988 0.03127 
 2454727.948781 15.32041 0.03147 
 2454727.950967 15.32613 0.03216 
 2454727.953179 15.34634 0.03163 
 2454727.955377 15.30585 0.03099 
 2454727.957570 15.31296 0.03135 
 2454727.962293 15.33007 0.03121 
 2454727.967009 15.35770 0.03129 
 2454727.971725 15.35958 0.03142 
 2454727.976435 15.35734 0.03145 
 2454727.981160 15.36360 0.03005 
 2454727.985880 15.32728 0.03018 
 2454727.990599 15.36016 0.02929 
 2454727.995316 15.32194 0.03030 
 2454728.000031 15.32954 0.03102 
 2454728.004749 15.29453 0.03224 
 2454728.009455 15.32822 0.03506 
 2454734.868744 15.38148 0.01857 
 2454734.878696 15.35459 0.02022 
 2454734.888650 15.32816 0.01983 
 2454734.898607 15.34434 0.01843 
 2454734.911043 15.37125 0.01888 
 2454734.923465 15.34046 0.01925 
 2454734.935902 15.32398 0.01881 
 2454734.945849 15.32921 0.01809 
 2454734.955801 15.33742 0.01810 
 2454734.963505 15.32816 0.01799 
 2454734.971199 15.34820 0.01840 
 2454734.981381 15.35395 0.01765 
 2454734.989300 15.34311 0.01819 
 2454734.997229 15.34270 0.01849 
 2454735.005166 15.31766 0.01970 
 2454735.013097 15.36046 0.02581 
 2454737.856046 15.32806 0.01959 
 2454737.868358 15.34012 0.01876 
 2454737.878322 15.37429 0.01812 
 2454737.888281 15.34549 0.01801 
 2454737.900711 15.35663 0.01708 
 2454737.913137 15.32877 0.01814 
 2454737.925581 15.35757 0.01763 
 2454737.938014 15.35306 0.01886 
 2454737.948023 15.31294 0.01721 
 2454737.958015 15.35502 0.01773 
 2454737.968032 15.34074 0.01732 
 2454737.980515 15.33869 0.01759 
 2454737.990691 15.36438 0.01695 
 2454738.000869 15.34870 0.01735 
 2454738.011044 15.34897 0.02194 
 2454738.900422 15.52923 0.01825 
 2454738.912830 15.45974 0.01823 
 2454738.925257 15.40934 0.01745 
 2454738.935190 15.35355 0.01685 
 2454738.945186 15.36017 0.01713 
 2454738.955193 15.34144 0.01734 
 2454738.965180 15.35281 0.01646 
 2454738.977646 15.35465 0.01664 
 2454738.987815 15.31072 0.01649 
 2454738.997983 15.33932 0.01649 
 2454739.008152 15.37541 0.01854 
 2454739.896500 15.33358 0.01933 
 2454739.908927 15.32999 0.01855 
 2454739.921338 15.36753 0.01923 
 2454739.933741 15.34765 0.01859 
 2454739.943741 15.35679 0.01833 
 2454739.953745 15.36869 0.01817 
 2454739.986353 15.34624 0.01791 
 2454739.996516 15.34945 0.01712 
 2454741.850429 15.39809 0.02129 
 2454741.860384 15.34358 0.02019 
 2454741.870312 15.33291 0.01979 
 2454741.880265 15.35814 0.01975 
 2454741.892679 15.36504 0.02000 
 2454741.905101 15.35745 0.01947 
 2454741.917519 15.31179 0.01969 
 2454741.927455 15.35376 0.01927 
 2454741.937441 15.35352 0.01899 
 2454741.947438 15.33181 0.01724 
 2454741.957431 15.36435 0.01813 
 2454741.969896 15.36480 0.01754 
 2454741.980070 15.35174 0.01768 
 2454741.990235 15.36018 0.01697 
 2454742.000401 15.33294 0.01681 
 2454742.902678 15.35663 0.01644 
 2454742.915102 15.35962 0.01786 
 2454742.925057 15.34258 0.01543 
 2454742.935053 15.35297 0.01601 
 2454742.945051 15.38602 0.01442 
 2454742.955049 15.36698 0.01566 
 2454742.967534 15.36444 0.01618 
 2454742.977716 15.34299 0.01634 
 2454742.987896 15.38915 0.01649 
 2454742.998073 15.41649 0.01518 
 2454743.885382 15.32118 0.01852 
 2454743.897809 15.36274 0.01797 
 2454743.932605 15.36963 0.01715 
 2454743.942581 15.34012 0.01642 
 2454743.952560 15.33894 0.01665 
 2454743.965030 15.31820 0.01661 
 2454743.975189 15.33978 0.01696 
 2454743.985346 15.34070 0.01696 
 2454743.995495 15.35922 0.01624 
 2454745.846762 15.30855 0.02135 
 2454745.856694 15.34128 0.01988 
 2454745.866640 15.36333 0.02122 
 2454745.879075 15.34516 0.02030 
 2454745.891483 15.31843 0.01919 
 2454745.903898 15.35633 0.02020 
 2454745.916315 15.34821 0.01986 
 2454745.926298 15.33348 0.01895 
 2454745.936286 15.38525 0.01914 
 2454745.946276 15.37269 0.01875 
 2454745.958730 15.35848 0.01785 
 2454745.968906 15.33574 0.02090 
 2454745.979076 15.37269 0.02084 
 2454745.989244 15.35819 0.01863 
 2454746.856652 15.32315 0.02261 
 2454746.866583 15.32371 0.02193 
 2454746.878980 15.34514 0.02138 
 2454746.891382 15.34816 0.02183 
 2454746.903803 15.34462 0.02240 
 2454746.913727 15.36852 0.02044 
 2454746.923715 15.34825 0.02172 
 2454746.933691 15.35758 0.02024 
 2454746.943691 15.36597 0.02111 
 2454746.956147 15.32665 0.01972 
 2454746.966305 15.35949 0.02138 
 2454746.976464 15.35681 0.02107 
 2454746.986626 15.34955 0.02079 
 2454747.853586 15.35637 0.02050 
 2454747.863524 15.33534 0.02103 
 2454747.875929 15.35488 0.02072 
 2454747.888330 15.34764 0.01923 
 2454747.900749 15.36238 0.01964 
 2454747.910688 15.31671 0.01945 
 2454747.920688 15.32096 0.01808 
 2454747.930671 15.37789 0.01880 
 2454747.940665 15.33428 0.01887 
 2454747.953120 15.35517 0.01886 
 2454747.963280 15.36082 0.01870 
 2454747.973439 15.34830 0.01961 
 2454747.983598 15.36351 0.01958 
 2454748.831134 15.33795 0.02082 
 2454748.841055 15.35920 0.01847 
 2454748.850964 15.37049 0.01949 
 2454748.860864 15.34886 0.01879 
 2454748.873250 15.35720 0.01910 
 2454748.885621 15.31837 0.01820 
 2454748.897997 15.35043 0.01873 
 2454748.907908 15.35057 0.01854 
 2454748.917860 15.33568 0.01812 
 2454748.927816 15.35427 0.01763 
 2454748.937777 15.36072 0.01777 
 2454748.950202 15.35425 0.01786 
 2454748.960337 15.34795 0.01824 
 2454748.970470 15.33597 0.01731 
 2454748.980604 15.36895 0.01677 
 2454749.828347 15.35723 0.02688 
 2454749.838293 15.32623 0.02459 
 2454749.848244 15.30864 0.02676 
 2454749.858183 15.33735 0.02410 
 2454749.870601 15.37077 0.02186 
 2454749.883023 15.37391 0.02003 
 2454749.895432 15.36921 0.02023 
 2454749.905377 15.35039 0.01864 
 2454749.915371 15.35178 0.01852 
 2454749.925367 15.35116 0.01754 
 2454749.935359 15.34558 0.01904 
 2454749.947827 15.34708 0.01793 
 2454749.957996 15.35229 0.01780 
 2454749.968168 15.36484 0.01573 
 2454749.978346 15.35145 0.01731 
 2454752.854642 15.28839 0.04027 
 2454752.859374 15.33583 0.04128 
 2454752.864104 15.38497 0.04097 
 2454752.868828 15.32170 0.04005 
 2454752.892454 15.33390 0.03672 
 2454752.897167 15.36480 0.03883 
 2454752.901906 15.38422 0.03812 
 2454752.906628 15.32026 0.03781 
 2454752.911355 15.38646 0.03657 
 2454752.916080 15.32971 0.03505 
 2454752.920806 15.34072 0.03279 
 2454752.925531 15.34125 0.03164 
 2454752.933452 15.37644 0.03614 
 2454752.941373 15.31968 0.03245 
 2454752.949292 15.37328 0.03368 
 2454752.957212 15.29636 0.03245 
 2454752.965138 15.32891 0.03368 
 2454752.973058 15.33994 0.02914 
 2454777.889355 15.32272 0.02095 
 2454777.899143 15.35169 0.01943 
 2454777.908926 15.31683 0.02052 
 2454778.858405 15.36716 0.02662 
 2454778.878012 15.34485 0.02398 
 2454778.887811 15.33410 0.02216 
 2454778.897619 15.36211 0.02182 
 2454779.869389 15.56879 0.02584 
 2454779.888999 15.54351 0.02445 
 2454779.898805 15.53623 0.02258 
 2454789.718432 15.41610 0.01972 
 2454789.728014 15.46380 0.02167 
 2454789.737587 15.51727 0.02022 
 2454789.747153 15.52899 0.01895 
 2454789.859600 15.54967 0.02268 
 2454789.867250 15.50885 0.02486 
 2454789.874894 15.43596 0.02409 
 2454790.715094 15.33712 0.02182 
 2454790.724650 15.35052 0.02255 
 2454790.734244 15.35741 0.02082 
 2454790.743816 15.35412 0.02228 
 2454790.755754 15.32108 0.02116 
 2454790.767728 15.35955 0.01946 
 2454790.779673 15.35099 0.02049 
 2454790.791633 15.34174 0.02085 
 2454790.801214 15.37416 0.01987 
 2454790.808623 15.37525 0.02030 
 2454790.816040 15.35144 0.02128 
 2454790.823447 15.34413 0.02021 
 2454790.833249 15.34142 0.02025 
 2454790.840881 15.35598 0.02198 
 2454790.848527 15.33753 0.02051 
 2454790.856182 15.33283 0.02217 
 2454790.863837 15.37749 0.02166 
 2454790.871471 15.33170 0.01997 
 2454791.732604 15.32378 0.02113 
 2454791.742178 15.39821 0.02077 
 2454791.754135 15.36102 0.02144 
 2454791.766099 15.33123 0.02143 
 2454791.778043 15.36007 0.02191 
 2454791.790000 15.35660 0.02202 
 2454791.801832 15.35761 0.02096 
 2454791.811462 15.35377 0.01977 
 2454791.821067 15.35535 0.02041 
 2454791.833073 15.36914 0.02027 
 2454791.842876 15.35526 0.01959 
 2454791.852667 15.35408 0.01906 
 2454791.862479 15.35785 0.02043 
 2454794.702314 15.36869 0.02324 
 2454794.714140 15.34956 0.02180 
 2454794.723714 15.32791 0.02243 
 2454794.733273 15.35392 0.02050 
 2454794.745227 15.34428 0.02164 
 2454794.769151 15.34455 0.02041 
 2454794.792922 15.32600 0.02043 
 2454794.802543 15.34295 0.01935 
 2454794.812178 15.33816 0.01900 
 2454794.824178 15.33675 0.01963 
 2454794.833972 15.33677 0.01858 
 2454794.843776 15.31671 0.01836 
