\INPUT_FILE = /exodata/ETSS-prep/KELT/doN04/raw/KELT_N04_lc_023392_V01_east_tfa.dat
\INPUT_TYPE = "RAW"
\START_DATE = "Fri Oct 27, 07:24:43 2006"               
\STOP_DATE = "Mon Nov 24, 08:15:02 2008"               
\fixlen = T
\NUMRECORDS = 1712     
\
\ This file was produced by the NASA Exoplanet Archive  http://exoplanetarchive.ipac.caltech.edu 
\ Wed Mar 02, 01:28:56 2016
\ Documentation for the KELT Survey dataset can be found at http://exoplanetarchive.ipac.caltech.edu/docs/KELT.html
\
|          TIME|     MAG|MAG_ERR|
|          real|    real|   real|
|             d|     mag|    mag|
|          null|    null|   null|
 2454035.808833 14.39074 0.01076 
 2454035.813455 14.39717 0.01064 
 2454035.818076 14.39813 0.01061 
 2454035.822697 14.40057 0.01063 
 2454035.827319 14.39022 0.01043 
 2454035.831941 14.39342 0.01029 
 2454035.836563 14.39909 0.01028 
 2454035.841186 14.39165 0.01033 
 2454035.845806 14.39588 0.01015 
 2454035.850427 14.40066 0.01009 
 2454035.855048 14.39728 0.00999 
 2454035.947571 14.39046 0.00974 
 2454036.847877 14.39404 0.01008 
 2454036.892842 14.40383 0.00829 
 2454036.895031 14.40887 0.01036 
 2454036.913516 14.40967 0.00930 
 2454036.918136 14.40263 0.00974 
 2454036.922757 14.40365 0.00853 
 2454037.808447 14.40100 0.00944 
 2454037.813067 14.39187 0.00979 
 2454037.817691 14.37640 0.00972 
 2454037.831554 14.39032 0.00950 
 2454037.836175 14.40194 0.00942 
 2454037.840798 14.38901 0.01100 
 2454037.845418 14.38535 0.00843 
 2454037.850040 14.38502 0.01085 
 2454037.854661 14.39940 0.00873 
 2454037.859283 14.39618 0.00912 
 2454037.863903 14.38808 0.00898 
 2454037.868525 14.38881 0.00760 
 2454037.911053 14.39421 0.00865 
 2454037.934156 14.40210 0.00845 
 2454038.804999 14.38045 0.00921 
 2454038.809621 14.37704 0.00908 
 2454038.814242 14.37688 0.00927 
 2454038.818864 14.38462 0.00902 
 2454038.823486 14.39980 0.00941 
 2454038.828109 14.38699 0.01081 
 2454038.832731 14.39497 0.00896 
 2454038.837351 14.38727 0.00906 
 2454038.841972 14.37834 0.00907 
 2454038.846594 14.39541 0.00896 
 2454038.851216 14.37155 0.00904 
 2454038.855838 14.38611 0.00878 
 2454038.860459 14.37455 0.00882 
 2454038.865080 14.39106 0.00874 
 2454038.870544 14.38608 0.00856 
 2454038.876007 14.38661 0.00858 
 2454038.881470 14.39041 0.00849 
 2454038.886934 14.37759 0.00863 
 2454038.889122 14.39091 0.00854 
 2454038.893745 14.38105 0.00836 
 2454038.898367 14.38617 0.00856 
 2454038.902992 14.37778 0.00862 
 2454038.907612 14.37279 0.00859 
 2454038.912234 14.37741 0.00866 
 2454038.916855 14.38838 0.00865 
 2454038.921475 14.37831 0.00867 
 2454038.926098 14.38955 0.00870 
 2454038.930719 14.38651 0.00870 
 2454038.935340 14.39568 0.00869 
 2454038.939961 14.38125 0.00885 
 2454038.944583 14.39429 0.00867 
 2454039.880435 14.45746 0.00982 
 2454039.885057 14.44143 0.01006 
 2454039.889678 14.44364 0.01090 
 2454040.818191 14.40716 0.01321 
 2454040.822810 14.39401 0.01311 
 2454040.827432 14.39899 0.01285 
 2454040.832053 14.38950 0.01264 
 2454040.836673 14.40457 0.01220 
 2454040.841292 14.39510 0.01223 
 2454040.845912 14.40687 0.01213 
 2454040.850532 14.39261 0.01197 
 2454040.855152 14.38449 0.01177 
 2454040.859772 14.40167 0.01182 
 2454040.865237 14.40420 0.01113 
 2454040.870700 14.39575 0.01101 
 2454040.876163 14.39873 0.01069 
 2454040.878350 14.40366 0.01054 
 2454040.882971 14.39431 0.01018 
 2454040.887591 14.39689 0.00991 
 2454040.892213 14.38994 0.00973 
 2454040.896835 14.41268 0.00989 
 2454040.901459 14.39662 0.00989 
 2454040.906083 14.39243 0.00988 
 2454040.910705 14.40859 0.00961 
 2454040.915326 14.41891 0.00977 
 2454040.919947 14.40316 0.00977 
 2454040.924568 14.40428 0.00970 
 2454040.929191 14.40477 0.00980 
 2454040.933815 14.39181 0.00944 
 2454040.938437 14.39938 0.00965 
 2454041.826614 14.47933 0.01262 
 2454041.831287 14.48031 0.01225 
 2454041.835958 14.47525 0.01212 
 2454051.801919 14.38770 0.01006 
 2454051.806438 14.38157 0.01053 
 2454051.810961 14.38905 0.01068 
 2454051.815486 14.38616 0.01067 
 2454051.820008 14.38361 0.01089 
 2454051.824527 14.38211 0.01073 
 2454051.829050 14.39237 0.01080 
 2454051.834414 14.39173 0.01047 
 2454051.839783 14.39481 0.01038 
 2454051.845153 14.39384 0.01044 
 2454051.850522 14.39540 0.01024 
 2454051.868727 14.40470 0.01000 
 2454051.872929 14.40459 0.01011 
 2454051.877131 14.39108 0.00991 
 2454051.881334 14.39618 0.00998 
 2454051.885543 14.38154 0.00997 
 2454051.889744 14.39050 0.00991 
 2454053.812312 14.41458 0.00878 
 2454053.816835 14.39906 0.00857 
 2454053.825876 14.39868 0.00887 
 2454053.831238 14.38582 0.00853 
 2454053.836606 14.39434 0.00885 
 2454053.841976 14.39098 0.00860 
 2454053.858076 14.39653 0.00896 
 2454053.860180 14.40363 0.00890 
 2454053.864695 14.39664 0.00893 
 2454054.856763 14.48201 0.00847 
 2454054.861286 14.47610 0.00845 
 2454054.865804 14.46255 0.00837 
 2454054.870329 14.44545 0.00839 
 2454054.874850 14.45301 0.00837 
 2454054.879368 14.44201 0.00838 
 2454054.883894 14.42944 0.00855 
 2454054.888416 14.43392 0.00842 
 2454054.892933 14.42227 0.00846 
 2454055.772343 14.37408 0.00929 
 2454055.776868 14.38690 0.00901 
 2454055.781390 14.38026 0.00915 
 2454055.785908 14.38078 0.00899 
 2454055.790433 14.37916 0.00905 
 2454055.794955 14.38171 0.00885 
 2454055.799480 14.37519 0.00876 
 2454055.804000 14.38146 0.00875 
 2454055.808523 14.37202 0.00870 
 2454055.813048 14.37200 0.00875 
 2454055.817571 14.38284 0.00872 
 2454055.822937 14.37145 0.00846 
 2454055.828306 14.37512 0.00854 
 2454055.833676 14.36931 0.00853 
 2454055.839046 14.37312 0.00850 
 2454055.844417 14.38234 0.00853 
 2454055.849786 14.38022 0.00843 
 2454055.855157 14.36416 0.00845 
 2454055.857263 14.37539 0.00833 
 2454055.861787 14.37134 0.00837 
 2454055.866310 14.39096 0.00816 
 2454055.870835 14.37090 0.00828 
 2454055.875361 14.37011 0.00832 
 2454055.879880 14.36481 0.00817 
 2454055.884405 14.37591 0.00810 
 2454055.888930 14.36462 0.00814 
 2454055.893452 14.37449 0.00822 
 2454056.767658 14.38769 0.00944 
 2454056.772182 14.41351 0.00935 
 2454056.776704 14.41142 0.00902 
 2454056.781223 14.40270 0.00914 
 2454056.785747 14.40806 0.00899 
 2454056.790272 14.41100 0.00886 
 2454056.794798 14.42387 0.00899 
 2454056.799320 14.42906 0.00887 
 2454056.803845 14.45055 0.00875 
 2454056.808370 14.44882 0.00881 
 2454056.812890 14.45102 0.00873 
 2454056.817413 14.47132 0.00889 
 2454056.822776 14.47571 0.00861 
 2454056.828144 14.47736 0.00880 
 2454056.833514 14.48481 0.00873 
 2454057.768074 14.40326 0.00950 
 2454057.772592 14.39934 0.00979 
 2454057.777117 14.40700 0.00974 
 2454057.781642 14.39984 0.00966 
 2454057.786163 14.40301 0.00942 
 2454057.790682 14.39345 0.00955 
 2454057.795206 14.40593 0.00928 
 2454057.799731 14.40672 0.00927 
 2454057.804254 14.40208 0.00955 
 2454057.808772 14.39903 0.00909 
 2454057.813297 14.40256 0.00918 
 2454057.818668 14.38959 0.00903 
 2454057.824037 14.40871 0.00904 
 2454057.829401 14.40828 0.00880 
 2454057.834769 14.41244 0.00877 
 2454057.840137 14.39369 0.00896 
 2454057.845500 14.40490 0.00904 
 2454057.850869 14.40650 0.00914 
 2454057.852971 14.39610 0.00920 
 2454057.857494 14.41258 0.00879 
 2454057.862014 14.41091 0.00901 
 2454057.866538 14.41003 0.00882 
 2454057.871052 14.39702 0.00896 
 2454057.875573 14.40168 0.00900 
 2454057.880097 14.40947 0.00881 
 2454057.884618 14.40923 0.00882 
 2454057.889142 14.40533 0.00876 
 2454058.762271 14.38939 0.00944 
 2454058.766789 14.36808 0.00954 
 2454058.771313 14.37265 0.00937 
 2454058.775838 14.37185 0.00937 
 2454058.780360 14.38763 0.00913 
 2454058.784877 14.38022 0.00906 
 2454058.789399 14.36845 0.00896 
 2454058.793916 14.38796 0.00899 
 2454058.798437 14.37152 0.00883 
 2454058.802955 14.38167 0.00870 
 2454058.807478 14.38067 0.00861 
 2454058.811996 14.38609 0.00863 
 2454058.817359 14.39183 0.00846 
 2454058.822726 14.38955 0.00871 
 2454058.828095 14.38188 0.00854 
 2454058.833465 14.38519 0.00839 
 2454058.838829 14.38130 0.00853 
 2454058.844196 14.40014 0.00840 
 2454058.846300 14.38597 0.00854 
 2454058.850822 14.38252 0.00853 
 2454058.855340 14.38747 0.00851 
 2454058.859865 14.39578 0.00819 
 2454058.864386 14.38270 0.00843 
 2454058.868904 14.38524 0.00824 
 2454058.873429 14.38616 0.00833 
 2454058.877952 14.39417 0.00827 
 2454058.882469 14.39894 0.00824 
 2454058.886994 14.39036 0.00835 
 2454059.758771 14.38082 0.00936 
 2454059.763293 14.38951 0.00935 
 2454059.767818 14.38162 0.00918 
 2454059.772337 14.38898 0.00922 
 2454059.776860 14.38587 0.00919 
 2454059.781376 14.37529 0.00920 
 2454059.785898 14.37077 0.00903 
 2454059.790414 14.37754 0.00895 
 2454059.794938 14.37782 0.00897 
 2454059.799462 14.38188 0.00879 
 2454059.803987 14.38727 0.00882 
 2454059.808505 14.37858 0.00885 
 2454059.813875 14.38665 0.00862 
 2454059.819245 14.37793 0.00870 
 2454059.824606 14.37600 0.00862 
 2454059.829975 14.38577 0.00851 
 2454059.835345 14.38939 0.00844 
 2454059.840716 14.38432 0.00856 
 2454059.842820 14.38595 0.00852 
 2454059.847342 14.38739 0.00863 
 2454059.851868 14.38616 0.00854 
 2454059.856393 14.39298 0.00849 
 2454059.860918 14.37832 0.00853 
 2454059.865444 14.38130 0.00861 
 2454059.869970 14.38239 0.00844 
 2454059.874495 14.37690 0.00852 
 2454059.879021 14.37393 0.00855 
 2454059.883547 14.37342 0.00854 
 2454060.757309 14.40207 0.00902 
 2454060.761835 14.40462 0.00902 
 2454060.766352 14.40085 0.00898 
 2454060.770877 14.40094 0.00900 
 2454060.775403 14.39754 0.00887 
 2454060.779924 14.41112 0.00881 
 2454060.784444 14.39061 0.00870 
 2454060.788968 14.39114 0.00866 
 2454060.793493 14.39926 0.00861 
 2454060.798019 14.38690 0.00850 
 2454060.802543 14.39737 0.00836 
 2454060.807906 14.40083 0.00817 
 2454060.813275 14.40960 0.00820 
 2454060.818645 14.39171 0.00829 
 2454060.824015 14.39457 0.00817 
 2454060.829386 14.39874 0.00820 
 2454060.834756 14.41078 0.00805 
 2454060.840126 14.39054 0.00806 
 2454060.842231 14.40827 0.00801 
 2454060.846748 14.40516 0.00811 
 2454060.851272 14.40792 0.00813 
 2454060.855794 14.40096 0.00798 
 2454060.860319 14.40311 0.00810 
 2454060.864844 14.41146 0.00792 
 2454060.869363 14.40572 0.00800 
 2454060.873887 14.40908 0.00792 
 2454060.878412 14.40753 0.00796 
 2454060.882936 14.40170 0.00801 
 2454061.750645 14.38621 0.00902 
 2454061.755168 14.39620 0.00908 
 2454061.759685 14.38751 0.00883 
 2454061.764210 14.39616 0.00867 
 2454061.768735 14.38912 0.00865 
 2454061.773261 14.38813 0.00863 
 2454061.777786 14.39298 0.00838 
 2454061.782312 14.39089 0.00849 
 2454061.786838 14.38787 0.00842 
 2454061.791363 14.38915 0.00844 
 2454061.795888 14.38273 0.00841 
 2454061.800414 14.39304 0.00837 
 2454061.805785 14.39048 0.00825 
 2454061.811148 14.38904 0.00818 
 2454061.816516 14.39437 0.00808 
 2454061.821885 14.39248 0.00805 
 2454061.827255 14.38898 0.00819 
 2454061.832626 14.40447 0.00815 
 2454061.834730 14.39646 0.00835 
 2454061.839253 14.39961 0.00797 
 2454061.843770 14.40460 0.00821 
 2454061.848292 14.40145 0.00809 
 2454061.852810 14.39706 0.00815 
 2454061.857335 14.38696 0.00825 
 2454061.861861 14.40526 0.00811 
 2454061.866386 14.39926 0.00822 
 2454061.870908 14.39611 0.00828 
 2454061.875426 14.39877 0.00836 
 2454061.879951 14.38301 0.00838 
 2454066.761787 14.38117 0.00888 
 2454066.770830 14.38775 0.00869 
 2454066.775356 14.38805 0.00870 
 2454066.779881 14.37618 0.00859 
 2454066.784407 14.39207 0.00874 
 2454066.788932 14.38001 0.00865 
 2454066.794302 14.38502 0.00846 
 2454066.799674 14.38308 0.00838 
 2454066.805043 14.38430 0.00855 
 2454066.810413 14.38441 0.00849 
 2454066.815784 14.38387 0.00839 
 2454066.817888 14.38936 0.00834 
 2454066.822412 14.38677 0.00834 
 2454079.800277 14.39173 0.01172 
 2454080.713524 14.39212 0.00924 
 2454080.718039 14.40582 0.00915 
 2454080.722561 14.39605 0.00901 
 2454080.727078 14.39748 0.00906 
 2454080.731600 14.39238 0.00905 
 2454080.736118 14.38936 0.00902 
 2454080.740641 14.39638 0.00902 
 2454080.745158 14.38105 0.00895 
 2454080.749682 14.38641 0.00901 
 2454080.755053 14.38766 0.00923 
 2454080.760415 14.39032 0.00944 
 2454080.765782 14.38427 0.00957 
 2454080.771151 14.38777 0.00954 
 2454080.776512 14.37219 0.00984 
 2454080.781874 14.40013 0.00990 
 2454080.783983 14.37964 0.00991 
 2454080.788508 14.39273 0.00966 
 2454080.793026 14.38376 0.00985 
 2454080.797550 14.38194 0.00983 
 2454080.802064 14.38805 0.00985 
 2454080.806579 14.37046 0.00981 
 2454080.811094 14.38543 0.00974 
 2454080.815607 14.38135 0.00998 
 2454080.820127 14.38484 0.00977 
 2454080.824645 14.38794 0.01005 
 2454080.829161 14.39415 0.00998 
 2454081.696498 14.40470 0.00991 
 2454081.701012 14.40102 0.00982 
 2454081.705527 14.41479 0.00976 
 2454081.710050 14.41228 0.00983 
 2454081.714565 14.38894 0.00975 
 2454081.719079 14.39393 0.00962 
 2454081.723598 14.39571 0.00957 
 2454081.728118 14.40066 0.00964 
 2454081.732634 14.38313 0.00956 
 2454081.737156 14.40012 0.00940 
 2454081.744483 14.40272 0.00909 
 2454081.748998 14.39253 0.00907 
 2454081.754361 14.38870 0.00893 
 2454081.759729 14.39114 0.00878 
 2454081.765091 14.40206 0.00881 
 2454081.770459 14.40020 0.00882 
 2454081.775829 14.41996 0.00875 
 2454081.781189 14.38030 0.00874 
 2454081.783298 14.39678 0.00880 
 2454081.787817 14.39938 0.00866 
 2454081.792338 14.39994 0.00869 
 2454081.796856 14.39964 0.00886 
 2454081.801370 14.38692 0.00890 
 2454081.805886 14.39712 0.00910 
 2454081.810408 14.38660 0.00895 
 2454081.814930 14.40026 0.00891 
 2454081.819448 14.37777 0.00909 
 2454081.823962 14.40410 0.00921 
 2454082.764170 14.39527 0.00912 
 2454082.769531 14.38782 0.00910 
 2454082.774892 14.39157 0.00925 
 2454082.777001 14.39427 0.00914 
 2454082.781519 14.40540 0.00907 
 2454082.786035 14.38655 0.00910 
 2454082.790551 14.39029 0.00911 
 2454082.795072 14.40341 0.00902 
 2454082.799586 14.39709 0.00903 
 2454082.804100 14.40147 0.00908 
 2454082.808614 14.40759 0.00898 
 2454082.813128 14.39856 0.00879 
 2454082.817642 14.38702 0.00890 
 2454082.822158 14.39410 0.00897 
 2454083.696402 14.37535 0.01037 
 2454083.714457 14.37686 0.01022 
 2454083.718971 14.37625 0.00975 
 2454083.723485 14.37858 0.00967 
 2454083.739836 14.37797 0.00902 
 2454083.745205 14.36578 0.00911 
 2454083.750571 14.36849 0.00907 
 2454083.755943 14.37933 0.00897 
 2454083.761311 14.37757 0.00889 
 2454083.766672 14.37152 0.00897 
 2454083.772042 14.36597 0.00901 
 2454083.774151 14.36849 0.00899 
 2454083.778670 14.37986 0.00882 
 2454083.783193 14.38064 0.00884 
 2454083.787707 14.38441 0.00895 
 2454083.792221 14.37342 0.00880 
 2454083.796735 14.36858 0.00889 
 2454083.801249 14.38484 0.00878 
 2454083.805763 14.37486 0.00897 
 2454083.810276 14.37844 0.00883 
 2454083.819304 14.39341 0.00861 
 2454093.720082 14.38990 0.00990 
 2454093.759646 14.40333 0.00948 
 2454093.764377 14.38754 0.00977 
 2454093.769106 14.39705 0.00966 
 2454093.773837 14.39819 0.00966 
 2454093.778569 14.37961 0.00988 
 2454094.682033 14.38921 0.01004 
 2454094.686759 14.39887 0.00998 
 2454094.691485 14.39693 0.00957 
 2454094.696213 14.39581 0.00959 
 2454094.700940 14.39025 0.00931 
 2454094.705666 14.38412 0.00938 
 2454094.710392 14.39526 0.00942 
 2454094.715963 14.40591 0.00932 
 2454094.721536 14.38788 0.00911 
 2454094.727106 14.39881 0.00930 
 2454094.732677 14.39364 0.00909 
 2454094.738249 14.37051 0.00898 
 2454094.743820 14.38783 0.00929 
 2454094.746030 14.39300 0.00937 
 2454094.750756 14.39133 0.00946 
 2454094.755482 14.38370 0.00921 
 2454094.760208 14.38337 0.00927 
 2454094.764934 14.37692 0.00938 
 2454094.769694 14.37524 0.00934 
 2454094.774424 14.38598 0.00939 
 2454094.779146 14.38397 0.00904 
 2454094.783867 14.37870 0.00929 
 2454094.788588 14.38509 0.00929 
 2454095.709932 14.39465 0.00969 
 2454095.715502 14.41256 0.00965 
 2454095.721074 14.40869 0.00936 
 2454095.726648 14.40284 0.00932 
 2454095.732219 14.42030 0.00941 
 2454095.734417 14.41451 0.00916 
 2454095.739153 14.41229 0.00896 
 2454095.743879 14.39792 0.00917 
 2454095.748604 14.42078 0.00915 
 2454095.753330 14.40729 0.00896 
 2454095.758055 14.40218 0.00870 
 2454095.762783 14.41130 0.00896 
 2454095.767508 14.39942 0.00888 
 2454095.772229 14.40622 0.00889 
 2454095.776959 14.39529 0.00860 
 2454095.781685 14.40365 0.00880 
 2454095.786411 14.39398 0.00886 
 2454107.621477 14.37453 0.01012 
 2454107.626202 14.39141 0.00993 
 2454108.617407 14.40673 0.00980 
 2454108.622128 14.38619 0.00993 
 2454108.626849 14.39584 0.00968 
 2454108.631568 14.40645 0.00978 
 2454108.636289 14.40506 0.00957 
 2454108.641009 14.40762 0.00983 
 2454108.645729 14.40774 0.00986 
 2454108.650447 14.41478 0.00962 
 2454108.655167 14.40299 0.00955 
 2454108.659886 14.39849 0.00943 
 2454108.664607 14.38967 0.00970 
 2454108.678176 14.40524 0.00933 
 2454108.683740 14.40712 0.00912 
 2454108.689305 14.40632 0.00934 
 2454108.694871 14.40394 0.00945 
 2454108.700437 14.39370 0.00967 
 2454116.649074 14.39303 0.01036 
 2454116.654641 14.39685 0.01005 
 2454116.660207 14.41493 0.00968 
 2454116.665774 14.39665 0.00941 
 2454116.671340 14.39926 0.00927 
 2454116.676906 14.38943 0.00923 
 2454116.679115 14.40218 0.00898 
 2454116.683837 14.39624 0.00931 
 2454116.688560 14.40961 0.00907 
 2454116.693284 14.37860 0.00928 
 2454116.698007 14.40335 0.00918 
 2454116.702729 14.39008 0.00918 
 2454116.707450 14.41345 0.00877 
 2454116.712175 14.41468 0.00904 
 2454116.716896 14.39501 0.00869 
 2454116.721617 14.41656 0.00878 
 2454116.726339 14.40658 0.00884 
 2454116.731060 14.40212 0.00877 
 2454117.600133 14.37993 0.00995 
 2454117.604863 14.38853 0.00973 
 2454117.609592 14.40964 0.00968 
 2454117.614319 14.37024 0.00967 
 2454117.619047 14.38738 0.00944 
 2454117.623772 14.40169 0.00938 
 2454117.628499 14.37622 0.00924 
 2454117.633226 14.38817 0.00916 
 2454117.640234 14.38348 0.00931 
 2454117.644964 14.38768 0.00931 
 2454117.649694 14.37749 0.00921 
 2454117.655269 14.40005 0.00920 
 2454117.660841 14.39802 0.00915 
 2454117.666417 14.39518 0.00907 
 2454117.668624 14.38513 0.00894 
 2454117.673359 14.38875 0.00919 
 2454117.678089 14.39013 0.00902 
 2454117.687549 14.38358 0.00896 
 2454117.701737 14.39166 0.00895 
 2454117.711195 14.39469 0.00877 
 2454117.715922 14.38173 0.00883 
 2454124.685836 14.38699 0.00971 
 2454124.690567 14.38594 0.00969 
 2454124.695297 14.37793 0.00961 
 2454124.700028 14.38274 0.00939 
 2454124.704758 14.39212 0.00964 
 2454124.709487 14.37514 0.00946 
 2454140.605517 14.37696 0.00861 
 2454140.610244 14.40532 0.00852 
 2454140.614971 14.38824 0.00855 
 2454140.619698 14.40092 0.00846 
 2454140.624425 14.40150 0.00857 
 2454140.629152 14.39449 0.00864 
 2454140.633879 14.40654 0.00845 
 2454140.638606 14.39512 0.00848 
 2454140.643331 14.40728 0.00834 
 2454140.648051 14.39411 0.00817 
 2454140.652777 14.39625 0.00830 
 2454140.657510 14.40563 0.00843 
 2454140.662236 14.40513 0.00839 
 2454147.608995 14.40094 0.00922 
 2454147.613723 14.39940 0.00941 
 2454147.623176 14.39900 0.00921 
 2454147.637361 14.40192 0.00906 
 2454147.642089 14.40063 0.00907 
 2454147.646817 14.39696 0.00914 
 2454148.609685 14.38771 0.00878 
 2454148.614413 14.39926 0.00876 
 2454148.619142 14.39475 0.00896 
 2454148.623868 14.38715 0.00869 
 2454148.628598 14.40888 0.00859 
 2454148.633325 14.38819 0.00882 
 2454148.638053 14.39997 0.00873 
 2454148.642780 14.39221 0.00865 
 2454152.611786 14.37823 0.00877 
 2454152.616514 14.36958 0.00887 
 2454152.621239 14.36948 0.00876 
 2454152.625965 14.36115 0.00870 
 2454152.630692 14.38699 0.00868 
 2454362.919918 14.39839 0.00973 
 2454362.924616 14.39310 0.00966 
 2454362.929315 14.38318 0.00941 
 2454362.934010 14.41286 0.00931 
 2454362.938700 14.38117 0.00944 
 2454362.943406 14.38871 0.00936 
 2454362.948103 14.38594 0.00934 
 2454362.952802 14.39366 0.00927 
 2454362.957491 14.37426 0.00894 
 2454363.915932 14.38163 0.00956 
 2454363.920637 14.37297 0.00945 
 2454363.925343 14.37408 0.00939 
 2454363.930050 14.37823 0.00952 
 2454363.934756 14.36568 0.00924 
 2454363.939464 14.37761 0.00927 
 2454363.944171 14.36654 0.00943 
 2454363.948877 14.38883 0.00913 
 2454363.953583 14.38799 0.00932 
 2454363.958290 14.37626 0.00929 
 2454363.962998 14.37061 0.00938 
 2454363.967696 14.36726 0.00929 
 2454363.972411 14.37911 0.00931 
 2454363.977962 14.37944 0.00900 
 2454363.983515 14.38105 0.00909 
 2454363.989069 14.39009 0.00912 
 2454363.994620 14.38869 0.00903 
 2454363.996820 14.38862 0.00922 
 2454378.965419 14.38793 0.00985 
 2454378.967617 14.40537 0.00968 
 2454378.969814 14.39225 0.01008 
 2454378.976412 14.38885 0.00983 
 2454378.978610 14.37525 0.00979 
 2454378.980809 14.38823 0.00943 
 2454378.983007 14.38432 0.00970 
 2454378.985206 14.39013 0.00992 
 2454378.987405 14.38111 0.01006 
 2454378.989603 14.38346 0.00984 
 2454378.991801 14.39410 0.00997 
 2454379.881112 14.39619 0.00955 
 2454379.885819 14.39283 0.00984 
 2454379.890525 14.41233 0.00962 
 2454379.895230 14.41393 0.00978 
 2454379.899935 14.40126 0.00968 
 2454379.904640 14.40068 0.00989 
 2454379.909345 14.40907 0.00989 
 2454379.914051 14.41303 0.00994 
 2454379.918758 14.39042 0.00956 
 2454379.923465 14.39879 0.00962 
 2454379.928171 14.40554 0.00961 
 2454379.932876 14.40606 0.01066 
 2454379.938429 14.39970 0.00966 
 2454379.943980 14.41763 0.00905 
 2454379.946180 14.40834 0.00910 
 2454379.948381 14.41083 0.00921 
 2454379.950580 14.39580 0.00941 
 2454379.952780 14.39741 0.00938 
 2454379.954981 14.41516 0.00925 
 2454379.957181 14.40668 0.00944 
 2454379.959381 14.41270 0.00928 
 2454379.961581 14.39873 0.00913 
 2454379.963781 14.41519 0.00905 
 2454379.965983 14.40561 0.00896 
 2454379.968182 14.41181 0.00907 
 2454379.970382 14.40120 0.00926 
 2454379.972584 14.40272 0.00934 
 2454379.974778 14.40716 0.00917 
 2454379.976986 14.40786 0.00916 
 2454379.979187 14.40538 0.00912 
 2454379.981387 14.40214 0.00890 
 2454379.983587 14.40281 0.00910 
 2454379.985788 14.40214 0.00924 
 2454379.987989 14.39157 0.00923 
 2454379.990190 14.40184 0.00912 
 2454380.911628 14.40431 0.00985 
 2454380.916334 14.38129 0.00946 
 2454380.921033 14.39168 0.00988 
 2454380.931298 14.39653 0.01018 
 2454380.936849 14.37961 0.01003 
 2454380.939049 14.39488 0.00971 
 2454380.943755 14.39494 0.00963 
 2454380.948462 14.38162 0.00892 
 2454380.953168 14.39962 0.00928 
 2454380.957874 14.39825 0.01079 
 2454380.962581 14.39516 0.00904 
 2454380.967288 14.39923 0.01008 
 2454380.971995 14.38260 0.01008 
 2454380.976701 14.39122 0.00935 
 2454380.981408 14.39154 0.00959 
 2454380.986115 14.39725 0.00957 
 2454380.990822 14.39247 0.00986 
 2454380.995528 14.38642 0.01008 
 2454381.866454 14.38764 0.01010 
 2454381.899363 14.39061 0.00964 
 2454381.904066 14.37850 0.00956 
 2454381.908768 14.38468 0.00964 
 2454381.913470 14.38923 0.00948 
 2454381.918172 14.38474 0.00932 
 2454381.922874 14.38006 0.00939 
 2454381.928423 14.36974 0.00908 
 2454381.933973 14.38452 0.00924 
 2454381.939522 14.38875 0.00897 
 2454381.941720 14.38397 0.00898 
 2454381.946424 14.38320 0.00917 
 2454381.951126 14.38801 0.00911 
 2454381.955823 14.37839 0.00885 
 2454381.960531 14.37260 0.00872 
 2454381.965230 14.37865 0.00879 
 2454381.969932 14.37909 0.00880 
 2454381.974632 14.38375 0.00881 
 2454381.979332 14.37734 0.00889 
 2454381.984031 14.37647 0.00896 
 2454381.988731 14.38075 0.00914 
 2454381.993433 14.38281 0.00892 
 2454381.998134 14.38729 0.00881 
 2454382.863117 14.40062 0.00999 
 2454382.867834 14.39729 0.00983 
 2454382.872540 14.38840 0.00973 
 2454382.877236 14.39236 0.00967 
 2454382.881949 14.39367 0.00943 
 2454382.886656 14.39410 0.00936 
 2454382.891363 14.40315 0.00940 
 2454382.896066 14.39446 0.00918 
 2454382.900762 14.39494 0.00932 
 2454382.905480 14.39134 0.00908 
 2454382.910184 14.39510 0.00909 
 2454382.914886 14.40240 0.00907 
 2454382.919596 14.39665 0.00893 
 2454382.924306 14.40174 0.00868 
 2454382.929859 14.39835 0.00890 
 2454382.935410 14.40078 0.00855 
 2454382.937604 14.38948 0.00860 
 2454382.942313 14.40290 0.00853 
 2454382.947018 14.40176 0.00881 
 2454382.994067 14.40190 0.00856 
 2454384.858164 14.37114 0.00945 
 2454384.862877 14.37372 0.00960 
 2454384.867586 14.37358 0.00929 
 2454384.872291 14.37525 0.00931 
 2454384.876988 14.38500 0.00910 
 2454384.881701 14.37676 0.00917 
 2454384.886407 14.36478 0.00908 
 2454384.891113 14.37334 0.00903 
 2454384.895812 14.36920 0.00920 
 2454384.900524 14.37184 0.00909 
 2454384.905233 14.37466 0.00888 
 2454384.909941 14.36852 0.00915 
 2454384.914647 14.37211 0.00910 
 2454384.920198 14.38041 0.00888 
 2454384.925753 14.38217 0.00909 
 2454384.931305 14.38107 0.00876 
 2454384.933505 14.38223 0.00897 
 2454384.938207 14.39635 0.00902 
 2454384.942917 14.39135 0.00906 
 2454384.947623 14.39052 0.00878 
 2454384.952327 14.37256 0.00900 
 2454384.957024 14.37840 0.00899 
 2454384.961736 14.38746 0.00882 
 2454384.966445 14.39310 0.00859 
 2454384.971151 14.38835 0.00872 
 2454384.975846 14.38255 0.00882 
 2454384.980559 14.39290 0.00876 
 2454384.985267 14.37871 0.00854 
 2454384.989974 14.39207 0.00853 
 2454384.994673 14.38191 0.00854 
 2454385.850818 14.37482 0.00920 
 2454385.855522 14.38494 0.00923 
 2454385.860226 14.40210 0.00894 
 2454385.864929 14.38169 0.00882 
 2454385.869633 14.39194 0.00895 
 2454385.874335 14.39876 0.00871 
 2454385.879039 14.38401 0.00895 
 2454385.883743 14.38642 0.00908 
 2454385.888447 14.39198 0.00884 
 2454385.893151 14.38936 0.00884 
 2454385.897857 14.39481 0.00898 
 2454385.907267 14.39741 0.00891 
 2454385.911971 14.39026 0.00908 
 2454385.917522 14.37926 0.00882 
 2454385.923073 14.39606 0.00896 
 2454385.925272 14.39386 0.00900 
 2454385.929978 14.38990 0.00872 
 2454385.934681 14.37677 0.00880 
 2454385.939384 14.38780 0.00872 
 2454385.944089 14.39449 0.00872 
 2454385.948793 14.38381 0.00848 
 2454385.953497 14.37803 0.00882 
 2454385.958201 14.38788 0.00871 
 2454385.962904 14.37903 0.00843 
 2454385.967608 14.38791 0.00849 
 2454385.972312 14.39152 0.00851 
 2454385.977015 14.39873 0.00863 
 2454385.981720 14.39266 0.00860 
 2454385.986423 14.40241 0.00835 
 2454385.991127 14.38452 0.00852 
 2454386.852900 14.46800 0.00981 
 2454386.857603 14.46876 0.00962 
 2454386.862307 14.47533 0.00925 
 2454386.867011 14.43625 0.00932 
 2454386.871715 14.42575 0.00921 
 2454386.876407 14.44007 0.00932 
 2454386.881121 14.42190 0.00929 
 2454386.885825 14.39908 0.00936 
 2454386.890529 14.40681 0.00926 
 2454386.895232 14.40703 0.00935 
 2454386.899936 14.39808 0.00920 
 2454386.904641 14.39141 0.00916 
 2454386.909344 14.40525 0.00924 
 2454386.914894 14.41483 0.00886 
 2454386.920443 14.39737 0.00911 
 2454386.925994 14.42027 0.00881 
 2454386.928193 14.40632 0.00894 
 2454386.932886 14.41485 0.00911 
 2454386.937601 14.41738 0.00885 
 2454386.942307 14.39801 0.00908 
 2454386.947011 14.39818 0.00858 
 2454386.951714 14.40443 0.00877 
 2454386.956418 14.40871 0.00879 
 2454386.961120 14.41043 0.00863 
 2454386.965824 14.40278 0.00871 
 2454386.970527 14.41179 0.00885 
 2454386.975230 14.40597 0.00885 
 2454386.979936 14.41095 0.00868 
 2454386.984639 14.43113 0.00852 
 2454386.989341 14.42127 0.00872 
 2454387.838219 14.38074 0.00968 
 2454387.842922 14.37333 0.00964 
 2454387.847626 14.37199 0.00952 
 2454387.852329 14.36576 0.00971 
 2454387.857034 14.36688 0.00941 
 2454387.861736 14.34994 0.00957 
 2454387.866438 14.38113 0.00934 
 2454387.871141 14.39714 0.00912 
 2454387.875845 14.36765 0.00938 
 2454387.880547 14.38214 0.00922 
 2454387.885253 14.38318 0.00914 
 2454387.889955 14.36477 0.00927 
 2454387.894660 14.36962 0.00908 
 2454387.899364 14.37557 0.00899 
 2454387.904068 14.38304 0.00888 
 2454387.908772 14.36799 0.00893 
 2454387.914321 14.39193 0.00871 
 2454387.916519 14.38446 0.00878 
 2454387.921214 14.37301 0.00889 
 2454387.925928 14.38223 0.00868 
 2454387.930632 14.38774 0.00871 
 2454387.935337 14.37141 0.00882 
 2454387.940041 14.38424 0.00866 
 2454387.944745 14.37854 0.00851 
 2454387.949447 14.39092 0.00856 
 2454387.954149 14.37986 0.00863 
 2454387.958853 14.38258 0.00863 
 2454387.963557 14.38018 0.00860 
 2454387.968260 14.37413 0.00867 
 2454387.972963 14.39017 0.00858 
 2454387.977665 14.38432 0.00867 
 2454387.982369 14.40523 0.00837 
 2454387.987071 14.37327 0.00871 
 2454388.984127 14.48457 0.00882 
 2454389.837259 14.40482 0.01023 
 2454389.841946 14.39286 0.01015 
 2454389.846632 14.39472 0.00999 
 2454389.851319 14.40719 0.00990 
 2454389.856005 14.40144 0.00991 
 2454389.860690 14.39613 0.00996 
 2454389.865377 14.39342 0.00965 
 2454389.870063 14.38112 0.00976 
 2454389.874750 14.40733 0.00947 
 2454389.879437 14.40692 0.00940 
 2454389.884128 14.40077 0.00942 
 2454389.888816 14.40414 0.00948 
 2454389.893503 14.39646 0.00920 
 2454389.898190 14.40113 0.00925 
 2454389.902877 14.38748 0.00926 
 2454389.908407 14.40340 0.00911 
 2454389.910598 14.40253 0.00906 
 2454389.915285 14.41049 0.00938 
 2454389.919971 14.39844 0.00917 
 2454389.924658 14.39897 0.00917 
 2454389.929346 14.42730 0.00900 
 2454389.934032 14.41880 0.00915 
 2454389.938718 14.42005 0.00892 
 2454389.943404 14.41260 0.00906 
 2454389.948092 14.41251 0.00898 
 2454389.952778 14.40861 0.00909 
 2454389.957465 14.41317 0.00906 
 2454389.962151 14.40317 0.00910 
 2454389.966840 14.41094 0.00906 
 2454389.971527 14.41421 0.00882 
 2454389.976205 14.40518 0.00888 
 2454389.980900 14.40123 0.00895 
 2454390.850886 14.37957 0.01026 
 2454390.869672 14.39842 0.01007 
 2454390.874412 14.39590 0.01017 
 2454390.902637 14.37681 0.00997 
 2454390.908196 14.40766 0.00981 
 2454390.910396 14.40292 0.01001 
 2454390.915094 14.42629 0.00958 
 2454390.919808 14.43169 0.00959 
 2454390.924514 14.43770 0.00966 
 2454390.929220 14.43883 0.00972 
 2454390.933883 14.45367 0.00953 
 2454390.938632 14.46645 0.00956 
 2454390.943334 14.47368 0.00957 
 2454390.948037 14.48503 0.00945 
 2454391.837944 14.37674 0.00996 
 2454391.842660 14.36517 0.00991 
 2454391.847369 14.38426 0.00982 
 2454391.852079 14.37534 0.00979 
 2454391.856787 14.38384 0.00978 
 2454391.861495 14.38682 0.00975 
 2454391.866204 14.38100 0.00970 
 2454391.870912 14.37727 0.00976 
 2454391.875620 14.38262 0.00967 
 2454391.880320 14.37106 0.00958 
 2454391.885041 14.38158 0.00977 
 2454391.889751 14.37014 0.00962 
 2454391.894461 14.36991 0.00975 
 2454391.899164 14.37034 0.00958 
 2454391.904727 14.39182 0.00931 
 2454391.906929 14.37478 0.00954 
 2454391.911632 14.37325 0.00953 
 2454391.916351 14.37472 0.00952 
 2454391.921060 14.37121 0.00936 
 2454391.925762 14.37754 0.00939 
 2454391.930467 14.37966 0.00954 
 2454391.935189 14.37334 0.00939 
 2454391.939900 14.38839 0.00928 
 2454391.944610 14.37868 0.00936 
 2454391.949311 14.39118 0.00930 
 2454391.954029 14.38029 0.00952 
 2454391.958737 14.37214 0.00951 
 2454391.963446 14.37702 0.00945 
 2454391.968149 14.36591 0.00931 
 2454391.972865 14.37908 0.00931 
 2454391.977573 14.35465 0.00961 
 2454392.828094 14.41181 0.00998 
 2454392.832795 14.39561 0.01001 
 2454392.837513 14.39867 0.00993 
 2454392.842223 14.39096 0.00983 
 2454392.846933 14.39589 0.00945 
 2454392.851623 14.40313 0.00947 
 2454392.856352 14.39656 0.00934 
 2454392.861062 14.38330 0.00943 
 2454392.865772 14.40176 0.00937 
 2454392.870474 14.40334 0.00931 
 2454392.875190 14.39809 0.00928 
 2454392.879902 14.40103 0.00913 
 2454392.884612 14.38458 0.00912 
 2454392.889313 14.39163 0.00929 
 2454392.894030 14.40427 0.00912 
 2454392.899589 14.39191 0.00924 
 2454392.905144 14.40232 0.00949 
 2454392.907346 14.39010 0.00948 
 2454392.912050 14.40857 0.00920 
 2454392.916767 14.40172 0.00919 
 2454392.921476 14.40035 0.00939 
 2454392.926184 14.40560 0.00933 
 2454392.930884 14.39853 0.00917 
 2454392.935607 14.39532 0.00927 
 2454392.940318 14.40383 0.00923 
 2454392.945019 14.39740 0.00921 
 2454392.949735 14.40626 0.00926 
 2454392.954447 14.39456 0.00921 
 2454392.959157 14.39670 0.00947 
 2454392.963866 14.39166 0.00930 
 2454392.968567 14.38850 0.00904 
 2454392.973284 14.39122 0.00923 
 2454393.826433 14.39282 0.00959 
 2454393.831142 14.39027 0.00960 
 2454393.835843 14.39252 0.00947 
 2454393.840560 14.40749 0.00945 
 2454393.845270 14.39844 0.00941 
 2454393.849981 14.39465 0.00952 
 2454393.854683 14.39648 0.00916 
 2454393.859401 14.39372 0.00928 
 2454393.864114 14.40814 0.00905 
 2454393.868825 14.38749 0.00919 
 2454393.873530 14.38868 0.00921 
 2454393.878232 14.39676 0.00922 
 2454393.882955 14.39069 0.00912 
 2454393.887666 14.40969 0.00921 
 2454393.892376 14.40543 0.00900 
 2454393.897931 14.40805 0.00898 
 2454393.900134 14.39316 0.00911 
 2454393.904839 14.38989 0.00935 
 2454393.909552 14.40077 0.00919 
 2454393.914264 14.40278 0.00920 
 2454393.918976 14.41122 0.00929 
 2454393.923686 14.41614 0.00906 
 2454393.928389 14.40113 0.00931 
 2454393.933109 14.39877 0.00943 
 2454393.937818 14.39241 0.00930 
 2454393.942526 14.39243 0.00904 
 2454393.947228 14.41136 0.00916 
 2454393.951948 14.39091 0.00918 
 2454393.956658 14.39902 0.00926 
 2454393.961369 14.40700 0.00910 
 2454393.966078 14.40117 0.00908 
 2454393.970776 14.40818 0.00908 
 2454394.861486 14.38366 0.00955 
 2454394.866195 14.38268 0.00945 
 2454394.870906 14.37019 0.00918 
 2454394.875608 14.38191 0.00931 
 2454394.880327 14.37799 0.00918 
 2454394.885038 14.37002 0.00917 
 2454394.891951 14.38096 0.00909 
 2454394.896661 14.39252 0.00924 
 2454394.901365 14.38098 0.00904 
 2454394.906085 14.37428 0.00892 
 2454394.910795 14.38075 0.00904 
 2454394.915505 14.37939 0.00912 
 2454394.920213 14.37345 0.00898 
 2454394.924913 14.37851 0.00918 
 2454394.929635 14.38758 0.00924 
 2454394.934344 14.37577 0.00904 
 2454394.939047 14.38755 0.00888 
 2454394.943764 14.37698 0.00915 
 2454394.948476 14.37559 0.00906 
 2454394.953186 14.39008 0.00927 
 2454394.957888 14.36928 0.00900 
 2454394.962603 14.39492 0.00905 
 2454395.906892 14.39673 0.00963 
 2454395.939824 14.39298 0.00958 
 2454395.944542 14.38327 0.00966 
 2454395.949248 14.39245 0.00953 
 2454395.953953 14.38345 0.00960 
 2454395.958650 14.38536 0.00941 
 2454395.963371 14.38778 0.00970 
 2454396.948446 14.40413 0.00993 
 2454396.953149 14.39648 0.00950 
 2454396.957844 14.39356 0.00909 
 2454396.962556 14.35612 0.00948 
 2454407.790657 14.40388 0.00976 
 2454407.795368 14.40776 0.01006 
 2454407.842468 14.39470 0.01030 
 2454407.857442 14.40077 0.00928 
 2454407.862999 14.40518 0.00943 
 2454407.865201 14.39499 0.00939 
 2454407.869912 14.39728 0.00924 
 2454407.874623 14.39989 0.00945 
 2454407.879334 14.38192 0.00931 
 2454407.884045 14.39054 0.00951 
 2454407.888755 14.40818 0.00921 
 2454407.893466 14.38878 0.00940 
 2454407.898176 14.39978 0.00923 
 2454407.902888 14.41195 0.00908 
 2454407.907598 14.40074 0.00940 
 2454407.912310 14.41704 0.00931 
 2454407.917020 14.40098 0.00949 
 2454407.921731 14.41096 0.00942 
 2454407.926441 14.38815 0.00927 
 2454407.931152 14.41189 0.00946 
 2454408.830248 14.38953 0.00971 
 2454408.834957 14.37610 0.00964 
 2454408.839660 14.37968 0.00951 
 2454408.844377 14.39854 0.00965 
 2454408.849085 14.39119 0.00938 
 2454408.854639 14.37980 0.00954 
 2454408.860194 14.39258 0.00932 
 2454408.865749 14.38726 0.00952 
 2454408.867951 14.38657 0.00954 
 2454408.872661 14.38111 0.00938 
 2454408.877371 14.38804 0.00937 
 2454408.882082 14.39040 0.00931 
 2454408.886791 14.39688 0.00945 
 2454408.891499 14.38830 0.00951 
 2454408.896209 14.38267 0.00923 
 2454408.900917 14.38829 0.00948 
 2454408.905627 14.38429 0.00950 
 2454408.910336 14.38868 0.00952 
 2454408.915046 14.38323 0.00940 
 2454408.919755 14.39427 0.00927 
 2454408.924463 14.39059 0.00946 
 2454408.929173 14.40066 0.00941 
 2454409.785421 14.38998 0.01022 
 2454409.790131 14.38240 0.00989 
 2454409.794840 14.38676 0.01002 
 2454409.799551 14.38446 0.00998 
 2454409.804259 14.39574 0.00987 
 2454409.808969 14.38443 0.00977 
 2454409.813677 14.37418 0.00974 
 2454409.818387 14.38329 0.00967 
 2454409.823097 14.39081 0.00979 
 2454409.827805 14.38444 0.00963 
 2454409.832512 14.39954 0.00955 
 2454409.837236 14.39160 0.00959 
 2454409.841945 14.39894 0.00955 
 2454409.846654 14.38288 0.00942 
 2454409.852207 14.38661 0.00970 
 2454409.857764 14.39168 0.00913 
 2454409.859966 14.39658 0.00913 
 2454409.864673 14.39193 0.00961 
 2454409.869375 14.38624 0.00941 
 2454409.874094 14.38901 0.00946 
 2454409.878805 14.39074 0.00941 
 2454409.883515 14.39821 0.00966 
 2454409.888225 14.38929 0.00951 
 2454409.892935 14.39341 0.00925 
 2454409.897645 14.39342 0.00940 
 2454409.902354 14.38881 0.00944 
 2454409.907063 14.38140 0.00946 
 2454409.911772 14.38822 0.00926 
 2454409.916483 14.38657 0.00936 
 2454409.921193 14.39150 0.00941 
 2454409.925903 14.39091 0.00916 
 2454410.847816 14.40153 0.00936 
 2454410.853369 14.38562 0.00908 
 2454410.858923 14.39441 0.00881 
 2454410.861118 14.39148 0.00894 
 2454410.865833 14.40606 0.00885 
 2454410.870543 14.39372 0.00896 
 2454410.875242 14.40360 0.00876 
 2454410.879958 14.40243 0.00945 
 2454410.884670 14.40665 0.00831 
 2454410.894080 14.39697 0.00925 
 2454410.898798 14.40884 0.00856 
 2454410.903508 14.40703 0.00857 
 2454410.912928 14.39376 0.00879 
 2454410.917629 14.40853 0.00849 
 2454410.922348 14.40808 0.00865 
 2454412.781297 14.38240 0.00947 
 2454412.785975 14.38262 0.00957 
 2454412.790710 14.37946 0.00990 
 2454412.795421 14.37517 0.00927 
 2454412.800131 14.38118 0.00946 
 2454412.804832 14.37965 0.00910 
 2454412.809549 14.37220 0.00919 
 2454412.814260 14.37702 0.00924 
 2454412.818968 14.38108 0.00910 
 2454412.833096 14.38728 0.00901 
 2454412.837805 14.39104 0.00904 
 2454412.842513 14.37788 0.00860 
 2454412.853622 14.37610 0.01003 
 2454412.855825 14.37729 0.00905 
 2454412.860529 14.37596 0.00877 
 2454412.865230 14.37298 0.00882 
 2454412.869954 14.37501 0.00891 
 2454412.874664 14.37580 0.00870 
 2454412.879364 14.38083 0.00856 
 2454412.884081 14.37961 0.00859 
 2454412.888791 14.37438 0.00878 
 2454412.893500 14.37679 0.00862 
 2454412.898209 14.37918 0.00865 
 2454412.902908 14.37710 0.00858 
 2454412.907625 14.38342 0.00865 
 2454412.912334 14.38198 0.00873 
 2454412.917043 14.36834 0.00873 
 2454413.783571 14.38671 0.00953 
 2454413.788274 14.38441 0.00952 
 2454413.792987 14.39736 0.00945 
 2454413.797699 14.39270 0.00943 
 2454413.802409 14.39215 0.00927 
 2454413.807118 14.37496 0.00935 
 2454413.811818 14.38264 0.00911 
 2454413.816537 14.39115 0.00909 
 2454413.821245 14.38719 0.00915 
 2454413.825954 14.38764 0.00904 
 2454413.830654 14.39682 0.00890 
 2454413.835372 14.40463 0.00913 
 2454413.840082 14.38625 0.00904 
 2454413.845637 14.38483 0.00884 
 2454413.851191 14.39428 0.00907 
 2454413.853375 14.39071 0.00898 
 2454413.858104 14.39190 0.00898 
 2454413.862802 14.40191 0.00884 
 2454413.867518 14.40300 0.00833 
 2454413.872230 14.40878 0.00915 
 2454413.876940 14.39648 0.00872 
 2454413.881629 14.40182 0.00866 
 2454413.886357 14.40053 0.00888 
 2454413.891071 14.39804 0.00869 
 2454413.895781 14.40848 0.00850 
 2454413.900489 14.39012 0.00874 
 2454413.905177 14.39828 0.00886 
 2454413.909906 14.39652 0.00879 
 2454413.914614 14.40468 0.00890 
 2454414.805156 14.38514 0.00984 
 2454414.828711 14.39158 0.00949 
 2454416.834681 14.46734 0.00826 
 2454416.840043 14.44366 0.00850 
 2454416.845403 14.45257 0.00839 
 2454416.847510 14.44207 0.00850 
 2454416.852023 14.44567 0.00843 
 2454416.856541 14.42775 0.00866 
 2454416.861046 14.41858 0.00831 
 2454416.865567 14.40247 0.00844 
 2454416.870081 14.39486 0.00852 
 2454416.874592 14.40836 0.00854 
 2454416.879106 14.40049 0.00824 
 2454416.883618 14.40067 0.00855 
 2454416.888131 14.39232 0.00836 
 2454416.892644 14.40058 0.00859 
 2454416.897155 14.39761 0.00864 
 2454416.901661 14.40282 0.00826 
 2454416.906182 14.40284 0.00857 
 2454417.755444 14.39176 0.01008 
 2454417.759960 14.38250 0.01006 
 2454417.764475 14.39605 0.01000 
 2454417.768987 14.39122 0.00998 
 2454417.773500 14.38428 0.01003 
 2454417.778012 14.39337 0.00968 
 2454417.782525 14.37975 0.00973 
 2454417.787032 14.39158 0.00957 
 2454417.791552 14.41255 0.00941 
 2454417.796067 14.39694 0.00928 
 2454417.800580 14.39315 0.00949 
 2454417.805092 14.39924 0.00941 
 2454417.809607 14.39518 0.00920 
 2454417.814119 14.41045 0.00919 
 2454417.818633 14.40098 0.00927 
 2454417.823145 14.39940 0.00934 
 2454417.827658 14.40906 0.00914 
 2454417.829762 14.39642 0.00918 
 2454417.834277 14.39358 0.00898 
 2454417.838792 14.40285 0.00915 
 2454417.843305 14.39789 0.00905 
 2454417.847818 14.40577 0.00921 
 2454417.852330 14.41033 0.00897 
 2454417.856843 14.39524 0.00905 
 2454417.861356 14.39437 0.00909 
 2454417.865868 14.39636 0.00887 
 2454417.870383 14.40785 0.00869 
 2454417.874895 14.39958 0.00882 
 2454417.879408 14.40980 0.00863 
 2454417.883921 14.40508 0.00885 
 2454417.888435 14.39614 0.00877 
 2454417.892948 14.40650 0.00878 
 2454417.897463 14.39646 0.00865 
 2454418.754720 14.39415 0.00995 
 2454418.759225 14.41603 0.00975 
 2454418.763750 14.42437 0.00971 
 2454418.768262 14.42676 0.00964 
 2454418.772776 14.41680 0.00957 
 2454418.777289 14.43023 0.00938 
 2454418.781802 14.44679 0.00957 
 2454418.786316 14.45742 0.00913 
 2454418.790828 14.47232 0.00919 
 2454419.750468 14.38726 0.00928 
 2454419.754983 14.38953 0.00926 
 2454419.759492 14.39196 0.00897 
 2454419.764010 14.39594 0.00947 
 2454419.768524 14.38523 0.00929 
 2454419.773036 14.37120 0.00929 
 2454419.777548 14.38245 0.00935 
 2454419.782062 14.38823 0.00906 
 2454419.786575 14.39771 0.00862 
 2454419.791090 14.37814 0.00906 
 2454419.795603 14.38563 0.00898 
 2454419.800115 14.39508 0.00900 
 2454419.804629 14.38387 0.00903 
 2454419.829298 14.39159 0.00852 
 2454421.749876 14.40372 0.01084 
 2454421.754391 14.39516 0.01054 
 2454421.758904 14.39019 0.01028 
 2454421.763416 14.37752 0.01035 
 2454421.767928 14.39539 0.01001 
 2454421.772441 14.39989 0.01019 
 2454421.776956 14.38691 0.00994 
 2454421.781470 14.39265 0.00982 
 2454421.785984 14.39593 0.00988 
 2454421.790497 14.39318 0.00993 
 2454421.795010 14.39531 0.00980 
 2454421.799523 14.38747 0.00989 
 2454421.804038 14.39885 0.00958 
 2454421.808551 14.38722 0.00952 
 2454421.813058 14.39044 0.00975 
 2454421.817578 14.38844 0.00952 
 2454421.819682 14.38675 0.00969 
 2454421.824197 14.38339 0.00934 
 2454421.828711 14.39388 0.00937 
 2454421.833223 14.39297 0.00927 
 2454421.837739 14.39434 0.00918 
 2454421.842252 14.38805 0.00916 
 2454421.846765 14.41008 0.00928 
 2454421.851279 14.39292 0.00894 
 2454421.855793 14.39889 0.00912 
 2454421.860305 14.37917 0.00932 
 2454421.864818 14.39216 0.00909 
 2454421.869330 14.39591 0.00912 
 2454421.873843 14.39082 0.00924 
 2454421.878356 14.39377 0.00927 
 2454421.882869 14.39808 0.00929 
 2454421.887383 14.38402 0.00927 
 2454422.743168 14.38572 0.01141 
 2454422.747675 14.39193 0.01126 
 2454422.752197 14.39086 0.01102 
 2454422.756703 14.38055 0.01113 
 2454422.761225 14.38734 0.01069 
 2454422.765733 14.38109 0.01053 
 2454422.770252 14.38548 0.01054 
 2454422.774767 14.39394 0.01042 
 2454422.779278 14.39447 0.01028 
 2454422.783783 14.38527 0.00999 
 2454422.788306 14.39892 0.00982 
 2454422.792811 14.39349 0.00969 
 2454422.797332 14.37284 0.00965 
 2454422.801840 14.38454 0.00924 
 2454422.806360 14.39031 0.00898 
 2454422.810869 14.40424 0.00906 
 2454422.815388 14.38357 0.00912 
 2454422.822004 14.37928 0.00881 
 2454422.826521 14.38668 0.00913 
 2454422.831035 14.38724 0.00885 
 2454422.835548 14.38472 0.00883 
 2454422.840062 14.38880 0.00864 
 2454422.844575 14.38801 0.00901 
 2454422.849089 14.39706 0.00877 
 2454422.853601 14.38347 0.00870 
 2454422.858115 14.38390 0.00892 
 2454422.862621 14.38541 0.00885 
 2454422.867143 14.39095 0.00878 
 2454422.871651 14.38507 0.00880 
 2454422.876168 14.37489 0.00868 
 2454422.880677 14.38336 0.00891 
 2454422.885194 14.36287 0.00887 
 2454423.740903 14.39673 0.01184 
 2454423.745420 14.39086 0.01175 
 2454423.749934 14.38323 0.01164 
 2454423.754447 14.38929 0.01143 
 2454423.758960 14.40464 0.01130 
 2454423.763472 14.39735 0.01130 
 2454423.767985 14.38694 0.01131 
 2454423.772489 14.41414 0.01113 
 2454423.777012 14.41063 0.01083 
 2454423.781523 14.39960 0.01080 
 2454423.786039 14.38771 0.01059 
 2454423.790551 14.39402 0.01050 
 2454423.795065 14.38902 0.01037 
 2454423.799576 14.39578 0.01053 
 2454423.804089 14.38522 0.01046 
 2454423.808601 14.40294 0.01005 
 2454423.813963 14.38637 0.01006 
 2454423.816072 14.40328 0.01003 
 2454423.820589 14.38920 0.00974 
 2454423.825103 14.38941 0.00976 
 2454423.829619 14.39877 0.00949 
 2454423.834133 14.39742 0.00948 
 2454423.838646 14.38989 0.00918 
 2454423.843160 14.38891 0.00913 
 2454423.847673 14.38922 0.00877 
 2454423.852187 14.38596 0.00871 
 2454423.856700 14.39475 0.00868 
 2454423.861213 14.39439 0.00858 
 2454423.865725 14.38161 0.00854 
 2454423.870239 14.39730 0.00842 
 2454423.874752 14.38179 0.00852 
 2454423.879265 14.37802 0.00865 
 2454423.883777 14.37824 0.00848 
 2454424.737328 14.38985 0.01278 
 2454424.741851 14.39970 0.01248 
 2454424.746363 14.40297 0.01236 
 2454424.750880 14.40704 0.01190 
 2454424.755393 14.40374 0.01215 
 2454424.759907 14.41697 0.01204 
 2454424.764417 14.38894 0.01171 
 2454424.768934 14.39544 0.01158 
 2454424.773444 14.37643 0.01146 
 2454424.777960 14.39521 0.01135 
 2454424.782465 14.40552 0.01123 
 2454424.786987 14.41228 0.01119 
 2454424.791490 14.40964 0.01107 
 2454424.796013 14.39492 0.01091 
 2454424.800518 14.38798 0.01115 
 2454424.805040 14.42172 0.01092 
 2454424.809554 14.40210 0.01068 
 2454424.811652 14.39063 0.01073 
 2454424.816172 14.39382 0.01068 
 2454424.820687 14.41117 0.01061 
 2454424.825200 14.40378 0.01044 
 2454424.829713 14.40046 0.01045 
 2454424.843244 14.40150 0.00995 
 2454425.832958 14.39621 0.01206 
 2454425.837473 14.39635 0.01190 
 2454425.841986 14.39656 0.01183 
 2454425.846500 14.39004 0.01171 
 2454425.851015 14.39436 0.01168 
 2454425.855521 14.37473 0.01146 
 2454425.860042 14.39364 0.01158 
 2454425.864548 14.39286 0.01142 
 2454425.869068 14.39595 0.01143 
 2454425.873575 14.39394 0.01128 
 2454425.878097 14.40119 0.01113 
 2454425.882603 14.40714 0.01122 
 2454437.716247 14.39958 0.00924 
 2454437.720760 14.38541 0.00930 
 2454437.725273 14.39044 0.00917 
 2454437.734301 14.40185 0.00902 
 2454437.738813 14.39531 0.00917 
 2454437.743328 14.39003 0.00895 
 2454437.747839 14.38889 0.00902 
 2454437.752354 14.40633 0.00897 
 2454437.756867 14.39545 0.00875 
 2454437.761379 14.39141 0.00903 
 2454437.765894 14.39473 0.00894 
 2454437.770407 14.38602 0.00876 
 2454437.775762 14.39489 0.00870 
 2454437.777861 14.38326 0.00885 
 2454437.782383 14.38060 0.00884 
 2454437.786898 14.39736 0.00882 
 2454437.791413 14.39164 0.00871 
 2454437.795927 14.38582 0.00878 
 2454437.800441 14.39771 0.00852 
 2454437.804954 14.39852 0.00876 
 2454437.809467 14.40069 0.00859 
 2454437.813980 14.38547 0.00879 
 2454437.818492 14.40129 0.00852 
 2454437.823005 14.38885 0.00865 
 2454437.827518 14.38802 0.00879 
 2454437.832034 14.38241 0.00868 
 2454437.836545 14.38455 0.00866 
 2454437.841058 14.38454 0.00852 
 2454437.845572 14.39419 0.00852 
 2454437.850085 14.38872 0.00868 
 2454439.720118 14.38875 0.00911 
 2454439.724689 14.39261 0.00896 
 2454439.729284 14.39647 0.00886 
 2454439.733859 14.39654 0.00896 
 2454439.742993 14.38420 0.00879 
 2454439.747566 14.39526 0.00887 
 2454439.752142 14.39055 0.00890 
 2454439.756721 14.38202 0.00869 
 2454439.761289 14.39686 0.00881 
 2454439.765867 14.39286 0.00865 
 2454439.771289 14.40467 0.00857 
 2454439.787944 14.39429 0.00862 
 2454439.792457 14.38550 0.00878 
 2454439.796971 14.38996 0.00875 
 2454439.805997 14.39261 0.00869 
 2454439.815024 14.39499 0.00885 
 2454439.819537 14.40467 0.00848 
 2454439.824051 14.39355 0.00866 
 2454439.828564 14.39723 0.00865 
 2454439.833077 14.40093 0.00870 
 2454439.837592 14.39853 0.00850 
 2454439.842104 14.39498 0.00854 
 2454439.846620 14.39539 0.00860 
 2454464.739056 14.37537 0.00841 
 2454464.766127 14.38207 0.00872 
 2454464.770650 14.37038 0.00845 
 2454464.775163 14.39834 0.00854 
 2454465.716468 14.38952 0.00897 
 2454496.587236 14.39083 0.00961 
 2454496.624210 14.39808 0.00875 
 2454496.631178 14.39508 0.00885 
 2454496.638138 14.40059 0.00873 
 2454496.645089 14.38875 0.00857 
 2454496.652079 14.38822 0.00867 
 2454496.659048 14.39625 0.00867 
 2454496.666029 14.39003 0.00995 
 2454497.588723 14.39136 0.00950 
 2454497.595681 14.38619 0.00969 
 2454497.600256 14.39149 0.00949 
 2454497.607222 14.39536 0.00974 
 2454497.614177 14.40287 0.00920 
 2454497.621133 14.40390 0.00900 
 2454497.628089 14.40430 0.00917 
 2454497.642004 14.42443 0.00874 
 2454498.590890 14.39631 0.00999 
 2454498.595469 14.41405 0.00926 
 2454498.600049 14.38606 0.00901 
 2454498.607005 14.39270 0.00906 
 2454498.613960 14.38459 0.00908 
 2454498.620917 14.38696 0.00899 
 2454498.627874 14.39458 0.00869 
 2454498.634827 14.38866 0.00852 
 2454498.641792 14.39136 0.00886 
 2454498.648749 14.39272 0.00877 
 2454498.655719 14.40485 0.00851 
 2454498.662673 14.39300 0.00858 
 2454498.669630 14.39866 0.00851 
 2454724.932644 14.35361 0.02001 
 2454724.940576 14.39892 0.01924 
 2454724.948498 14.38176 0.01854 
 2454724.956421 14.39299 0.01774 
 2454724.964345 14.38177 0.01774 
 2454724.972266 14.38088 0.01746 
 2454724.979964 14.36516 0.01660 
 2454724.987673 14.38488 0.01589 
 2454724.995375 14.37812 0.01558 
 2454725.003071 14.37345 0.01580 
 2454727.911400 14.38930 0.01601 
 2454727.913585 14.39547 0.01613 
 2454727.915794 14.40888 0.01548 
 2454727.917982 14.40859 0.01527 
 2454727.920190 14.38740 0.01498 
 2454727.924576 14.41694 0.01500 
 2454727.926785 14.40299 0.01488 
 2454727.928981 14.35309 0.01527 
 2454727.931190 14.39357 0.01461 
 2454727.933389 14.39502 0.01470 
 2454727.935579 14.40482 0.01507 
 2454727.937788 14.39323 0.01457 
 2454727.939977 14.37700 0.01446 
 2454727.942187 14.38162 0.01451 
 2454727.944387 14.40281 0.01450 
 2454727.946573 14.38017 0.01415 
 2454727.948781 14.38759 0.01424 
 2454727.950967 14.40837 0.01396 
 2454727.953179 14.40561 0.01413 
 2454727.955377 14.38577 0.01411 
 2454727.957570 14.40570 0.01403 
 2454727.962293 14.40420 0.01374 
 2454727.967009 14.38911 0.01370 
 2454727.971725 14.39135 0.01386 
 2454727.976435 14.38576 0.01391 
 2454727.981160 14.38300 0.01381 
 2454727.985880 14.38628 0.01376 
 2454727.990599 14.38645 0.01353 
 2454727.995316 14.37667 0.01362 
 2454728.000031 14.37502 0.01350 
 2454728.004749 14.38598 0.01410 
 2454728.009455 14.38570 0.01508 
 2454734.868744 14.40246 0.01010 
 2454734.878696 14.39859 0.00957 
 2454734.888650 14.38047 0.00987 
 2454734.898607 14.38666 0.00968 
 2454734.911043 14.37201 0.00943 
 2454734.923465 14.37262 0.00935 
 2454734.935902 14.37743 0.00923 
 2454734.945849 14.37293 0.00916 
 2454734.955801 14.38116 0.00904 
 2454734.963505 14.37461 0.00893 
 2454734.971199 14.38019 0.00913 
 2454734.981381 14.36705 0.00906 
 2454734.989300 14.37076 0.00919 
 2454734.997229 14.37178 0.00945 
 2454735.005166 14.35925 0.00962 
 2454735.013097 14.36508 0.01246 
 2454737.856046 14.39920 0.01027 
 2454737.868358 14.39436 0.00957 
 2454737.878322 14.40353 0.00960 
 2454737.888281 14.39875 0.00908 
 2454737.900711 14.41995 0.00904 
 2454737.913137 14.46670 0.00902 
 2454737.925581 14.46390 0.00896 
 2454738.858176 14.39542 0.01009 
 2454738.868107 14.39653 0.01000 
 2454738.878060 14.40931 0.00958 
 2454738.888007 14.37487 0.00925 
 2454738.900422 14.38371 0.00924 
 2454738.912830 14.38899 0.00899 
 2454738.925257 14.38355 0.00866 
 2454738.935190 14.39247 0.00854 
 2454738.945186 14.39621 0.00852 
 2454738.955193 14.39698 0.00829 
 2454738.965180 14.40491 0.00812 
 2454738.977646 14.39320 0.00834 
 2454738.987815 14.38719 0.00821 
 2454738.997983 14.40309 0.00818 
 2454739.008152 14.37950 0.00889 
 2454739.896500 14.40266 0.00956 
 2454739.908927 14.39631 0.00936 
 2454739.921338 14.39253 0.00940 
 2454739.933741 14.41024 0.00931 
 2454739.943741 14.41107 0.00892 
 2454739.953745 14.41002 0.00867 
 2454739.986353 14.39693 0.00872 
 2454739.996516 14.40682 0.00835 
 2454741.850429 14.38125 0.01050 
 2454741.860384 14.39569 0.01078 
 2454741.870312 14.38911 0.01019 
 2454741.880265 14.38383 0.01007 
 2454741.892679 14.38980 0.00988 
 2454741.905101 14.38150 0.00960 
 2454741.917519 14.38164 0.00988 
 2454741.927455 14.39367 0.00915 
 2454741.937441 14.38574 0.00890 
 2454741.947438 14.39163 0.00908 
 2454741.957431 14.39476 0.00877 
 2454741.969896 14.40097 0.00872 
 2454741.980070 14.39990 0.00856 
 2454741.990235 14.38348 0.00851 
 2454742.000401 14.39607 0.00845 
 2454742.902678 14.40505 0.00847 
 2454742.915102 14.38495 0.00899 
 2454742.925057 14.40194 0.00764 
 2454742.935053 14.39846 0.00794 
 2454742.945051 14.40012 0.01023 
 2454742.955049 14.38670 0.00815 
 2454742.967534 14.40528 0.00837 
 2454742.977716 14.38979 0.00799 
 2454742.987896 14.39099 0.00819 
 2454742.998073 14.39705 0.00818 
 2454743.885382 14.39571 0.00913 
 2454743.897809 14.39101 0.00906 
 2454743.932605 14.41201 0.00845 
 2454743.942581 14.39465 0.00853 
 2454743.952560 14.38462 0.00847 
 2454743.965030 14.40490 0.00855 
 2454743.975189 14.39965 0.00840 
 2454743.985346 14.38346 0.00839 
 2454743.995495 14.39825 0.00824 
 2454745.846762 14.38372 0.01023 
 2454745.856694 14.39796 0.01001 
 2454745.866640 14.39656 0.00981 
 2454745.879075 14.39812 0.00949 
 2454745.891483 14.38835 0.00955 
 2454745.903898 14.40196 0.00969 
 2454745.916315 14.39165 0.00942 
 2454745.926298 14.40192 0.00910 
 2454745.936286 14.39169 0.00881 
 2454745.946276 14.39328 0.00898 
 2454745.958730 14.39235 0.00897 
 2454745.968906 14.39394 0.00912 
 2454745.979076 14.39438 0.00894 
 2454745.989244 14.39777 0.00897 
 2454746.856652 14.39406 0.01072 
 2454746.866583 14.40312 0.01032 
 2454746.878980 14.41763 0.00989 
 2454746.891382 14.41736 0.00985 
 2454746.903803 14.40915 0.01020 
 2454746.913727 14.40362 0.00970 
 2454746.923715 14.40071 0.00952 
 2454746.933691 14.40535 0.00961 
 2454746.943691 14.41160 0.00958 
 2454746.956147 14.39744 0.00934 
 2454746.966305 14.40426 0.00946 
 2454746.976464 14.38890 0.00934 
 2454746.986626 14.40074 0.00941 
 2454747.853586 14.37557 0.01050 
 2454747.863524 14.39410 0.01002 
 2454747.875929 14.38436 0.00979 
 2454747.888330 14.39263 0.00954 
 2454747.900749 14.37940 0.00969 
 2454747.910688 14.40389 0.00943 
 2454747.920688 14.39652 0.00913 
 2454747.930671 14.40230 0.00896 
 2454747.940665 14.39338 0.00903 
 2454747.953120 14.40763 0.00882 
 2454747.963280 14.36769 0.00907 
 2454747.973439 14.39392 0.00922 
 2454747.983598 14.39223 0.00912 
 2454748.831134 14.41754 0.01115 
 2454748.841055 14.39550 0.00989 
 2454748.850964 14.40014 0.00982 
 2454748.860864 14.38270 0.00954 
 2454748.873250 14.39552 0.00916 
 2454748.885621 14.39549 0.00917 
 2454748.897997 14.38565 0.00955 
 2454748.907908 14.37107 0.00891 
 2454748.917860 14.37687 0.00904 
 2454748.927816 14.38755 0.00872 
 2454748.937777 14.39368 0.00873 
 2454748.950202 14.38485 0.00894 
 2454748.960337 14.37957 0.00880 
 2454748.970470 14.39310 0.00859 
 2454748.980604 14.39605 0.00858 
 2454749.828347 14.39502 0.01359 
 2454749.838293 14.40044 0.01276 
 2454749.848244 14.36639 0.01239 
 2454749.858183 14.38905 0.01131 
 2454749.870601 14.39912 0.01051 
 2454749.883023 14.38102 0.00974 
 2454749.895432 14.40380 0.00970 
 2454749.905377 14.40280 0.00888 
 2454749.915371 14.38999 0.00916 
 2454749.925367 14.38270 0.00885 
 2454749.935359 14.39884 0.00863 
 2454749.947827 14.39674 0.00878 
 2454749.957996 14.39178 0.00862 
 2454749.968168 14.41565 0.00869 
 2454749.978346 14.38785 0.00853 
 2454752.854642 14.39090 0.01672 
 2454752.859374 14.38012 0.01600 
 2454752.864104 14.37896 0.01607 
 2454752.868828 14.39610 0.01570 
 2454752.892454 14.44183 0.01508 
 2454752.897167 14.42104 0.01460 
 2454752.901906 14.44824 0.01418 
 2454752.906628 14.47086 0.01415 
 2454752.911355 14.47383 0.01391 
 2454752.916080 14.45533 0.01387 
 2454752.920806 14.47965 0.01396 
 2454752.925531 14.47192 0.01378 
 2454777.889355 14.38645 0.00936 
 2454777.899143 14.38673 0.00929 
 2454777.908926 14.38758 0.00926 
 2454778.858405 14.39459 0.01138 
 2454778.878012 14.40602 0.00993 
 2454778.887811 14.39734 0.01004 
 2454778.897619 14.40803 0.00998 
 2454779.797160 14.38245 0.01320 
 2454779.804813 14.37356 0.01307 
 2454779.812455 14.37269 0.01325 
 2454779.820100 14.37789 0.01317 
 2454779.827518 14.36955 0.01266 
 2454779.834941 14.36921 0.01248 
 2454779.842358 14.38180 0.01216 
 2454779.849778 14.34770 0.01234 
 2454779.859590 14.36910 0.01188 
 2454779.869389 14.35641 0.01190 
 2454779.879193 14.36703 0.01167 
 2454779.888999 14.36592 0.01113 
 2454779.898805 14.36673 0.01076 
 2454789.718432 14.39391 0.01052 
 2454789.728014 14.38625 0.01011 
 2454789.737587 14.39723 0.00960 
 2454789.747153 14.38522 0.00969 
 2454789.759129 14.39184 0.00930 
 2454789.771089 14.40155 0.00985 
 2454789.783047 14.37389 0.01011 
 2454789.795000 14.38617 0.01075 
 2454789.804581 14.38657 0.01030 
 2454789.812008 14.38830 0.01063 
 2454789.819428 14.38895 0.01062 
 2454789.826853 14.39258 0.01037 
 2454789.836663 14.38046 0.01052 
 2454789.844316 14.38483 0.01067 
 2454789.851960 14.39114 0.01044 
 2454789.859600 14.40787 0.01061 
 2454789.867250 14.39592 0.01068 
 2454789.874894 14.39718 0.01082 
 2454790.715094 14.40873 0.01088 
 2454790.724650 14.39363 0.01021 
 2454790.734244 14.40508 0.00994 
 2454790.743816 14.39682 0.01009 
 2454790.755754 14.39480 0.00958 
 2454790.767728 14.39755 0.00952 
 2454790.779673 14.38304 0.00952 
 2454790.791633 14.38954 0.00994 
 2454790.801214 14.39470 0.00969 
 2454790.808623 14.38872 0.00943 
 2454790.816040 14.38746 0.00996 
 2454790.823447 14.38824 0.00964 
 2454790.833249 14.36965 0.00946 
 2454790.840881 14.37760 0.00964 
 2454790.848527 14.38184 0.00963 
 2454790.856182 14.38375 0.00978 
 2454790.863837 14.39130 0.00955 
 2454790.871471 14.38099 0.00954 
 2454791.732604 14.40634 0.01013 
 2454791.742178 14.41137 0.00955 
 2454791.754135 14.40777 0.00929 
 2454791.766099 14.41096 0.00941 
 2454791.778043 14.39200 0.00937 
 2454791.790000 14.38988 0.00975 
 2454791.801832 14.39200 0.00911 
 2454791.811462 14.39080 0.00920 
 2454791.821067 14.39017 0.00889 
 2454791.833073 14.39562 0.00902 
 2454791.842876 14.39890 0.00895 
 2454791.852667 14.39458 0.00918 
 2454791.862479 14.40693 0.00902 
 2454794.702314 14.40031 0.01050 
 2454794.714140 14.40348 0.01039 
 2454794.723714 14.39358 0.00988 
 2454794.733273 14.41298 0.00968 
 2454794.745227 14.39478 0.00950 
 2454794.769151 14.39205 0.00977 
 2454794.792922 14.39169 0.00882 
 2454794.802543 14.39851 0.00796 
 2454794.812178 14.37961 0.00874 
 2454794.824178 14.40484 0.00890 
 2454794.833972 14.40425 0.00868 
 2454794.843776 14.39783 0.00869 
