\INPUT_FILE = /exodata/ETSS-prep/KELT/s12/raw/KELT_S12_lc_025329_V01_west_tfa.dat
\INPUT_TYPE = "RAW"
\START_DATE = "Mon Mar 29, 03:20:20 2010"               
\STOP_DATE = "Mon Sep 16, 18:03:07 2013"               
\fixlen = T
\NUMRECORDS = 1226     
\
\ This file was produced by the NASA Exoplanet Archive  http://exoplanetarchive.ipac.caltech.edu 
\ Wed Jan 08, 18:13:14 2020
\ Documentation for the KELT Survey dataset can be found at http://exoplanetarchive.ipac.caltech.edu/docs/KELT.html
\
|          TIME|     MAG|MAG_ERR|
|          real|    real|   real|
|             d|     mag|    mag|
|          null|    null|   null|
 2455284.639125 14.09811 0.04215 
 2455285.626163 14.07456 0.04954 
 2455285.644870 14.14374 0.05312 
 2455293.613388 14.15635 0.03230 
 2455293.622096 14.19506 0.03347 
 2455293.630752 14.19483 0.03348 
 2455293.637303 14.14633 0.03127 
 2455294.611253 14.07280 0.02733 
 2455294.619921 14.11061 0.02775 
 2455294.628518 14.12818 0.02866 
 2455294.635137 14.12943 0.02878 
 2455294.639495 14.08188 0.02740 
 2455294.643831 14.09632 0.02834 
 2455297.601532 14.04383 0.02560 
 2455298.599892 14.08755 0.02477 
 2455298.613586 14.04478 0.02491 
 2455298.629350 14.06697 0.02647 
 2455298.645174 14.05604 0.02568 
 2455299.596718 14.06586 0.02445 
 2455299.610421 14.10924 0.02638 
 2455299.626170 14.10096 0.02702 
 2455299.642010 14.09628 0.02641 
 2455299.655631 14.08959 0.02702 
 2455300.597833 14.08993 0.02669 
 2455300.611529 14.08147 0.02620 
 2455300.627365 14.13796 0.02725 
 2455300.641002 14.13261 0.02729 
 2455300.654615 14.03377 0.02629 
 2455304.591337 14.22110 0.02749 
 2455304.605039 14.21940 0.02687 
 2455304.620883 14.25424 0.02768 
 2455304.634503 14.23058 0.02754 
 2455304.645911 14.20800 0.02773 
 2455305.587911 14.12074 0.02401 
 2455305.601614 14.06725 0.02321 
 2455305.617449 14.14252 0.02462 
 2455305.631071 14.08959 0.02355 
 2455305.644845 14.08744 0.02390 
 2455305.656258 14.11986 0.02547 
 2455312.552038 14.11042 0.04096 
 2455312.570607 14.09199 0.03896 
 2455312.582002 14.06538 0.03661 
 2455312.595513 14.10739 0.03710 
 2455312.609015 14.04128 0.03148 
 2455312.622532 14.13439 0.03994 
 2455312.633844 14.20261 0.03247 
 2455312.647380 14.16187 0.03052 
 2455324.536023 14.06845 0.02285 
 2455324.549752 14.05891 0.02426 
 2455324.563473 14.09064 0.02506 
 2455324.574992 14.10110 0.02415 
 2455324.586484 14.09602 0.02498 
 2455324.595710 14.13956 0.02736 
 2455324.607157 14.14397 0.02731 
 2455324.618614 14.11712 0.03123 
 2455332.497433 14.13395 0.02571 
 2455332.518331 14.11672 0.02473 
 2455332.534154 14.13665 0.02567 
 2455332.550006 14.14773 0.02777 
 2455332.563642 14.08448 0.02874 
 2455337.496878 14.21867 0.02802 
 2455337.510599 14.24728 0.02929 
 2455337.526467 14.16550 0.02826 
 2455337.540108 14.14548 0.02819 
 2455337.553755 14.14831 0.02856 
 2455337.565195 14.12008 0.02901 
 2455337.578833 14.13371 0.03008 
 2455338.495717 14.11816 0.02433 
 2455338.509442 14.12186 0.02380 
 2455338.525295 14.08340 0.02548 
 2455338.538946 14.10705 0.02362 
 2455338.552754 14.13716 0.02524 
 2455338.564194 14.10547 0.02495 
 2455338.579887 14.11877 0.02714 
 2455339.489490 14.13233 0.03288 
 2455339.501005 14.14707 0.03044 
 2455339.514578 14.11187 0.02640 
 2455339.528227 14.09650 0.02208 
 2455339.541872 14.13866 0.02249 
 2455339.553306 14.14509 0.02296 
 2455339.566963 14.13469 0.02275 
 2455339.582663 14.11161 0.02456 
 2455340.491832 14.07398 0.02992 
 2455340.499231 14.13096 0.03788 
 2455340.506634 14.15409 0.03681 
 2455340.518222 14.12998 0.03553 
 2455340.529817 14.09768 0.03410 
 2455340.541434 14.09664 0.03168 
 2455340.550803 14.15792 0.03326 
 2455340.562411 14.11158 0.02837 
 2455340.576060 14.11997 0.02601 
 2455348.461004 14.15970 0.03840 
 2455348.469706 14.20594 0.04037 
 2455348.478423 14.15988 0.04099 
 2455348.487123 14.13323 0.03841 
 2455348.493715 14.09996 0.04462 
 2455348.498092 14.09951 0.04096 
 2455348.502467 14.18174 0.04033 
 2455348.506840 14.12384 0.04010 
 2455348.511213 14.11771 0.03965 
 2455348.515588 14.14011 0.04159 
 2455348.519958 14.23533 0.04321 
 2455348.524327 14.12415 0.03957 
 2455348.528701 14.08993 0.03715 
 2455348.533075 14.13304 0.04181 
 2455353.453524 14.08747 0.02076 
 2455353.467257 14.09207 0.01941 
 2455353.483140 14.09952 0.02103 
 2455353.496801 14.13516 0.02158 
 2455353.510466 14.10647 0.02225 
 2455353.521906 14.10625 0.02289 
 2455353.535574 14.12987 0.02395 
 2455359.434034 14.16811 0.01941 
 2455359.447848 14.14515 0.01832 
 2455359.463743 14.12966 0.01834 
 2455359.479706 14.09499 0.01712 
 2455359.493467 14.11497 0.01663 
 2455359.504967 14.10947 0.01826 
 2455359.518719 14.13259 0.01804 
 2455365.424681 14.13112 0.01051 
 2455365.454501 14.12276 0.01709 
 2455365.468336 14.08854 0.01961 
 2455365.479832 14.14500 0.02107 
 2455365.493555 14.09034 0.02014 
 2455365.509320 14.12322 0.02158 
 2455368.398500 14.12560 0.03001 
 2455368.410444 14.08275 0.02821 
 2455368.417901 14.09534 0.02927 
 2455368.425355 14.08752 0.02844 
 2455368.434908 14.10287 0.02716 
 2455368.446588 14.16475 0.02918 
 2455368.458315 14.13251 0.03033 
 2455368.469983 14.07217 0.02673 
 2455368.479439 14.06247 0.02715 
 2455368.491105 14.11988 0.02815 
 2455368.504843 14.07497 0.02530 
 2455378.388925 14.21368 0.03121 
 2455378.402740 14.20852 0.03074 
 2455378.428136 14.21940 0.03005 
 2455378.439765 14.20869 0.02941 
 2455378.449085 14.22810 0.03240 
 2455378.472231 14.25104 0.03335 
 2455379.382388 14.10195 0.02759 
 2455379.396144 14.04582 0.02603 
 2455379.409909 14.08154 0.02726 
 2455379.421443 14.09462 0.02813 
 2455379.432983 14.12074 0.02856 
 2455379.442262 14.06690 0.02749 
 2455379.453758 14.10199 0.02897 
 2455379.467320 14.13457 0.02973 
 2455380.384677 14.12005 0.02088 
 2455380.398434 14.10387 0.02112 
 2455380.414334 14.09880 0.02380 
 2455380.428019 14.10696 0.02535 
 2455380.439485 14.10975 0.02467 
 2455380.453188 14.08924 0.02666 
 2455380.468931 14.14249 0.02770 
 2455385.370093 14.12375 0.01882 
 2455385.383863 14.09084 0.01917 
 2455385.399795 14.08274 0.01753 
 2455385.413486 14.12276 0.01720 
 2455385.424954 14.10033 0.01695 
 2455385.438644 14.11386 0.01685 
 2455391.351626 14.13182 0.01969 
 2455391.365395 14.09140 0.02021 
 2455391.381298 14.06677 0.01875 
 2455391.394980 14.06215 0.01837 
 2455391.408823 14.09479 0.01960 
 2455391.436031 14.12911 0.01980 
 2455394.339473 14.12045 0.01914 
 2455394.351082 14.08972 0.01864 
 2455394.364759 14.10467 0.01985 
 2455394.378533 14.11505 0.01937 
 2455394.392366 14.07729 0.01851 
 2455394.403894 14.07611 0.02041 
 2455394.417749 14.08292 0.01982 
 2455394.433619 14.08491 0.01969 
 2455395.324985 14.10416 0.02172 
 2455395.337014 14.13727 0.02106 
 2455395.344503 14.10953 0.02156 
 2455395.351981 14.12623 0.02181 
 2455395.361532 14.08351 0.02114 
 2455395.373231 14.13903 0.02050 
 2455395.385046 14.14647 0.02122 
 2455395.396759 14.09503 0.02100 
 2455395.406245 14.10296 0.02068 
 2455395.417943 14.10471 0.02105 
 2455396.332353 14.12554 0.02669 
 2455396.339842 14.09194 0.02768 
 2455396.347324 14.07093 0.02712 
 2455396.356872 14.13286 0.02816 
 2455396.368596 14.10460 0.02535 
 2455396.380323 14.10839 0.02822 
 2455396.392054 14.12750 0.02789 
 2455396.401515 14.09406 0.02696 
 2455396.413226 14.09511 0.02711 
 2455396.427023 14.12167 0.02752 
 2455406.295583 14.06448 0.03923 
 2455406.316608 14.11777 0.04395 
 2455406.332461 14.13744 0.04497 
 2455406.346250 14.13170 0.04363 
 2455406.357819 14.06739 0.04344 
 2455406.367128 14.17830 0.05027 
 2455406.378656 14.16318 0.04984 
 2455408.306418 14.06548 0.02089 
 2455408.320218 14.09409 0.01991 
 2455408.336158 14.13377 0.02161 
 2455408.349860 14.09692 0.02486 
 2455408.363728 14.12502 0.03025 
 2455409.306608 14.07876 0.01849 
 2455409.322486 14.10714 0.01858 
 2455409.338441 14.09535 0.01946 
 2455409.352160 14.07888 0.01959 
 2455409.363660 14.05528 0.01846 
 2455409.377370 14.09741 0.02236 
 2455409.391080 14.11359 0.02523 
 2455410.302304 14.07157 0.01903 
 2455410.316105 14.05853 0.01796 
 2455410.332046 14.14741 0.01928 
 2455410.345779 14.07686 0.01877 
 2455410.357275 14.07689 0.01826 
 2455410.371006 14.11711 0.01847 
 2455410.386775 14.08983 0.01775 
 2455411.281706 14.25007 0.02399 
 2455411.302769 14.20693 0.02122 
 2455411.334578 14.24761 0.02164 
 2455411.348307 14.25506 0.02185 
 2455411.359813 14.22172 0.02215 
 2455411.373542 14.21688 0.02210 
 2455411.387264 14.25882 0.02254 
 2455412.289665 14.11841 0.01745 
 2455412.303503 14.13135 0.01657 
 2455412.319431 14.13529 0.01649 
 2455412.335508 14.10439 0.01671 
 2455412.349290 14.10480 0.01631 
 2455412.360849 14.13479 0.01761 
 2455412.374678 14.09483 0.01768 
 2455413.292016 14.09870 0.02046 
 2455413.305856 14.11724 0.02049 
 2455413.321864 14.09899 0.01964 
 2455413.335642 14.10528 0.02064 
 2455413.349599 14.11481 0.02142 
 2455413.361231 14.11486 0.02118 
 2455413.377101 14.07120 0.01920 
 2455415.288948 14.07144 0.01973 
 2455415.302752 14.13085 0.02018 
 2455415.318689 14.08307 0.02015 
 2455415.332404 14.08904 0.01915 
 2455415.343889 14.08955 0.01927 
 2455415.357615 14.06571 0.01871 
 2455415.373398 14.07788 0.01904 
 2455416.268050 14.07942 0.01932 
 2455416.289085 14.07329 0.01898 
 2455416.304961 14.11181 0.01852 
 2455416.320895 14.06733 0.01839 
 2455416.334613 14.08571 0.01803 
 2455416.346106 14.06656 0.01744 
 2455416.359823 14.12464 0.01784 
 2455416.373545 14.10673 0.01911 
 2455418.281496 14.12630 0.01723 
 2455418.295389 14.12574 0.01696 
 2455418.311407 14.09986 0.01608 
 2455418.325274 14.17530 0.01803 
 2455418.336917 14.13837 0.01755 
 2455418.350783 14.13407 0.01778 
 2455419.278984 14.09909 0.01621 
 2455419.292847 14.11642 0.01579 
 2455419.308852 14.10482 0.01660 
 2455419.322681 14.12117 0.01593 
 2455419.334342 14.09958 0.01539 
 2455419.348195 14.09455 0.01601 
 2455419.364161 14.11193 0.01628 
 2455421.264166 14.10181 0.01809 
 2455421.275809 14.11838 0.01758 
 2455421.287452 14.13114 0.01641 
 2455421.301229 14.10819 0.01580 
 2455421.315004 14.06638 0.01688 
 2455421.326563 14.09436 0.02816 
 2455421.340418 14.16584 0.05419 
 2455422.259975 14.22130 0.02025 
 2455422.267472 14.25113 0.02067 
 2455422.274958 14.24040 0.01965 
 2455422.282453 14.24540 0.02040 
 2455422.294178 14.21723 0.01958 
 2455422.305908 14.24263 0.01906 
 2455422.327190 14.25397 0.02136 
 2455422.338915 14.21643 0.02017 
 2455422.352711 14.21749 0.01949 
 2455423.248423 14.07209 0.02008 
 2455423.260478 14.09609 0.02406 
 2455423.267963 14.12333 0.02188 
 2455423.275465 14.12508 0.02135 
 2455423.285031 14.15580 0.02234 
 2455423.296737 14.10306 0.02010 
 2455423.308452 14.09406 0.01992 
 2455423.320181 14.14557 0.02154 
 2455423.329660 14.13282 0.01924 
 2455423.341405 14.11995 0.02052 
 2455437.243273 14.11257 0.01958 
 2455437.259373 14.11200 0.01864 
 2455437.273241 14.09538 0.01878 
 2455437.284816 14.10927 0.01864 
 2455437.298695 14.13169 0.01884 
 2455437.314649 14.12495 0.01962 
 2455438.245960 14.11740 0.02112 
 2455438.262036 14.10731 0.01996 
 2455438.275822 14.05997 0.01835 
 2455438.287403 14.09093 0.01933 
 2455438.301208 14.06437 0.01896 
 2455441.252631 14.14475 0.02208 
 2455441.266384 14.16907 0.02134 
 2455441.277910 14.14531 0.02155 
 2455441.291649 14.20880 0.02259 
 2455441.305382 14.21149 0.02319 
 2455442.251458 14.11916 0.02086 
 2455442.265192 14.12695 0.02050 
 2455442.276699 14.06093 0.01956 
 2455442.290443 14.07985 0.01960 
 2455443.252269 14.09141 0.02906 
 2455443.277671 14.09097 0.03059 
 2455443.293468 14.07429 0.02183 
 2455444.263948 14.22743 0.02263 
 2455444.277668 14.24075 0.02386 
 2455444.293457 14.22362 0.02250 
 2455446.248365 14.15080 0.02150 
 2455449.252498 14.08402 0.02255 
 2455449.266265 14.10884 0.02354 
 2455449.282063 14.09248 0.02209 
 2455450.255411 14.10761 0.02380 
 2455450.267078 14.12908 0.02165 
 2455450.280834 14.09771 0.02206 
 2455459.246665 14.08395 0.03340 
 2455648.639959 14.12477 0.02486 
 2455648.648931 14.04174 0.02292 
 2455648.657782 14.11073 0.03036 
 2455649.638299 14.12517 0.02274 
 2455649.647164 14.12776 0.02368 
 2455649.656008 14.09459 0.02734 
 2455650.634154 14.09263 0.02202 
 2455650.646145 14.09714 0.02145 
 2455650.654988 14.09783 0.02389 
 2455654.632482 14.11590 0.01766 
 2455654.646500 14.05160 0.02083 
 2455654.653202 14.12249 0.02204 
 2455654.657637 14.15634 0.02410 
 2455655.628485 14.05660 0.02011 
 2455655.642513 14.08486 0.02060 
 2455655.649191 14.10108 0.02053 
 2455655.653605 14.10609 0.02070 
 2455655.658040 14.12223 0.02434 
 2455656.626247 14.05746 0.02279 
 2455656.640280 14.07047 0.02200 
 2455656.646971 14.06499 0.02318 
 2455656.651563 14.07777 0.02257 
 2455656.655992 14.07791 0.02321 
 2455656.660417 14.09236 0.02574 
 2455657.623036 14.22762 0.02320 
 2455657.637037 14.23637 0.02268 
 2455657.653252 14.22368 0.02239 
 2455657.662094 14.21980 0.02695 
 2455659.631138 14.05072 0.02128 
 2455659.647355 14.11579 0.02240 
 2455659.651776 14.18296 0.02275 
 2455659.656214 14.11852 0.02248 
 2455659.660638 14.10049 0.02575 
 2455660.624491 14.10810 0.01310 
 2455660.640677 14.10725 0.02766 
 2455660.654694 14.14763 0.02394 
 2455660.659145 14.13993 0.02502 
 2455661.611559 14.08058 0.02066 
 2455661.625614 14.07786 0.02193 
 2455661.641912 14.11675 0.02407 
 2455661.655931 14.08845 0.02408 
 2455661.660383 14.13906 0.02784 
 2455664.644775 14.08661 0.02357 
 2455664.649188 14.10706 0.02331 
 2455664.653640 14.10702 0.02463 
 2455664.660526 14.06521 0.02468 
 2455666.598197 14.07387 0.02297 
 2455666.612141 14.11167 0.02362 
 2455666.628204 14.09176 0.02329 
 2455666.642045 14.07573 0.02152 
 2455682.554146 14.12136 0.02462 
 2455682.568167 14.09587 0.02297 
 2455682.584443 14.11761 0.02371 
 2455682.598354 14.14081 0.02417 
 2455682.612445 14.12047 0.02418 
 2455682.624083 14.11095 0.02785 
 2455682.640089 14.09725 0.02654 
 2455692.510828 14.15581 0.02207 
 2455692.532257 14.06780 0.02320 
 2455692.548349 14.07516 0.02355 
 2455692.564527 14.11430 0.02417 
 2455692.578433 14.09729 0.02571 
 2455692.590093 14.11794 0.02577 
 2455692.604007 14.10814 0.02711 
 2455692.620072 14.12202 0.03066 
 2455693.525982 14.11924 0.02280 
 2455693.540046 14.03861 0.02157 
 2455693.556282 14.08625 0.02226 
 2455693.570225 14.09828 0.02215 
 2455693.581878 14.09951 0.02324 
 2455693.595785 14.08101 0.02460 
 2455693.611813 14.09251 0.02464 
 2455694.517727 14.10850 0.02549 
 2455694.531772 14.10276 0.02195 
 2455694.547893 14.08516 0.02257 
 2455694.561851 14.10716 0.02420 
 2455694.575800 14.10322 0.02481 
 2455694.587453 14.14052 0.02739 
 2455694.601374 14.08703 0.02471 
 2455695.501917 14.09940 0.03042 
 2455695.521091 14.13109 0.03016 
 2455695.532828 14.16715 0.03035 
 2455695.546746 14.13224 0.02695 
 2455695.560664 14.07185 0.02415 
 2455695.574787 14.10404 0.02230 
 2455695.586503 14.13059 0.02319 
 2455695.602604 14.10855 0.02270 
 2455713.527870 14.13356 0.01948 
 2455713.582092 14.15599 0.02178 
 2455714.449787 14.13674 0.01813 
 2455714.471194 14.10558 0.01844 
 2455714.487327 14.10510 0.01867 
 2455714.503575 14.11640 0.01951 
 2455714.517574 14.12162 0.02036 
 2455714.529258 14.12045 0.01969 
 2455714.543228 14.14029 0.02073 
 2455714.557256 14.11738 0.02047 
 2455715.447327 14.13093 0.01819 
 2455715.468660 14.07407 0.01896 
 2455715.484787 14.12828 0.01621 
 2455715.500988 14.08635 0.01836 
 2455715.514914 14.12133 0.01854 
 2455715.526627 14.14221 0.02626 
 2455715.540600 14.11676 0.01885 
 2455715.554554 14.11401 0.02060 
 2455717.457667 14.09841 0.02023 
 2455717.471778 14.06214 0.01947 
 2455717.488171 14.09919 0.02053 
 2455717.502124 14.12980 0.02052 
 2455717.516187 14.11394 0.01902 
 2455719.438440 14.13421 0.02032 
 2455719.459801 14.12434 0.02054 
 2455719.475912 14.05987 0.02004 
 2455719.492094 14.10420 0.01903 
 2455719.506047 14.15211 0.02015 
 2455719.517773 14.13936 0.02028 
 2455719.531755 14.12467 0.02063 
 2455731.405430 14.09858 0.03429 
 2455731.416704 14.14590 0.03597 
 2455731.425774 14.10084 0.03318 
 2455731.446479 14.16076 0.03683 
 2455731.451059 14.10774 0.03407 
 2455731.455665 14.16595 0.03666 
 2455731.464854 14.15617 0.03673 
 2455731.469460 14.13408 0.03529 
 2455731.474055 14.16499 0.03510 
 2455731.478645 14.19382 0.03797 
 2455731.483229 14.17092 0.03582 
 2455731.487935 14.17043 0.03874 
 2455731.490276 14.16613 0.03763 
 2455731.492566 14.24638 0.03870 
 2455733.417815 14.10478 0.02449 
 2455733.431851 14.09254 0.02320 
 2455733.445907 14.12259 0.02440 
 2455733.457722 14.16565 0.02483 
 2455733.469673 14.13320 0.02523 
 2455733.479153 14.11044 0.02549 
 2455733.490920 14.11874 0.02520 
 2455733.502706 14.11629 0.02692 
 2455734.415549 14.23407 0.02482 
 2455734.429591 14.25007 0.02565 
 2455734.443666 14.17060 0.02508 
 2455734.455480 14.19720 0.02940 
 2455734.467436 14.12820 0.02634 
 2455734.476936 14.14888 0.02591 
 2455734.488672 14.16367 0.02892 
 2455734.500434 14.10997 0.02295 
 2455739.400476 14.07013 0.01586 
 2455739.414551 14.08633 0.01720 
 2455739.430813 14.11634 0.01902 
 2455740.398204 14.11526 0.01854 
 2455740.412275 14.11025 0.02000 
 2455740.428527 14.11024 0.01906 
 2455740.442565 14.15151 0.02001 
 2455740.454342 14.12067 0.02021 
 2455740.468359 14.08243 0.02184 
 2455740.484498 14.11638 0.02305 
 2455743.370475 14.12954 0.01477 
 2455743.523383 14.12672 0.01676 
 2455744.370168 14.11924 0.01510 
 2455744.391593 14.08421 0.01580 
 2455744.407816 14.07233 0.01525 
 2455744.424058 14.10957 0.01525 
 2455744.438056 14.12830 0.01537 
 2455744.449811 14.13238 0.01591 
 2455744.463846 14.12651 0.01617 
 2455749.435748 14.11287 0.01952 
 2455749.449691 14.14814 0.02042 
 2455751.350770 14.16024 0.02881 
 2455751.362915 14.13533 0.02632 
 2455751.370543 14.08356 0.02432 
 2455751.378176 14.11431 0.02440 
 2455751.387879 14.10816 0.02450 
 2455751.399777 14.08428 0.02458 
 2455751.411674 14.14267 0.02659 
 2455751.423587 14.12688 0.02740 
 2455751.433243 14.12073 0.02410 
 2455751.445116 14.13820 0.02653 
 2455761.338303 14.05927 0.02747 
 2455761.352629 14.07894 0.02839 
 2455761.367121 14.07045 0.02826 
 2455761.379123 14.11262 0.03207 
 2455761.391259 14.15209 0.03289 
 2455761.400961 14.15752 0.03223 
 2455761.413000 14.06361 0.02903 
 2455761.425018 14.09389 0.02890 
 2455762.320175 14.14665 0.01984 
 2455762.341780 14.09815 0.02019 
 2455762.358121 14.13500 0.02438 
 2455762.374647 14.10154 0.02607 
 2455762.388731 14.12395 0.02577 
 2455762.400516 14.11035 0.02603 
 2455762.414583 14.11222 0.02702 
 2455763.333662 14.04266 0.01851 
 2455763.347807 14.07382 0.01883 
 2455763.364185 14.07404 0.01880 
 2455763.378355 14.11579 0.02033 
 2455763.390148 14.13715 0.02245 
 2455763.404213 14.10883 0.02295 
 2455763.420427 14.10721 0.02504 
 2455764.330163 14.14208 0.01820 
 2455764.344341 14.16822 0.01830 
 2455764.360877 14.22889 0.01951 
 2455764.389206 14.24176 0.02007 
 2455764.401061 14.23244 0.01879 
 2455764.417394 14.24049 0.02171 
 2455765.331747 14.07065 0.01754 
 2455765.348080 14.09513 0.01677 
 2455765.364434 14.10929 0.01753 
 2455765.378501 14.06807 0.01693 
 2455765.390313 14.08582 0.01741 
 2455765.404388 14.10461 0.01875 
 2455765.418556 14.11460 0.01863 
 2455772.293695 14.09189 0.01853 
 2455772.314930 14.10431 0.01823 
 2455772.330965 14.12234 0.01996 
 2455772.347062 14.15659 0.01995 
 2455772.360920 14.09058 0.01945 
 2455772.372563 14.11818 0.02064 
 2455772.386396 14.13483 0.01917 
 2455773.307406 14.08589 0.01908 
 2455773.321334 14.04334 0.01893 
 2455773.337396 14.06221 0.01973 
 2455773.351227 14.14311 0.02249 
 2455773.362841 14.09068 0.02172 
 2455773.376798 14.08674 0.02053 
 2455773.392811 14.07176 0.01904 
 2455774.304505 14.05627 0.01911 
 2455774.318465 14.07629 0.01868 
 2455774.334572 14.12823 0.01925 
 2455774.348431 14.07648 0.01902 
 2455774.360052 14.08514 0.01909 
 2455774.373927 14.11963 0.02006 
 2455774.389842 14.11523 0.01923 
 2455775.297122 14.21397 0.02254 
 2455775.311056 14.21239 0.02011 
 2455775.329297 14.22353 0.01966 
 2455775.343133 14.22789 0.02054 
 2455775.357199 14.21204 0.02031 
 2455775.384858 14.20793 0.02099 
 2455776.280353 14.13384 0.02181 
 2455776.299449 14.08798 0.02095 
 2455776.311144 14.08809 0.01990 
 2455776.325035 14.13516 0.02035 
 2455776.338876 14.11158 0.01993 
 2455776.352728 14.14950 0.02225 
 2455776.378214 14.08300 0.01580 
 2455777.280406 14.10826 0.02324 
 2455777.299530 14.08230 0.02298 
 2455777.311187 14.08458 0.02180 
 2455777.338829 14.10910 0.01939 
 2455777.352770 14.12087 0.01949 
 2455777.364322 14.08458 0.02001 
 2455777.380218 14.06525 0.01913 
 2455787.266370 14.12928 0.04395 
 2455787.280525 14.12072 0.04399 
 2455787.292576 14.13870 0.04246 
 2455788.264706 14.06954 0.03415 
 2455788.278672 14.10900 0.03566 
 2455788.292621 14.04890 0.03317 
 2455788.304303 14.10448 0.03423 
 2455788.315957 14.08700 0.03468 
 2455788.325355 14.10050 0.03459 
 2455788.336963 14.17227 0.03924 
 2455788.350653 14.15028 0.03610 
 2455790.244673 14.08598 0.02043 
 2455790.265783 14.09371 0.01845 
 2455790.281757 14.08716 0.01897 
 2455790.297798 14.08366 0.02502 
 2455790.311605 14.11630 0.02682 
 2455790.323147 14.12167 0.02882 
 2455790.336945 14.04934 0.02817 
 2455791.255500 14.12104 0.02115 
 2455791.269657 14.06826 0.01967 
 2455791.300122 14.16232 0.02252 
 2455791.314429 14.08394 0.01582 
 2455791.326268 14.05740 0.01911 
 2455791.342468 14.09752 0.02496 
 2455793.321651 14.14490 0.01885 
 2455793.337839 14.13130 0.02034 
 2455794.232654 14.08200 0.02257 
 2455794.254199 14.08470 0.02111 
 2455794.270532 14.11172 0.02176 
 2455794.286906 14.07291 0.02139 
 2455794.300979 14.13769 0.02221 
 2455794.312792 14.15361 0.02236 
 2455794.326871 14.13393 0.02112 
 2455798.234754 14.16748 0.02184 
 2455798.236921 14.14264 0.02107 
 2455798.239081 14.13864 0.02113 
 2455798.241246 14.13312 0.02122 
 2455798.243420 14.15626 0.02228 
 2455798.245590 14.09286 0.02150 
 2455798.247750 14.18198 0.02221 
 2455798.249909 14.20139 0.02342 
 2455798.252071 14.15448 0.02500 
 2455798.254232 14.13421 0.02287 
 2455798.256388 14.10892 0.02054 
 2455798.258560 14.14412 0.05278 
 2455798.260747 14.19226 0.02546 
 2455798.262935 14.13801 0.02224 
 2455798.265092 14.11216 0.02339 
 2455798.267248 14.13323 0.01990 
 2455798.275917 14.10298 0.02037 
 2455798.282428 14.02975 0.02955 
 2455798.284587 14.13053 0.01844 
 2455798.286763 14.12041 0.01897 
 2455798.291089 14.16239 0.01997 
 2455798.293266 14.07862 0.01624 
 2455799.234275 14.13417 0.01923 
 2455799.236443 14.12849 0.01884 
 2455799.238600 14.13470 0.01902 
 2455799.240773 14.13683 0.01941 
 2455799.242938 14.12211 0.01770 
 2455799.245111 14.13933 0.01782 
 2455799.247278 14.12480 0.01813 
 2455799.249439 14.13124 0.01821 
 2455799.251620 14.13388 0.01846 
 2455799.253787 14.13340 0.01818 
 2455799.255963 14.09238 0.01794 
 2455799.258138 14.09331 0.01843 
 2455799.260316 14.12411 0.02041 
 2455799.262490 14.14001 0.01946 
 2455799.264672 14.09156 0.01916 
 2455799.266837 14.12520 0.01935 
 2455799.269005 14.10943 0.02066 
 2455799.271175 14.13711 0.02008 
 2455799.273351 14.08393 0.01847 
 2455799.275526 14.10558 0.01915 
 2455799.277694 14.11427 0.01958 
 2455799.279874 14.13396 0.01942 
 2455799.282036 14.16582 0.01916 
 2455799.284197 14.13626 0.01990 
 2455799.286378 14.10698 0.01923 
 2455799.288575 14.14277 0.01948 
 2455799.290751 14.12429 0.01881 
 2455799.292909 14.09748 0.01910 
 2455799.295074 14.11325 0.02072 
 2455799.297253 14.11369 0.01995 
 2455799.299410 14.12238 0.01959 
 2455799.301576 14.10709 0.01970 
 2455799.303744 14.09869 0.01984 
 2455799.305937 14.09915 0.01932 
 2455799.308118 14.09665 0.01955 
 2455799.310287 14.13358 0.01846 
 2455799.312449 14.11587 0.01888 
 2455799.314618 14.14869 0.01950 
 2455803.236417 14.19706 0.03669 
 2455803.238595 14.15114 0.01841 
 2455803.240763 14.16973 0.02720 
 2455803.242930 14.11477 0.02459 
 2455803.245106 14.13759 0.01980 
 2455803.247281 14.08947 0.03333 
 2455803.249452 14.09023 0.02025 
 2455803.298839 14.13541 0.02233 
 2455803.301061 14.13911 0.02448 
 2455803.303234 14.16991 0.02177 
 2455803.307301 14.09085 0.02102 
 2455804.247219 14.17792 0.02829 
 2455804.249394 14.07807 0.02300 
 2455804.251566 14.09809 0.02163 
 2455804.253735 14.11912 0.02442 
 2455804.255911 14.12471 0.02278 
 2455804.258080 14.07614 0.02163 
 2455804.260242 14.07918 0.02313 
 2455804.262418 14.14272 0.02177 
 2455804.264582 14.14953 0.02421 
 2455804.266749 14.08975 0.02361 
 2455804.268915 14.13937 0.02257 
 2455804.271108 14.12622 0.02394 
 2455804.273289 14.09195 0.02433 
 2455804.282308 14.11204 0.02076 
 2455804.289618 14.12860 0.02094 
 2455804.305721 14.11105 0.02424 
 2455805.241457 14.13563 0.02276 
 2455805.248758 14.11868 0.02283 
 2455805.256034 14.10674 0.02223 
 2455805.263320 14.12139 0.02169 
 2455805.270615 14.10339 0.02060 
 2455805.277946 14.09411 0.02081 
 2455805.285273 14.11619 0.02266 
 2455805.292581 14.13001 0.02312 
 2455805.302029 14.16295 0.02207 
 2455813.244185 14.10375 0.04133 
 2455815.248917 14.13840 0.04629 
 2455815.258356 14.10581 0.04651 
 2455815.267785 14.02256 0.03802 
 2455815.277232 14.19717 0.05338 
 2455818.249355 14.17097 0.03262 
 2455818.258774 14.11026 0.03440 
 2455820.249612 14.14356 0.02171 
 2455820.259110 14.13632 0.02308 
 2455821.251840 14.13588 0.02138 
 2455821.261305 14.15822 0.02368 
 2456006.654681 14.08522 0.03077 
 2456007.651485 14.11784 0.02725 
 2456007.653626 14.10989 0.02938 
 2456012.634182 14.15186 0.02186 
 2456012.639531 14.14214 0.02290 
 2456012.646316 14.12462 0.02421 
 2456012.648472 14.18878 0.02405 
 2456012.655209 14.12817 0.02657 
 2456015.628496 14.11569 0.02334 
 2456015.633908 14.09627 0.02219 
 2456015.640721 14.10164 0.02209 
 2456015.643026 14.10245 0.02258 
 2456015.649827 14.05360 0.02279 
 2456015.651989 14.06884 0.02281 
 2456018.617157 14.14811 0.02157 
 2456018.622515 14.11420 0.02112 
 2456018.629246 14.11646 0.02257 
 2456018.634623 14.07867 0.02062 
 2456018.641364 14.15094 0.02156 
 2456018.643505 14.12515 0.02177 
 2456018.650196 14.10774 0.02186 
 2456018.652315 14.09527 0.02172 
 2456018.656777 14.12239 0.02479 
 2456018.658916 14.12461 0.02611 
 2456018.663376 14.11933 0.03770 
 2456019.617292 14.09682 0.02311 
 2456019.622702 14.12828 0.02358 
 2456019.629628 14.12103 0.02373 
 2456019.635038 14.06650 0.02282 
 2456019.641816 14.15898 0.02384 
 2456020.614936 14.10420 0.02420 
 2456020.620258 14.15324 0.02632 
 2456020.627003 14.06416 0.02325 
 2456020.632335 14.12984 0.02418 
 2456020.639065 14.09154 0.02512 
 2456020.646511 14.10674 0.02435 
 2456020.650948 14.09558 0.02365 
 2456020.653066 14.11027 0.02417 
 2456020.657493 14.09918 0.02656 
 2456020.659606 14.13702 0.03013 
 2456020.664043 14.11650 0.03833 
 2456021.609308 14.19742 0.02739 
 2456021.614607 14.16735 0.02721 
 2456021.621359 14.16002 0.02610 
 2456021.626685 14.16847 0.02604 
 2456021.633425 14.18254 0.02522 
 2456021.640840 14.20599 0.02625 
 2456021.645311 14.14385 0.02526 
 2456021.647437 14.15973 0.02520 
 2456021.651858 14.20150 0.02645 
 2456021.653977 14.16769 0.02679 
 2456021.658381 14.21050 0.02983 
 2456021.660504 14.15608 0.02948 
 2456021.664929 14.18235 0.04706 
 2456131.324327 14.24062 0.01815 
 2456132.315566 14.13448 0.01956 
 2456132.320040 14.08914 0.01843 
 2456132.330004 14.14561 0.01764 
 2456132.334461 14.07292 0.02215 
 2456132.348743 14.11156 0.01869 
 2456132.353210 14.13204 0.01640 
 2456132.369642 14.06990 0.02489 
 2456132.374082 14.09294 0.01577 
 2456132.388351 14.11328 0.01674 
 2456132.392813 14.10559 0.01766 
 2456133.309828 14.14651 0.02114 
 2456133.311989 14.13020 0.02029 
 2456133.321952 14.14590 0.01988 
 2456133.324123 14.12587 0.01999 
 2456133.336335 14.17608 0.02117 
 2456133.338522 14.13388 0.02109 
 2456133.355062 14.16298 0.02109 
 2456133.357234 14.10612 0.01956 
 2456133.374487 14.13079 0.01943 
 2456133.378948 14.12996 0.01944 
 2456133.393221 14.14595 0.01943 
 2456133.397669 14.14826 0.01917 
 2456134.304639 14.13320 0.02593 
 2456134.306808 14.15899 0.02494 
 2456134.316787 14.15735 0.02297 
 2456134.318957 14.13209 0.02246 
 2456134.328946 14.11601 0.02348 
 2456134.347637 14.15465 0.02321 
 2456134.349821 14.11771 0.03029 
 2456134.366323 14.13410 0.02229 
 2456134.370806 14.09805 0.02315 
 2456143.280085 14.11097 0.03382 
 2456143.286821 14.11125 0.03307 
 2456143.296838 14.17534 0.03672 
 2456143.303567 14.12752 0.03418 
 2456143.315801 14.08698 0.03384 
 2456143.320263 14.15177 0.03724 
 2456143.332498 14.11575 0.03540 
 2456143.336979 14.10801 0.03617 
 2456143.346823 14.10843 0.03644 
 2456143.353589 14.14531 0.03650 
 2456143.363383 14.13877 0.03983 
 2456143.367847 14.15650 0.03758 
 2456149.267364 14.09984 0.01841 
 2456149.277378 14.10324 0.01815 
 2456149.284178 14.11883 0.01819 
 2456149.298545 14.11305 0.01727 
 2456149.303031 14.07245 0.01675 
 2456149.319584 14.11140 0.01658 
 2456149.324070 14.09284 0.01703 
 2456149.336144 14.06552 0.01739 
 2456149.342913 14.10542 0.01741 
 2456157.248971 14.15156 0.02010 
 2456157.255704 14.12679 0.01977 
 2456157.265682 14.11393 0.01907 
 2456157.272404 14.14261 0.01939 
 2456157.288925 14.09660 0.01869 
 2456157.293409 14.12379 0.01953 
 2456157.307752 14.14508 0.01867 
 2456157.314497 14.18643 0.01949 
 2456157.328789 14.16822 0.01846 
 2456157.333291 14.12445 0.01841 
 2456158.242581 14.12719 0.02009 
 2456158.249327 14.09533 0.02005 
 2456158.259335 14.09789 0.02017 
 2456158.266061 14.14093 0.02108 
 2456158.282569 14.08187 0.01921 
 2456158.287048 14.08005 0.01830 
 2456158.304320 14.14117 0.01893 
 2456158.311040 14.13121 0.01796 
 2456158.325323 14.13645 0.01731 
 2456158.329786 14.12307 0.01700 
 2456161.297623 14.22572 0.02125 
 2456161.320797 14.25627 0.02150 
 2456170.253909 14.11183 0.04068 
 2456170.258313 14.11106 0.04082 
 2456173.264361 14.12029 0.02373 
 2456173.271038 14.09807 0.02350 
 2456173.285185 14.09986 0.02887 
 2456173.289606 14.15689 0.02959 
 2456176.252850 14.13281 0.02036 
 2456176.259564 14.08295 0.01932 
 2456176.273738 14.09234 0.01892 
 2456176.278157 14.12563 0.01968 
 2456177.260360 14.15366 0.02083 
 2456177.267045 14.11155 0.01995 
 2456178.258611 14.10917 0.02091 
 2456178.265321 14.12875 0.02149 
 2456182.259261 14.11099 0.02089 
 2456182.263674 14.13940 0.02096 
 2456183.255859 14.24371 0.02293 
 2456185.253358 14.12506 0.02066 
 2456185.257858 14.11054 0.02028 
 2456372.654489 14.07495 0.02782 
 2456373.651952 14.16641 0.02363 
 2456373.654075 14.14521 0.02709 
 2456374.646500 14.10263 0.02215 
 2456374.653227 14.13616 0.02510 
 2456388.612135 14.20534 0.02210 
 2456388.628841 14.20996 0.02210 
 2456388.638865 14.25071 0.02156 
 2456388.643342 14.22819 0.02219 
 2456388.645484 14.19997 0.02251 
 2456388.649937 14.19213 0.02197 
 2456389.605439 14.11055 0.03306 
 2456389.612192 14.17830 0.02258 
 2456389.622222 14.10497 0.03165 
 2456389.628981 14.09258 0.02073 
 2456389.641227 14.10600 0.02632 
 2456389.645693 14.11709 0.02404 
 2456389.647825 14.11877 0.02901 
 2456389.652271 14.12001 0.02575 
 2456389.654412 14.13547 0.02245 
 2456389.658872 14.11432 0.02134 
 2456423.510861 14.11564 0.02063 
 2456423.516221 14.10552 0.02006 
 2456423.522930 14.10415 0.01992 
 2456423.535081 14.08732 0.02073 
 2456423.541810 14.13525 0.02138 
 2456423.560538 14.11584 0.02112 
 2456423.564990 14.13813 0.02164 
 2456423.579253 14.10103 0.02329 
 2456423.588269 14.16602 0.02494 
 2456423.602529 14.10593 0.02470 
 2456424.507683 14.11486 0.02080 
 2456424.519768 14.06486 0.02183 
 2456424.526474 14.08322 0.02211 
 2456424.540909 14.13251 0.02193 
 2456424.545362 14.13120 0.02167 
 2456424.564080 14.09059 0.02123 
 2456424.568536 14.12616 0.02187 
 2456424.582831 14.09442 0.02287 
 2456424.591884 14.10513 0.02415 
 2456425.512593 14.12936 0.02239 
 2456425.519336 14.15771 0.02285 
 2456425.531443 14.12856 0.02334 
 2456425.538155 14.17501 0.02325 
 2456425.556841 14.15548 0.02395 
 2456425.561280 14.13185 0.02311 
 2456425.575552 14.14809 0.02805 
 2456425.584581 14.09206 0.02594 
 2456425.601032 14.10616 0.02659 
 2456427.504171 14.14915 0.02364 
 2456427.510967 14.13787 0.02277 
 2456427.523130 14.11422 0.02470 
 2456427.529843 14.09348 0.02438 
 2456427.548559 14.15442 0.02385 
 2456427.553005 14.09802 0.02309 
 2456427.570286 14.12518 0.02313 
 2456427.579375 14.13290 0.02527 
 2456427.595949 14.12328 0.02357 
 2456428.497945 14.11810 0.02273 
 2456428.503371 14.11084 0.02197 
 2456428.510164 14.10002 0.02251 
 2456428.522528 14.12850 0.02280 
 2456428.531583 14.06757 0.02291 
 2456428.548084 14.12091 0.02341 
 2456428.554810 14.11812 0.02307 
 2456428.569048 14.10643 0.02352 
 2456428.578064 14.07424 0.02428 
 2456431.493365 14.13623 0.01887 
 2456431.500100 14.16009 0.02003 
 2456431.512319 14.12344 0.01884 
 2456431.521311 14.12935 0.02614 
 2456431.544594 14.10855 0.01214 
 2456431.570750 14.15609 0.01971 
 2456431.577485 14.12338 0.02069 
 2456432.491622 14.15609 0.02818 
 2456432.498367 14.16927 0.02690 
 2456432.510662 14.17979 0.02452 
 2456432.519660 14.14238 0.02361 
 2456432.548155 14.16901 0.02276 
 2456433.487901 14.05803 0.03374 
 2456433.492375 14.12677 0.03402 
 2456433.504701 14.00909 0.02968 
 2456433.511435 14.08377 0.03141 
 2456433.527924 14.14961 0.02858 
 2456433.534652 14.08588 0.02498 
 2456433.551947 14.12005 0.02351 
 2456433.560920 14.11266 0.02363 
 2456433.575197 14.13764 0.02317 
 2456441.459905 14.07857 0.03095 
 2456441.465489 14.06969 0.03029 
 2456441.472242 14.06059 0.03092 
 2456441.477872 14.11071 0.03135 
 2456441.484695 14.09553 0.03130 
 2456441.487073 14.11648 0.03093 
 2456441.496272 14.05538 0.03001 
 2456441.498584 14.07229 0.03084 
 2456441.505464 14.05522 0.03216 
 2456441.508001 14.15988 0.03482 
 2456441.517166 14.11856 0.03263 
 2456441.524099 14.08615 0.03210 
 2456441.526431 14.06580 0.03209 
 2456441.533159 14.07439 0.03278 
 2456441.535529 14.10756 0.03636 
 2456442.463192 14.12269 0.03060 
 2456442.468783 14.15729 0.03232 
 2456442.475516 14.16789 0.03537 
 2456443.549552 14.09368 0.03186 
 2456449.440244 14.16394 0.02057 
 2456449.452468 14.14881 0.02183 
 2456449.459233 14.14684 0.01976 
 2456449.471421 14.14292 0.02029 
 2456449.478118 14.17664 0.02181 
 2456449.494600 14.15560 0.02165 
 2456449.501313 14.10707 0.02046 
 2456449.515557 14.15921 0.02194 
 2456449.524552 14.09247 0.02180 
 2456453.429827 14.14909 0.01294 
 2456453.455347 14.10856 0.02016 
 2456453.464372 14.17191 0.02166 
 2456453.480906 14.11024 0.01980 
 2456453.487708 14.08269 0.01906 
 2456453.501999 14.13222 0.01994 
 2456453.511016 14.09415 0.01853 
 2456454.425030 14.20757 0.02061 
 2456454.437225 14.15904 0.01989 
 2456454.443974 14.15229 0.01938 
 2456454.453964 14.12233 0.02124 
 2456454.463019 14.12636 0.02163 
 2456454.479528 14.15319 0.01987 
 2456454.486250 14.13698 0.01982 
 2456454.500520 14.14422 0.02135 
 2456454.509523 14.12686 0.02168 
 2456455.431421 14.13442 0.01938 
 2456455.438196 14.11855 0.01888 
 2456455.450401 14.13786 0.01947 
 2456455.459370 14.08815 0.01859 
 2456456.419840 14.12670 0.02222 
 2456456.432035 14.11601 0.02081 
 2456456.438757 14.16572 0.02108 
 2456456.456103 14.11327 0.02100 
 2456456.462831 14.10512 0.02044 
 2456456.479242 14.12130 0.01957 
 2456456.485963 14.09510 0.01837 
 2456461.409223 14.11593 0.02611 
 2456461.411415 14.09498 0.02611 
 2456461.423958 14.11735 0.02645 
 2456461.426159 14.14805 0.02646 
 2456461.438510 14.13751 0.02581 
 2456461.443216 14.14229 0.02668 
 2456461.459801 14.12254 0.02728 
 2456461.464548 14.10550 0.02800 
 2456461.479021 14.11000 0.02596 
 2456461.485931 14.12090 0.02381 
 2456461.502564 14.12275 0.02123 
 2456462.402839 14.24745 0.03930 
 2456462.408314 14.20138 0.03833 
 2456462.422771 14.25350 0.03447 
 2456471.415376 14.14425 0.02795 
 2456471.422077 14.14632 0.02825 
 2456471.434327 14.13812 0.06753 
 2456471.450740 14.10824 0.02534 
 2456471.459677 14.08902 0.03114 
 2456471.469433 14.14362 0.02905 
 2456471.476201 14.10785 0.02838 
 2456475.369710 14.12553 0.01750 
 2456475.375275 14.12302 0.01758 
 2456475.382193 14.11328 0.01760 
 2456475.395021 14.08217 0.02388 
 2456475.409934 14.13284 0.01721 
 2456475.432078 14.10301 0.01911 
 2456475.441568 14.06662 0.01617 
 2456475.456457 14.10482 0.00905 
 2456480.364684 14.09557 0.01846 
 2456480.371439 14.10759 0.01859 
 2456480.386777 14.09004 0.01848 
 2456480.393515 14.10517 0.01945 
 2456480.410094 14.11651 0.01940 
 2456480.416846 14.07118 0.01885 
 2456483.351763 14.14506 0.02239 
 2456483.358556 14.13811 0.02216 
 2456483.371521 14.10891 0.02241 
 2456483.380861 14.12009 0.01903 
 2456483.397780 14.13605 0.02141 
 2456483.404594 14.10555 0.02141 
 2456483.419030 14.11401 0.02058 
 2456483.428110 14.12201 0.02031 
 2456484.423780 14.25194 0.02231 
 2456485.346672 14.10714 0.02122 
 2456485.353558 14.09392 0.02016 
 2456485.366023 14.10945 0.01785 
 2456485.375179 14.10117 0.01905 
 2456485.392221 14.10379 0.02024 
 2456485.399058 14.10186 0.02115 
 2456485.413585 14.07615 0.01965 
 2456485.422778 14.11193 0.01881 
 2456486.339590 14.10842 0.01960 
 2456486.345023 14.09744 0.02006 
 2456486.351789 14.12973 0.02342 
 2456486.412672 14.09397 0.02086 
 2456486.421735 14.08717 0.01245 
 2456487.372124 14.13213 0.02107 
 2456487.378905 14.13014 0.02041 
 2456487.395580 14.16076 0.02112 
 2456487.402389 14.11229 0.02007 
 2456498.359241 14.13008 0.03242 
 2456498.365989 14.13552 0.03476 
 2456498.368397 14.18437 0.03494 
 2456498.375123 14.14922 0.03469 
 2456498.377540 14.15938 0.03578 
 2456498.384287 14.18485 0.03528 
 2456498.386665 14.13886 0.03315 
 2456498.391236 14.14951 0.03340 
 2456498.393656 14.10434 0.03219 
 2456500.305545 14.11254 0.01959 
 2456500.314535 14.14060 0.02151 
 2456500.326897 14.14619 0.02380 
 2456503.360745 14.07750 0.02004 
 2456503.369873 14.14953 0.02057 
 2456504.294481 14.16787 0.02007 
 2456504.301284 14.14141 0.02039 
 2456504.313657 14.14481 0.02056 
 2456504.322726 14.16204 0.01845 
 2456504.339334 14.15161 0.02191 
 2456504.346118 14.09122 0.01890 
 2456504.360441 14.13827 0.02152 
 2456504.369461 14.11966 0.01954 
 2456505.291843 14.08961 0.02125 
 2456505.298622 14.13429 0.02119 
 2456505.310943 14.10135 0.02060 
 2456505.320033 14.13719 0.01940 
 2456505.336606 14.13671 0.02162 
 2456505.343364 14.12079 0.01972 
 2456505.357732 14.12002 0.02231 
 2456505.366748 14.10586 0.01945 
 2456506.298925 14.26147 0.02201 
 2456506.366958 14.25652 0.01997 
 2456507.279966 14.13485 0.02214 
 2456507.292191 14.11652 0.02280 
 2456507.298955 14.12186 0.02335 
 2456507.314297 14.07270 0.02138 
 2456507.321173 14.10364 0.01977 
 2456507.337881 14.12893 0.02294 
 2456507.344669 14.11576 0.02013 
 2456507.359010 14.10470 0.02142 
 2456507.368025 14.08187 0.01875 
 2456508.289822 14.10945 0.02114 
 2456508.296618 14.11472 0.02199 
 2456508.311949 14.09044 0.02048 
 2456508.318737 14.11781 0.01863 
 2456508.335384 14.14234 0.02184 
 2456508.342176 14.12068 0.01898 
 2456508.356611 14.07102 0.02157 
 2456508.365662 14.10783 0.01892 
 2456509.279928 14.09939 0.02131 
 2456509.286740 14.14959 0.02423 
 2456509.299085 14.10605 0.02163 
 2456509.308132 14.12776 0.01849 
 2456509.331609 14.12030 0.01925 
 2456509.346065 14.15258 0.02342 
 2456509.355102 14.14652 0.01946 
 2456510.278970 14.08470 0.02073 
 2456510.285765 14.09763 0.02135 
 2456510.298055 14.11720 0.02101 
 2456510.307095 14.14258 0.01884 
 2456510.323684 14.14193 0.02195 
 2456510.330446 14.15583 0.01997 
 2456510.344840 14.13113 0.02263 
 2456510.353909 14.14439 0.01911 
 2456511.275792 14.14656 0.02054 
 2456511.288076 14.13819 0.02038 
 2456511.297150 14.12168 0.01857 
 2456514.263008 14.12792 0.02337 
 2456514.268434 14.11607 0.02235 
 2456514.272945 14.08816 0.02255 
 2456514.285281 14.13083 0.02131 
 2456514.292071 14.09828 0.01793 
 2456514.308684 14.11240 0.02045 
 2456514.315506 14.11593 0.01866 
 2456514.329893 14.12528 0.01971 
 2456514.338973 14.14412 0.01746 
 2456514.353338 14.13930 0.02033 
 2456515.266354 14.12626 0.02047 
 2456515.268649 14.13853 0.01915 
 2456515.280911 14.14964 0.02143 
 2456515.285513 14.13940 0.01897 
 2456515.299988 14.11919 0.02031 
 2456515.304595 14.13867 0.01850 
 2456515.321187 14.11789 0.01949 
 2456515.325805 14.10367 0.01666 
 2456515.340145 14.09874 0.01945 
 2456515.346932 14.11492 0.01708 
 2456524.248227 14.10226 0.04389 
 2456524.263055 14.10528 0.03915 
 2456524.265489 14.13903 0.04072 
 2456524.272249 14.11630 0.04085 
 2456524.274697 14.14405 0.03759 
 2456524.281531 14.11909 0.03756 
 2456524.284053 14.12866 0.03890 
 2456524.290944 14.12489 0.03867 
 2456524.293382 14.11323 0.03965 
 2456524.300172 14.09732 0.04131 
 2456524.302607 14.05123 0.03968 
 2456524.309366 14.11114 0.04305 
 2456524.311835 14.06827 0.04119 
 2456524.318597 14.10438 0.04180 
 2456524.321123 14.06813 0.04158 
 2456524.325733 14.06260 0.04044 
 2456524.328167 14.10608 0.04324 
 2456527.250271 14.10417 0.02547 
 2456527.259436 14.15847 0.02716 
 2456527.276060 14.10560 0.03398 
 2456527.282845 14.10797 0.02933 
 2456527.297250 14.12763 0.03738 
 2456527.306273 14.19310 0.03420 
 2456527.322879 14.17030 0.04018 
 2456528.298624 14.22320 0.02852 
 2456528.307642 14.24229 0.02809 
 2456529.261134 14.10186 0.01938 
 2456529.277736 14.13718 0.02165 
 2456529.284531 14.13655 0.01927 
 2456529.298947 14.09443 0.02060 
 2456529.308044 14.10296 0.01834 
 2456530.257918 14.10476 0.01686 
 2456530.274631 14.09074 0.02113 
 2456531.254814 14.12975 0.02230 
 2456531.261604 14.13480 0.01959 
 2456531.278326 14.13870 0.02322 
 2456531.285100 14.13742 0.01965 
 2456531.306400 14.15640 0.02011 
 2456532.258738 14.13949 0.02529 
 2456532.265535 14.15799 0.02330 
 2456532.282919 14.11914 0.02381 
 2456532.291926 14.14210 0.01706 
 2456532.308505 14.13248 0.02353 
 2456537.263425 14.11393 0.02119 
 2456537.273019 14.12095 0.01883 
 2456537.288480 14.09740 0.02291 
 2456537.295239 14.10996 0.01964 
 2456538.262550 14.08937 0.02232 
 2456538.271541 14.15883 0.02121 
 2456538.292570 14.12835 0.02106 
 2456539.262023 14.20202 0.02261 
 2456539.270967 14.17601 0.02105 
 2456539.285219 14.14609 0.02471 
 2456541.262664 14.12863 0.02261 
 2456541.273876 14.09330 0.02304 
 2456542.262747 14.14194 0.02362 
 2456542.274032 14.11368 0.02086 
 2456544.265464 14.16439 0.01763 
 2456552.243278 14.10940 0.04065 
 2456552.249985 14.12332 0.04007 
 2456552.252172 14.09325 0.03861 
