\INPUT_FILE = /stage/nexsci-exo-data-prep/ETSS-prep/KELT/s35/raw/KELT_S35_lc_050394_V01_west_tfa.dat
\INPUT_TYPE = "RAW"
\START_DATE = "Fri May 10, 17:31:41 2013"               
\STOP_DATE = "Sun Apr 23, 19:31:22 2017"               
\fixlen = T
\NUMRECORDS = 1338     
\
\ This file was produced by the NASA Exoplanet Archive  http://exoplanetarchive.ipac.caltech.edu 
\ Mon Oct 28, 16:15:21 2019
\ Documentation for the KELT Survey dataset can be found at http://exoplanetarchive.ipac.caltech.edu/docs/KELT.html
\
|          TIME|     MAG|MAG_ERR|
|          real|    real|   real|
|             d|     mag|    mag|
|          null|    null|   null|
 2456423.230346 13.82075 0.01833 
 2456423.244392 13.83800 0.01904 
 2456423.260748 13.81904 0.01813 
 2456425.229079 13.82368 0.01676 
 2456425.243153 13.82296 0.01639 
 2456425.259498 13.82650 0.01963 
 2456431.217607 13.83274 0.02381 
 2456431.224871 13.82571 0.02439 
 2456431.232139 13.84231 0.02438 
 2456431.239753 13.79874 0.02467 
 2456431.247022 13.81906 0.02572 
 2456433.224962 13.84924 0.02992 
 2456433.229656 13.81869 0.02981 
 2456433.234314 13.79263 0.02899 
 2456433.238930 13.83402 0.02799 
 2456434.216598 13.85960 0.02733 
 2456436.218635 13.81888 0.03135 
 2456436.227778 13.81966 0.03319 
 2456436.236824 13.83353 0.03246 
 2456632.567226 13.83333 0.01748 
 2456632.582864 13.79739 0.01831 
 2456639.577157 13.81750 0.01681 
 2456639.588328 13.81687 0.01778 
 2456642.588221 13.80231 0.02935 
 2456652.518863 13.80904 0.02031 
 2456654.507840 13.83258 0.01684 
 2456654.533519 13.81358 0.01700 
 2456654.552577 13.81705 0.01725 
 2456654.571575 13.82860 0.01775 
 2456654.584903 13.83413 0.01852 
 2456657.530342 13.83512 0.01490 
 2456657.554670 13.78942 0.01571 
 2456657.579047 13.82430 0.01547 
 2456657.588521 13.83530 0.01562 
 2456658.488507 13.83261 0.01603 
 2456658.515045 13.77912 0.01562 
 2456658.586261 13.84330 0.01657 
 2456659.499983 13.81161 0.01821 
 2456659.524324 13.81744 0.01827 
 2456659.548640 13.82218 0.01790 
 2456659.572732 13.81458 0.01717 
 2456659.582134 13.81972 0.01698 
 2456659.589182 13.84851 0.01794 
 2456669.456096 13.83035 0.02204 
 2456669.486405 13.84854 0.02109 
 2456669.508121 13.81343 0.02028 
 2456669.533315 13.83142 0.01615 
 2456669.554803 13.80936 0.01518 
 2456669.574087 13.80148 0.01597 
 2456669.592245 13.81132 0.01647 
 2456670.452058 13.85376 0.02528 
 2456670.468829 13.83766 0.02535 
 2456670.485804 13.80837 0.02451 
 2456670.502818 13.80397 0.02357 
 2456677.444236 13.82070 0.02345 
 2456677.461333 13.81675 0.02378 
 2456677.473771 13.80963 0.02373 
 2456677.486010 13.83254 0.02420 
 2456677.498264 13.82637 0.02371 
 2456677.510514 13.84396 0.02479 
 2456677.522780 13.84230 0.02581 
 2456677.537231 13.79672 0.02620 
 2456677.549509 13.79413 0.02737 
 2456677.561881 13.84713 0.02877 
 2456677.574242 13.79199 0.02951 
 2456678.429526 13.83086 0.01908 
 2456678.439678 13.80526 0.02014 
 2456678.461409 13.82448 0.02001 
 2456678.478498 13.83072 0.02029 
 2456678.495460 13.80487 0.02029 
 2456678.512408 13.87642 0.02077 
 2456678.527134 13.82163 0.02123 
 2456678.539449 13.81718 0.02200 
 2456678.549544 13.80685 0.02232 
 2456678.559746 13.81278 0.02272 
 2456678.570031 13.82694 0.02355 
 2456679.433440 13.82759 0.01854 
 2456679.455329 13.83415 0.01933 
 2456679.472487 13.85004 0.01989 
 2456679.487326 13.83452 0.01963 
 2456679.502152 13.84424 0.02036 
 2456679.516963 13.84285 0.02099 
 2456679.527160 13.81822 0.02187 
 2456679.552493 13.83407 0.02313 
 2456679.559717 13.82143 0.02310 
 2456679.566973 13.83421 0.02280 
 2456681.434502 13.80628 0.01653 
 2456681.456158 13.83076 0.01746 
 2456681.475685 13.80586 0.01768 
 2456681.490482 13.83649 0.01769 
 2456681.507612 13.81858 0.01879 
 2456681.522557 13.79667 0.01922 
 2456681.532909 13.80727 0.01939 
 2456681.542392 13.80540 0.02022 
 2456681.551931 13.82161 0.02059 
 2456681.561452 13.83546 0.02100 
 2456682.440087 13.81717 0.01406 
 2456682.461726 13.85267 0.01463 
 2456682.481121 13.85315 0.01523 
 2456682.500526 13.79676 0.01608 
 2456682.517622 13.81297 0.01648 
 2456682.530135 13.81928 0.01637 
 2456682.545272 13.81029 0.01783 
 2456682.557139 13.84166 0.01848 
 2456683.421417 13.90286 0.01662 
 2456684.418171 13.82868 0.01428 
 2456684.444198 13.80477 0.01449 
 2456684.467927 13.80697 0.01403 
 2456684.489357 13.85240 0.01383 
 2456684.510841 13.83006 0.01380 
 2456684.530175 13.81270 0.01534 
 2456684.548070 13.81895 0.01614 
 2456685.414255 13.81611 0.01487 
 2456685.440290 13.83070 0.01551 
 2456685.463993 13.83661 0.01511 
 2456685.535929 13.82929 0.01575 
 2456685.555149 13.80777 0.01097 
 2456688.411695 13.81805 0.01462 
 2456688.438621 13.85884 0.01527 
 2456688.460083 13.82156 0.01515 
 2456688.481485 13.82869 0.01589 
 2456690.421377 13.82532 0.01543 
 2456690.445135 13.82394 0.01577 
 2456690.469665 13.83235 0.01646 
 2456690.493434 13.82372 0.01695 
 2456690.514893 13.84438 0.01733 
 2456690.534918 13.81029 0.01822 
 2456691.418532 13.82622 0.01511 
 2456691.442337 13.82856 0.01566 
 2456691.466776 13.82450 0.01583 
 2456691.490419 13.81471 0.01626 
 2456692.409727 13.81850 0.01476 
 2456692.490864 13.80894 0.01480 
 2456692.510332 13.86237 0.01642 
 2456692.532520 13.84951 0.02008 
 2456693.427010 13.82050 0.01595 
 2456693.524396 13.82010 0.01563 
 2456694.410372 13.83899 0.01555 
 2456695.388098 13.81464 0.01690 
 2456695.409755 13.83446 0.01603 
 2456695.433578 13.84728 0.01480 
 2456695.467030 13.81532 0.01509 
 2456695.490864 13.82886 0.01605 
 2456696.386327 13.81286 0.01821 
 2456696.407917 13.86092 0.01781 
 2456696.431754 13.84658 0.01659 
 2456696.453427 13.82960 0.01472 
 2456696.477269 13.83109 0.01503 
 2456696.498863 13.83221 0.01681 
 2456696.519018 13.82747 0.01748 
 2456697.386112 13.80215 0.02007 
 2456697.403067 13.81853 0.01990 
 2456697.422190 13.82405 0.01994 
 2456697.450922 13.83050 0.01978 
 2456697.470454 13.81554 0.01851 
 2456705.436927 13.85077 0.02982 
 2456707.399744 13.82801 0.02135 
 2456707.416706 13.84280 0.02231 
 2456707.451505 13.84995 0.02394 
 2456707.469944 13.83198 0.02470 
 2456707.479502 13.83091 0.02660 
 2456708.369949 13.82684 0.01870 
 2456708.389431 13.82491 0.01944 
 2456708.406514 13.81628 0.01972 
 2456708.423589 13.82842 0.01997 
 2456708.440724 13.83916 0.02047 
 2456710.364210 13.80763 0.01490 
 2456710.385880 13.82541 0.01584 
 2456711.358431 13.83198 0.01434 
 2456711.382334 13.82976 0.01432 
 2456711.406252 13.83737 0.01453 
 2456711.430269 13.87154 0.01632 
 2456711.449654 13.82296 0.01738 
 2456711.469272 13.83693 0.01949 
 2456713.332776 13.82806 0.01471 
 2456713.347394 13.83026 0.01576 
 2456713.371201 13.82024 0.01600 
 2456713.392798 13.83530 0.01547 
 2456713.440480 13.81365 0.01645 
 2456713.462225 13.82120 0.01603 
 2456714.331004 13.85250 0.01490 
 2456714.345737 13.82676 0.01557 
 2456714.368900 13.82218 0.01559 
 2456714.390523 13.82250 0.01562 
 2456714.414520 13.82692 0.01577 
 2456714.438387 13.83569 0.01615 
 2456715.418828 13.83194 0.01638 
 2456715.445590 13.82229 0.01653 
 2456715.466015 13.82804 0.01699 
 2456717.341773 13.84523 0.01580 
 2456717.365575 13.80373 0.01569 
 2456717.389448 13.84233 0.01580 
 2456717.413335 13.82359 0.01588 
 2456717.435031 13.83035 0.01667 
 2456717.456573 13.84266 0.01691 
 2456718.330535 13.81385 0.01580 
 2456718.357665 13.84394 0.01541 
 2456718.379235 13.84069 0.01549 
 2456718.403183 13.83386 0.01571 
 2456718.427042 13.81772 0.01573 
 2456718.448771 13.82779 0.01623 
 2456719.315976 13.82220 0.01502 
 2456719.330548 13.81273 0.01515 
 2456719.354321 13.81550 0.01571 
 2456719.375866 13.85811 0.01501 
 2456719.399767 13.84215 0.01589 
 2456719.423588 13.83277 0.01599 
 2456719.445325 13.82516 0.01674 
 2456721.327727 13.82836 0.01527 
 2456721.349404 13.79833 0.01467 
 2456721.371008 13.82554 0.01521 
 2456721.394883 13.84122 0.01547 
 2456721.423880 13.82310 0.01634 
 2456722.312987 13.82596 0.01521 
 2456722.339148 13.81707 0.01497 
 2456722.368629 13.82129 0.01506 
 2456722.392556 13.82875 0.01544 
 2456722.416394 13.79558 0.01616 
 2456722.443273 13.81719 0.01640 
 2456723.319351 13.83206 0.01615 
 2456723.343952 13.86393 0.01547 
 2456723.369994 13.82629 0.01456 
 2456723.394493 13.84736 0.01464 
 2456723.416276 13.83453 0.01534 
 2456723.438261 13.80547 0.01641 
 2456724.312568 13.82490 0.01757 
 2456724.329671 13.82906 0.01686 
 2456724.357685 13.83281 0.01699 
 2456724.374712 13.84525 0.01627 
 2456724.394240 13.81134 0.01567 
 2456724.415913 13.83922 0.01566 
 2456724.437653 13.81882 0.01612 
 2456725.305661 13.82374 0.01809 
 2456725.322763 13.82197 0.01850 
 2456725.339735 13.81762 0.01800 
 2456725.356628 13.83665 0.01856 
 2456725.373571 13.81595 0.01846 
 2456725.393055 13.83068 0.01807 
 2456725.414809 13.80922 0.01784 
 2456725.437409 13.83412 0.01638 
 2456732.288968 13.80629 0.02844 
 2456732.310773 13.86043 0.02921 
 2456732.327933 13.81650 0.02958 
 2456732.345028 13.79377 0.03047 
 2456732.362129 13.78841 0.03146 
 2456732.379167 13.83304 0.03177 
 2456732.393862 13.80542 0.03338 
 2456732.408766 13.83467 0.03461 
 2456732.421183 13.87409 0.03649 
 2456733.294883 13.84002 0.03103 
 2456733.314290 13.85794 0.03127 
 2456733.329169 13.80211 0.03111 
 2456733.346219 13.82702 0.03303 
 2456733.363248 13.86219 0.03359 
 2456733.378142 13.85241 0.03448 
 2456733.388348 13.80529 0.03502 
 2456733.398579 13.80184 0.03578 
 2456733.408889 13.83362 0.03671 
 2456733.419148 13.82875 0.03880 
 2456734.299876 13.83914 0.02511 
 2456734.321175 13.80513 0.02589 
 2456734.340136 13.82743 0.02723 
 2456734.358291 13.83145 0.02804 
 2456734.374392 13.81474 0.02935 
 2456734.388559 13.80952 0.03034 
 2456734.401838 13.81199 0.03176 
 2456734.422836 13.86021 0.03453 
 2456735.289744 13.82188 0.02257 
 2456735.311578 13.82314 0.02354 
 2456735.328822 13.80541 0.02332 
 2456735.343761 13.80127 0.02490 
 2456735.361034 13.84882 0.02590 
 2456735.376115 13.83957 0.02547 
 2456735.386522 13.81553 0.02662 
 2456735.398264 13.80792 0.02851 
 2456735.407833 13.83466 0.02878 
 2456735.417357 13.79916 0.02945 
 2456736.287926 13.79534 0.01986 
 2456736.334627 13.83058 0.02210 
 2456736.354094 13.82270 0.02181 
 2456736.371410 13.83703 0.02344 
 2456736.383987 13.84978 0.02461 
 2456736.399154 13.79685 0.02549 
 2456736.411018 13.78665 0.02654 
 2456737.374744 13.78188 0.02266 
 2456737.387458 13.82068 0.02337 
 2456737.399509 13.83535 0.02337 
 2456737.411447 13.82828 0.02504 
 2456738.395389 13.78836 0.01930 
 2456739.263831 13.83771 0.01529 
 2456739.278526 13.83096 0.01549 
 2456739.302621 13.80334 0.01498 
 2456739.326792 13.81396 0.01570 
 2456739.361168 13.82137 0.01587 
 2456739.380897 13.84410 0.01851 
 2456739.399119 13.83002 0.02049 
 2456744.255956 13.82508 0.01594 
 2456744.283343 13.83025 0.01566 
 2456744.309391 13.80358 0.01544 
 2456744.335302 13.82314 0.01572 
 2456744.359245 13.79893 0.01550 
 2456744.381062 13.82669 0.01584 
 2456745.276623 13.78750 0.01592 
 2456745.300765 13.81939 0.01698 
 2456745.322567 13.84171 0.01526 
 2456745.344435 13.83992 0.01630 
 2456745.366353 13.84032 0.01585 
 2456745.383545 13.80213 0.01659 
 2456746.271917 13.82829 0.01552 
 2456746.296033 13.82885 0.01554 
 2456746.317803 13.81550 0.01538 
 2456746.341876 13.83499 0.01515 
 2456746.363717 13.81597 0.01559 
 2456747.269885 13.83635 0.01579 
 2456747.293863 13.84336 0.01595 
 2456747.315685 13.83574 0.01571 
 2456747.339699 13.83501 0.01578 
 2456747.373789 13.83462 0.01607 
 2456749.335416 13.82121 0.01637 
 2456749.355308 13.83371 0.02134 
 2456749.372673 13.78415 0.01981 
 2456751.264989 13.80317 0.01578 
 2456751.289010 13.81650 0.01549 
 2456751.313092 13.84754 0.01502 
 2456751.337128 13.81665 0.01540 
 2456752.259501 13.84214 0.01666 
 2456752.279471 13.81559 0.01675 
 2456752.299700 13.82178 0.01671 
 2456752.319362 13.81297 0.01679 
 2456752.341242 13.82961 0.01557 
 2456752.364033 13.81203 0.01626 
 2456759.298686 13.82166 0.03129 
 2456759.313481 13.84787 0.03108 
 2456759.326078 13.83060 0.03226 
 2456760.243280 13.83342 0.02702 
 2456760.258376 13.83787 0.02714 
 2456760.275590 13.82759 0.02890 
 2456760.292839 13.85299 0.02912 
 2456760.307915 13.77687 0.02944 
 2456760.318374 13.81724 0.03183 
 2456760.331309 13.76394 0.03286 
 2456760.341769 13.77054 0.03356 
 2456764.243856 13.79594 0.02414 
 2456764.304040 13.86189 0.02823 
 2456764.319417 13.82506 0.02990 
 2456764.331533 13.84247 0.03180 
 2456765.277952 13.82421 0.02570 
 2456766.255114 13.83489 0.02179 
 2456767.277456 13.82905 0.01676 
 2456768.252090 13.84070 0.01738 
 2456768.276359 13.82303 0.01609 
 2456768.298319 13.79361 0.01380 
 2456768.317848 13.84352 0.01780 
 2456769.253388 13.82134 0.01633 
 2456769.277550 13.83149 0.01615 
 2456769.300714 13.80539 0.01396 
 2456772.309205 13.84439 0.01587 
 2456773.249730 13.85120 0.01769 
 2456773.273881 13.85407 0.01684 
 2456773.296023 13.84020 0.01739 
 2456773.315701 13.83752 0.01753 
 2456774.250805 13.82692 0.01979 
 2456775.294673 13.84734 0.01553 
 2456776.246163 13.82213 0.01806 
 2456776.271591 13.81496 0.02057 
 2456776.294060 13.79348 0.01832 
 2456777.245438 13.85692 0.02163 
 2456777.286814 13.83928 0.01820 
 2456778.235731 13.81718 0.01757 
 2456778.259889 13.85324 0.01850 
 2456778.282098 13.82338 0.01684 
 2456778.301715 13.85090 0.01715 
 2456779.241731 13.83149 0.01811 
 2456779.263826 13.81726 0.01890 
 2456779.285871 13.83899 0.01892 
 2456790.221291 13.82986 0.02723 
 2456790.233930 13.82467 0.02791 
 2456790.244203 13.83571 0.02843 
 2456790.253801 13.86062 0.03007 
 2456790.263341 13.81539 0.03154 
 2456791.222523 13.83619 0.03089 
 2456791.235108 13.83172 0.03153 
 2456792.235567 13.78165 0.03702 
 2456792.248360 13.78690 0.04063 
 2456792.260183 13.81524 0.04285 
 2456795.240008 13.84267 0.02184 
 2456801.233113 13.85207 0.01880 
 2456988.589639 13.82407 0.01765 
 2456990.580629 13.85059 0.01574 
 2456992.574812 13.83164 0.01770 
 2456992.591057 13.84094 0.02038 
 2456993.588543 13.82461 0.01830 
 2456997.566643 13.82779 0.03480 
 2457006.549152 13.81523 0.01738 
 2457006.568914 13.81862 0.01700 
 2457006.580485 13.81694 0.01742 
 2457010.545221 13.83540 0.01552 
 2457010.567252 13.83386 0.01592 
 2457010.578858 13.79107 0.01586 
 2457014.526597 13.79904 0.01882 
 2457014.550781 13.85494 0.01738 
 2457014.574974 13.83705 0.01741 
 2457014.588823 13.85874 0.01884 
 2457015.516836 13.81935 0.01762 
 2457015.544111 13.81455 0.01771 
 2457016.519988 13.82883 0.01728 
 2457016.544164 13.83089 0.01788 
 2457016.568508 13.79053 0.01821 
 2457016.582402 13.88626 0.01828 
 2457032.496891 13.81331 0.02488 
 2457032.507209 13.80629 0.02494 
 2457032.524528 13.78724 0.02517 
 2457032.545466 13.81025 0.02591 
 2457033.484593 13.81688 0.02125 
 2457033.536918 13.82045 0.02179 
 2457033.563916 13.80624 0.02243 
 2457033.586056 13.84944 0.02257 
 2457033.593182 13.81066 0.02369 
 2457033.602288 13.86058 0.02711 
 2457036.450397 13.84097 0.01633 
 2457036.462913 13.81970 0.01652 
 2457036.484774 13.84236 0.01719 
 2457036.501992 13.83465 0.01754 
 2457036.516857 13.82841 0.01732 
 2457036.558598 13.80147 0.01988 
 2457038.453764 13.84476 0.01689 
 2457039.572822 13.78747 0.02007 
 2457040.524062 13.81279 0.01544 
 2457041.478130 13.85050 0.01673 
 2457041.502118 13.85010 0.01694 
 2457041.526065 13.83590 0.01643 
 2457041.552801 13.84810 0.01791 
 2457044.436048 13.82724 0.01522 
 2457044.463266 13.80756 0.01460 
 2457044.484858 13.81539 0.01500 
 2457044.565113 13.80966 0.01668 
 2457065.488206 13.82867 0.02091 
 2457069.392795 13.80030 0.01528 
 2457069.424275 13.80148 0.01516 
 2457070.483561 13.81620 0.01697 
 2457075.349629 13.82090 0.01453 
 2457075.401387 13.81614 0.01522 
 2457075.456723 13.84060 0.01548 
 2457087.424948 13.87758 0.03875 
 2457087.439883 13.84654 0.03936 
 2457089.318075 13.85497 0.02412 
 2457089.339814 13.82405 0.02395 
 2457089.392996 13.77603 0.02641 
 2457089.420976 13.83180 0.02738 
 2457090.406929 13.81333 0.02545 
 2457090.416435 13.84204 0.02630 
 2457090.426016 13.81116 0.02616 
 2457090.441181 13.87315 0.02771 
 2457092.325635 13.83645 0.01666 
 2457092.378380 13.79015 0.02056 
 2457092.395617 13.79871 0.02184 
 2457092.408255 13.80326 0.02192 
 2457092.423385 13.83754 0.02290 
 2457092.435275 13.86448 0.02379 
 2457095.349556 13.84073 0.01534 
 2457095.373617 13.86939 0.01465 
 2457095.397628 13.86524 0.01574 
 2457097.288264 13.77809 0.01620 
 2457097.321734 13.78563 0.01542 
 2457097.345796 13.83719 0.01025 
 2457097.369774 13.83571 0.01663 
 2457097.396348 13.81997 0.01629 
 2457100.306747 13.79147 0.01666 
 2457100.330700 13.83387 0.01622 
 2457100.352434 13.80551 0.01594 
 2457101.327234 13.82001 0.01598 
 2457101.348807 13.84314 0.02055 
 2457101.372794 13.82826 0.01354 
 2457102.286476 13.81627 0.01813 
 2457102.317154 13.83782 0.01824 
 2457102.341929 13.80962 0.01373 
 2457102.365985 13.79420 0.01671 
 2457102.387762 13.80661 0.01695 
 2457103.281886 13.80307 0.01624 
 2457103.314286 13.79121 0.01631 
 2457103.339033 13.78534 0.01628 
 2457103.363176 13.83137 0.01613 
 2457103.385029 13.82426 0.01722 
 2457103.405312 13.83505 0.01662 
 2457105.305394 13.83580 0.01662 
 2457105.329384 13.89302 0.01656 
 2457106.256244 13.80886 0.01935 
 2457106.278198 13.81861 0.01855 
 2457106.299831 13.82058 0.01835 
 2457106.324035 13.82093 0.01782 
 2457106.348081 13.82606 0.01690 
 2457106.369855 13.81192 0.01582 
 2457106.392452 13.84400 0.01548 
 2457107.275152 13.84266 0.01788 
 2457107.290037 13.82121 0.01777 
 2457107.309348 13.86388 0.01749 
 2457107.326327 13.82665 0.01719 
 2457107.345982 13.82503 0.01664 
 2457107.367700 13.85812 0.01554 
 2457107.398977 13.81855 0.01566 
 2457115.308564 13.83901 0.03442 
 2457115.325762 13.80230 0.03547 
 2457115.338290 13.78408 0.03607 
 2457116.263457 13.82214 0.03127 
 2457116.283126 13.85260 0.03114 
 2457116.300302 13.78619 0.03166 
 2457119.259693 13.82930 0.02049 
 2457119.279253 13.80834 0.02257 
 2457119.305069 13.84625 0.02373 
 2457119.322383 13.82689 0.02442 
 2457120.260175 13.85620 0.01710 
 2457120.282241 13.81031 0.02027 
 2457120.304212 13.81953 0.02337 
 2457120.323869 13.82464 0.02323 
 2457120.338960 13.82180 0.02499 
 2457121.260415 13.83132 0.01565 
 2457121.284743 13.83208 0.01541 
 2457121.309080 13.80483 0.01868 
 2457121.328917 13.80848 0.02096 
 2457121.349665 13.83257 0.02350 
 2457122.341885 13.86711 0.01967 
 2457125.256386 13.83419 0.01871 
 2457125.281142 13.84295 0.01832 
 2457125.305300 13.81119 0.01741 
 2457125.324864 13.83563 0.01775 
 2457125.345259 13.81286 0.01709 
 2457126.257070 13.84700 0.01759 
 2457126.280918 13.81961 0.01729 
 2457126.306361 13.82640 0.01705 
 2457126.344454 13.82480 0.01603 
 2457127.254052 13.83125 0.01614 
 2457127.275941 13.82633 0.01571 
 2457127.309978 13.82889 0.01573 
 2457127.340565 13.79386 0.01571 
 2457128.253127 13.81405 0.01740 
 2457128.275013 13.77088 0.01848 
 2457129.252625 13.84601 0.01564 
 2457129.274490 13.82270 0.01439 
 2457129.298705 13.83738 0.01516 
 2457129.320824 13.82418 0.01415 
 2457130.254990 13.86209 0.01583 
 2457130.280102 13.84222 0.01587 
 2457130.304318 13.81598 0.01689 
 2457130.327309 13.80444 0.01729 
 2457131.254723 13.86067 0.01672 
 2457131.278935 13.79468 0.01708 
 2457131.300936 13.86787 0.01708 
 2457131.323828 13.80813 0.01702 
 2457132.251432 13.82893 0.01594 
 2457132.275658 13.83453 0.01643 
 2457133.251121 13.82657 0.01782 
 2457133.275208 13.84051 0.01716 
 2457133.312105 13.80781 0.01668 
 2457134.318806 13.83025 0.01849 
 2457141.230549 13.79845 0.02821 
 2457141.243148 13.80146 0.02679 
 2457142.233972 13.81107 0.02494 
 2457142.251250 13.75646 0.02425 
 2457142.264024 13.82952 0.02525 
 2457142.289472 13.83680 0.02542 
 2457143.235191 13.85439 0.02616 
 2457143.265173 13.82847 0.02619 
 2457143.275680 13.87665 0.02724 
 2457143.286245 13.85918 0.02882 
 2457143.296722 13.80518 0.02856 
 2457145.229062 13.80193 0.03143 
 2457145.246497 13.86067 0.03072 
 2457145.271309 13.80542 0.03385 
 2457145.281051 13.81818 0.03551 
 2457145.290925 13.81502 0.03598 
 2457147.243737 13.81763 0.03163 
 2457147.259026 13.83748 0.03327 
 2457147.274364 13.85050 0.03470 
 2457147.286582 13.83652 0.03558 
 2457148.244992 13.81413 0.02906 
 2457148.262323 13.85438 0.02861 
 2457149.238591 13.78939 0.01914 
 2457149.258576 13.83969 0.02291 
 2457149.276902 13.85913 0.02695 
 2457150.247124 13.83842 0.01846 
 2457150.269310 13.80914 0.01496 
 2457151.238175 13.84991 0.01910 
 2457151.265007 13.78788 0.01921 
 2457152.265074 13.83534 0.01870 
 2457153.244209 13.83880 0.01843 
 2457153.264545 13.81460 0.01928 
 2457154.254443 13.81554 0.01849 
 2457155.245086 13.82746 0.01871 
 2457155.262154 13.81827 0.01938 
 2457156.240239 13.84725 0.01893 
 2457156.260489 13.83493 0.01883 
 2457159.240943 13.78830 0.01977 
 2457160.238143 13.79975 0.01840 
 2457169.224961 13.80469 0.02121 
 2457170.220183 13.83334 0.02535 
 2457171.216119 13.88888 0.02734 
 2457171.225832 13.86301 0.02595 
 2457352.592979 13.84803 0.04141 
 2457360.580290 13.78736 0.02010 
 2457362.578024 13.80329 0.01693 
 2457363.567555 13.80239 0.01756 
 2457363.583628 13.81640 0.01848 
 2457364.590348 13.85654 0.01746 
 2457365.567330 13.80010 0.01624 
 2457365.583443 13.82542 0.01682 
 2457367.549996 13.83597 0.01520 
 2457367.577089 13.82053 0.01597 
 2457368.543927 13.82020 0.01584 
 2457368.571110 13.82087 0.01647 
 2457368.584894 13.83457 0.01731 
 2457370.533556 13.82323 0.01604 
 2457370.548258 13.83853 0.01850 
 2457371.528468 13.84731 0.01593 
 2457371.543120 13.79993 0.01662 
 2457371.568033 13.86235 0.01594 
 2457371.579464 13.79063 0.01672 
 2457372.527580 13.81275 0.01739 
 2457372.586461 13.83797 0.01772 
 2457373.534773 13.82221 0.01562 
 2457373.562013 13.81520 0.01605 
 2457373.583761 13.84987 0.01618 
 2457374.530168 13.82270 0.01627 
 2457374.557351 13.88121 0.01607 
 2457374.581332 13.81208 0.01710 
 2457375.526325 13.80273 0.01711 
 2457375.553546 13.83542 0.01704 
 2457375.577583 13.82665 0.01702 
 2457375.589235 13.78748 0.01885 
 2457376.524778 13.83700 0.01572 
 2457376.551923 13.82478 0.01602 
 2457376.575983 13.83968 0.01600 
 2457376.587480 13.83584 0.01817 
 2457377.534184 13.79107 0.02002 
 2457377.582318 13.83333 0.01846 
 2457378.563024 13.81361 0.01700 
 2457378.587804 13.86886 0.01749 
 2457379.515812 13.84856 0.02847 
 2457379.538492 13.79792 0.02719 
 2457379.562436 13.80025 0.02350 
 2457379.584169 13.83763 0.01758 
 2457380.516444 13.81677 0.03426 
 2457380.534399 13.84220 0.03395 
 2457380.553656 13.81714 0.03239 
 2457380.572953 13.79717 0.03389 
 2457380.582325 13.81359 0.03079 
 2457388.517872 13.81557 0.02102 
 2457388.535162 13.82936 0.02079 
 2457389.489825 13.82983 0.01829 
 2457389.514723 13.85566 0.01876 
 2457389.534423 13.81444 0.01819 
 2457389.551564 13.80481 0.01928 
 2457389.570982 13.84226 0.01958 
 2457389.580431 13.81620 0.02036 
 2457389.589781 13.85003 0.02105 
 2457390.501626 13.83983 0.01644 
 2457390.521241 13.83127 0.01654 
 2457390.538474 13.79855 0.01689 
 2457390.555705 13.81403 0.01815 
 2457390.572969 13.85023 0.01943 
 2457390.582421 13.83136 0.01827 
 2457390.589442 13.80700 0.01918 
 2457391.483191 13.83560 0.01716 
 2457391.527776 13.81525 0.01844 
 2457391.545153 13.81491 0.01816 
 2457391.562438 13.80180 0.01854 
 2457391.577448 13.81527 0.01800 
 2457391.584543 13.84062 0.01860 
 2457391.591691 13.85140 0.01992 
 2457392.472345 13.83905 0.01628 
 2457392.487003 13.81009 0.01623 
 2457392.510976 13.82095 0.01743 
 2457392.530363 13.79711 0.01818 
 2457392.547483 13.80563 0.01826 
 2457392.567142 13.80553 0.01797 
 2457392.582239 13.83225 0.01845 
 2457392.589302 13.87000 0.01843 
 2457392.598605 13.83601 0.02180 
 2457393.478999 13.81984 0.01677 
 2457393.547590 13.84071 0.01402 
 2457393.569510 13.80035 0.02664 
 2457393.586946 13.78557 0.02081 
 2457393.596329 13.82300 0.01648 
 2457396.482996 13.80741 0.01628 
 2457396.506885 13.81580 0.01685 
 2457396.530876 13.83049 0.01705 
 2457396.554897 13.81264 0.01673 
 2457396.576673 13.80669 0.01709 
 2457396.583721 13.81559 0.01777 
 2457396.593017 13.80830 0.01849 
 2457397.480090 13.81984 0.01542 
 2457397.504108 13.83653 0.01545 
 2457397.528351 13.83760 0.01557 
 2457397.558749 13.82387 0.01606 
 2457398.464574 13.83395 0.01730 
 2457398.491590 13.87044 0.01705 
 2457398.515954 13.81905 0.01756 
 2457398.541980 13.87876 0.01883 
 2457399.459922 13.79635 0.01467 
 2457399.486987 13.81592 0.01530 
 2457399.510935 13.80712 0.01482 
 2457399.532605 13.83216 0.01598 
 2457399.556475 13.82797 0.01481 
 2457399.575735 13.82350 0.01610 
 2457399.592746 13.83573 0.01795 
 2457400.451363 13.84332 0.01636 
 2457400.466007 13.85463 0.01539 
 2457400.489988 13.81308 0.01672 
 2457400.535646 13.82574 0.00840 
 2457401.458418 13.84469 0.01409 
 2457401.486213 13.81791 0.01475 
 2457401.507708 13.82884 0.01584 
 2457401.529262 13.84589 0.01623 
 2457401.564876 13.81374 0.01839 
 2457401.584968 13.84558 0.01883 
 2457401.596444 13.80014 0.01433 
 2457405.533440 13.85653 0.03365 
 2457405.555002 13.82638 0.01620 
 2457414.417962 13.87002 0.02989 
 2457414.435051 13.83270 0.02954 
 2457414.449717 13.84085 0.03054 
 2457414.459903 13.82586 0.02993 
 2457414.472238 13.84525 0.02943 
 2457414.484501 13.84975 0.03103 
 2457414.496827 13.84744 0.03074 
 2457414.509141 13.82488 0.03091 
 2457414.523599 13.83724 0.03194 
 2457414.535855 13.81503 0.03158 
 2457415.417098 13.82189 0.02301 
 2457415.438777 13.80834 0.02370 
 2457415.455836 13.79546 0.02352 
 2457415.472750 13.82808 0.02412 
 2457415.489590 13.83651 0.02470 
 2457415.506508 13.86419 0.02487 
 2457415.518831 13.81510 0.02582 
 2457415.528935 13.82482 0.02731 
 2457415.539080 13.81632 0.02625 
 2457415.549330 13.82872 0.02941 
 2457416.423312 13.82821 0.02129 
 2457416.442514 13.80286 0.02058 
 2457416.459567 13.80683 0.02173 
 2457416.476579 13.86771 0.02101 
 2457416.493509 13.81051 0.02165 
 2457416.508159 13.82943 0.02206 
 2457416.518269 13.84467 0.02178 
 2457416.528327 13.82251 0.02159 
 2457416.538510 13.80994 0.02293 
 2457416.548834 13.82002 0.02321 
 2457417.413346 13.84217 0.01961 
 2457417.437230 13.83065 0.01920 
 2457417.461431 13.83784 0.02059 
 2457417.477374 13.82950 0.02089 
 2457417.495350 13.79924 0.02141 
 2457417.508715 13.80632 0.02219 
 2457417.519597 13.80976 0.02293 
 2457417.531349 13.79268 0.02439 
 2457417.540835 13.83864 0.02485 
 2457417.550294 13.80105 0.02654 
 2457418.409540 13.84847 0.01723 
 2457418.434233 13.81768 0.01769 
 2457418.453633 13.83683 0.01843 
 2457418.470848 13.83895 0.01882 
 2457418.487892 13.79733 0.01901 
 2457418.502727 13.80895 0.01934 
 2457418.513016 13.81051 0.01994 
 2457418.522538 13.84496 0.02015 
 2457418.544616 13.84114 0.02142 
 2457419.408481 13.79638 0.01758 
 2457419.435348 13.78316 0.01867 
 2457419.456889 13.82204 0.01873 
 2457419.473904 13.78162 0.01908 
 2457419.493201 13.83741 0.01915 
 2457419.508058 13.79261 0.01950 
 2457419.520633 13.81345 0.02003 
 2457419.532300 13.83757 0.02018 
 2457419.544032 13.84029 0.02150 
 2457422.406238 13.83698 0.01505 
 2457423.397238 13.82771 0.01532 
 2457423.424191 13.79905 0.01506 
 2457423.448003 13.81436 0.01568 
 2457423.471934 13.84491 0.01569 
 2457423.495885 13.81791 0.01676 
 2457423.517444 13.83660 0.01585 
 2457424.410954 13.79387 0.01615 
 2457424.434773 13.79771 0.01609 
 2457424.470252 13.80499 0.01603 
 2457424.494012 13.80282 0.01621 
 2457424.515557 13.83849 0.01621 
 2457426.403618 13.85082 0.01635 
 2457426.432298 13.84087 0.01536 
 2457426.453820 13.81992 0.01601 
 2457426.477779 13.80397 0.01620 
 2457426.499395 13.82745 0.01572 
 2457426.519591 13.80962 0.01616 
 2457428.381548 13.81836 0.01766 
 2457428.408486 13.80263 0.01740 
 2457428.432387 13.81951 0.01646 
 2457428.453973 13.79979 0.01710 
 2457428.477820 13.83132 0.01732 
 2457428.497059 13.84680 0.01642 
 2457428.514017 13.83283 0.01719 
 2457429.382016 13.83539 0.01584 
 2457429.409135 13.81526 0.01633 
 2457429.430681 13.79517 0.01624 
 2457429.452282 13.84391 0.01528 
 2457429.476174 13.84265 0.01553 
 2457429.497928 13.86849 0.01596 
 2457429.517284 13.82273 0.01655 
 2457430.377032 13.82866 0.01730 
 2457430.404055 13.80470 0.01727 
 2457430.442950 13.81774 0.01699 
 2457430.466905 13.82966 0.01712 
 2457430.488534 13.82031 0.01736 
 2457430.508669 13.85108 0.01842 
 2457431.396832 13.82557 0.02082 
 2457431.420746 13.80281 0.01334 
 2457432.371939 13.80680 0.01711 
 2457432.398865 13.79426 0.01694 
 2457432.422694 13.80341 0.01645 
 2457432.444350 13.82974 0.01683 
 2457432.468229 13.83158 0.01659 
 2457432.490218 13.85037 0.01669 
 2457432.509511 13.81314 0.01874 
 2457434.377784 13.82594 0.02012 
 2457434.397202 13.80803 0.01930 
 2457434.418715 13.80972 0.01930 
 2457434.442645 13.81272 0.01676 
 2457434.466524 13.84646 0.01626 
 2457434.488260 13.81731 0.01592 
 2457435.354734 13.80175 0.02604 
 2457435.364942 13.83746 0.02481 
 2457435.382934 13.85424 0.02453 
 2457435.402143 13.83545 0.02476 
 2457435.421399 13.80845 0.02492 
 2457435.440867 13.83400 0.02507 
 2457435.462472 13.82664 0.02089 
 2457442.346660 13.79441 0.03143 
 2457442.368497 13.87219 0.03305 
 2457442.385654 13.78016 0.03316 
 2457442.418831 13.80829 0.03434 
 2457446.333846 13.84463 0.01695 
 2457446.360759 13.83703 0.01972 
 2457446.382477 13.84518 0.02042 
 2457446.399538 13.81447 0.02125 
 2457446.418859 13.77604 0.02236 
 2457446.433792 13.80693 0.02185 
 2457446.446440 13.82503 0.02316 
 2457446.458312 13.81970 0.02279 
 2457446.470109 13.83284 0.02469 
 2457448.347616 13.82126 0.01605 
 2457448.372548 13.79741 0.01594 
 2457448.395677 13.81351 0.01816 
 2457448.420789 13.81970 0.01908 
 2457448.439270 13.83535 0.02119 
 2457448.458410 13.79408 0.02139 
 2457449.317157 13.83129 0.01592 
 2457449.331755 13.83534 0.01587 
 2457449.355671 13.84183 0.01569 
 2457449.377181 13.83068 0.01559 
 2457449.401131 13.81591 0.01609 
 2457449.422808 13.84056 0.01801 
 2457449.439954 13.84002 0.01885 
 2457450.315160 13.78738 0.01634 
 2457450.329792 13.82917 0.01637 
 2457450.353709 13.83363 0.01544 
 2457450.375402 13.80185 0.01530 
 2457450.399270 13.79457 0.01497 
 2457450.423204 13.83900 0.01548 
 2457450.445012 13.82745 0.01660 
 2457452.329504 13.82049 0.01628 
 2457452.354093 13.81170 0.01565 
 2457452.378092 13.80999 0.01571 
 2457452.402058 13.83156 0.01492 
 2457452.423768 13.83845 0.01578 
 2457452.446477 13.83193 0.01623 
 2457457.312193 13.84138 0.01566 
 2457457.334033 13.81974 0.01589 
 2457457.355742 13.83899 0.01560 
 2457457.379745 13.79134 0.01617 
 2457457.403660 13.81284 0.01511 
 2457457.425370 13.83323 0.01723 
 2457458.300478 13.85070 0.01742 
 2457458.327583 13.83992 0.01718 
 2457458.351519 13.83929 0.01706 
 2457458.373217 13.81565 0.01758 
 2457458.397126 13.81747 0.01804 
 2457458.419052 13.84142 0.01939 
 2457458.438607 13.83858 0.01935 
 2457460.295947 13.82401 0.01814 
 2457460.318652 13.82732 0.01719 
 2457460.342507 13.82368 0.01668 
 2457460.364279 13.80640 0.01632 
 2457460.388279 13.85601 0.01693 
 2457460.407816 13.85888 0.01716 
 2457460.424921 13.83891 0.01681 
 2457461.295732 13.83763 0.01902 
 2457461.318424 13.82708 0.01831 
 2457461.342327 13.87039 0.01828 
 2457461.364049 13.80705 0.01797 
 2457461.388009 13.83269 0.01886 
 2457461.407329 13.81698 0.01695 
 2457461.424474 13.82388 0.01824 
 2457462.293652 13.82044 0.02101 
 2457462.311722 13.82927 0.02016 
 2457462.331042 13.82335 0.01968 
 2457462.351299 13.84640 0.01931 
 2457462.370877 13.85234 0.01857 
 2457462.392659 13.82109 0.01794 
 2457462.414415 13.82937 0.01703 
 2457480.267930 13.83942 0.01806 
 2457480.342766 13.86472 0.01690 
 2457480.364545 13.85652 0.01655 
 2457481.259292 13.78881 0.01724 
 2457481.283318 13.83244 0.01724 
 2457481.305000 13.82800 0.01718 
 2457481.329029 13.82708 0.01710 
 2457481.350768 13.82986 0.01731 
 2457481.367997 13.82793 0.01714 
 2457484.272328 13.87374 0.02157 
 2457484.297187 13.83627 0.01783 
 2457484.321240 13.82124 0.01714 
 2457485.256436 13.78273 0.01807 
 2457485.290357 13.82100 0.01788 
 2457485.314467 13.85219 0.01678 
 2457485.336285 13.82076 0.01728 
 2457485.356672 13.83262 0.01754 
 2457488.256884 13.82148 0.01755 
 2457488.280972 13.78550 0.01673 
 2457488.305077 13.82905 0.01687 
 2457488.326958 13.86072 0.01735 
 2457488.347352 13.87905 0.01725 
 2457489.247402 13.82747 0.01909 
 2457489.264490 13.80161 0.01869 
 2457489.281632 13.77263 0.01827 
 2457489.301336 13.82202 0.01770 
 2457489.323161 13.80820 0.01710 
 2457489.345878 13.81460 0.01805 
 2457502.245038 13.82786 0.02868 
 2457502.264586 13.85273 0.03112 
 2457502.279917 13.84979 0.03181 
 2457502.292802 13.86640 0.03481 
 2457502.304906 13.83571 0.03425 
 2457502.316948 13.82527 0.03621 
 2457503.242427 13.81967 0.02041 
 2457503.266515 13.81260 0.02648 
 2457503.286375 13.82799 0.02880 
 2457503.304588 13.82603 0.03305 
 2457506.246825 13.79936 0.01927 
 2457506.270874 13.83802 0.01910 
 2457506.292746 13.80945 0.01747 
 2457507.245412 13.79523 0.01859 
 2457507.269528 13.81202 0.01759 
 2457507.291435 13.80310 0.01408 
 2457510.283189 13.82692 0.01877 
 2457511.234522 13.85318 0.01994 
 2457511.258664 13.87907 0.01739 
 2457511.280467 13.84665 0.01745 
 2457513.285460 13.83523 0.01961 
 2457514.236396 13.83649 0.02031 
 2457523.224763 13.86226 0.02759 
 2457523.237451 13.77321 0.02871 
 2457523.250182 13.84264 0.02723 
 2457523.262893 13.79946 0.02862 
 2457524.225403 13.84004 0.02684 
 2457524.238303 13.81335 0.02687 
 2457524.248800 13.81367 0.02846 
 2457524.259312 13.82284 0.02934 
 2457525.221922 13.82951 0.02948 
 2457525.232224 13.80728 0.02893 
 2457525.242629 13.84280 0.02922 
 2457525.253068 13.85115 0.03082 
 2457526.219517 13.79647 0.02813 
 2457526.238862 13.82751 0.03369 
 2457527.218451 13.84067 0.03088 
 2457527.230112 13.80957 0.03366 
 2457527.239691 13.79123 0.03477 
 2457527.249283 13.83710 0.03454 
 2457528.224004 13.78502 0.03360 
 2457528.247554 13.84007 0.03389 
 2457529.227346 13.81256 0.03454 
 2457529.239101 13.83585 0.03465 
 2457532.236833 13.83255 0.03483 
 2457534.229917 13.80055 0.02120 
 2457535.228063 13.84097 0.02220 
 2457536.227799 13.81634 0.03642 
 2457718.585874 13.82875 0.01801 
 2457719.585377 13.82994 0.01672 
 2457721.577610 13.81530 0.01770 
 2457721.593808 13.82111 0.02260 
 2457722.577540 13.83283 0.01632 
 2457723.572352 13.80298 0.01813 
 2457723.588529 13.82816 0.02302 
 2457724.570559 13.83561 0.01588 
 2457724.586822 13.84625 0.01738 
 2457725.576341 13.79646 0.01777 
 2457725.592518 13.81923 0.02266 
 2457727.565132 13.82730 0.01609 
 2457728.560339 13.83317 0.01641 
 2457728.576559 13.80877 0.01692 
 2457730.565315 13.80355 0.01702 
 2457730.581594 13.83696 0.01715 
 2457731.562657 13.81578 0.01722 
 2457731.578881 13.83658 0.02019 
 2457734.551963 13.83925 0.02855 
 2457734.571446 13.83715 0.02309 
 2457734.585291 13.80604 0.02212 
 2457735.544183 13.85253 0.03566 
 2457735.567010 13.85715 0.03619 
 2457735.581065 13.83161 0.03714 
 2457742.515382 13.83698 0.02133 
 2457742.525810 13.79401 0.02135 
 2457742.548106 13.81375 0.02350 
 2457742.565653 13.77393 0.02571 
 2457743.520728 13.85099 0.02053 
 2457743.543080 13.83911 0.02052 
 2457743.560783 13.78507 0.01998 
 2457743.578145 13.83220 0.02166 
 2457743.589779 13.82283 0.02224 
 2457744.523898 13.84993 0.01766 
 2457744.545815 13.79714 0.01797 
 2457744.563178 13.85500 0.01756 
 2457744.580415 13.78135 0.01798 
 2457745.519226 13.82522 0.01543 
 2457745.554243 13.81191 0.01679 
 2457745.571683 13.80073 0.01701 
 2457745.585611 13.80227 0.01678 
 2457747.519368 13.79532 0.01589 
 2457747.541264 13.81820 0.01546 
 2457747.560815 13.82078 0.01568 
 2457747.580521 13.83589 0.01589 
 2457748.506389 13.81693 0.01602 
 2457748.533713 13.84265 0.01952 
 2457748.557776 13.80774 0.00902 
 2457748.581937 13.81540 0.01553 
 2457749.511894 13.82079 0.01528 
 2457749.533785 13.81366 0.01560 
 2457749.555495 13.81939 0.01615 
 2457749.579664 13.83863 0.01718 
 2457750.544986 13.81051 0.01777 
 2457751.504545 13.83858 0.01528 
 2457751.528684 13.79412 0.01653 
 2457751.550456 13.82601 0.01600 
 2457752.525925 13.86999 0.01639 
 2457752.547706 13.82257 0.01683 
 2457752.571826 13.81571 0.01555 
 2457752.585726 13.82353 0.01635 
 2457753.483379 13.79138 0.00877 
 2457753.498144 13.81042 0.01686 
 2457753.522218 13.80248 0.01625 
 2457753.543958 13.82427 0.01540 
 2457753.565853 13.77929 0.01588 
 2457753.585538 13.79301 0.01548 
 2457753.592589 13.85649 0.01639 
 2457754.507768 13.80517 0.01526 
 2457754.531918 13.81017 0.01611 
 2457754.556859 13.83390 0.01520 
 2457754.581059 13.82838 0.01595 
 2457754.590564 13.84609 0.01882 
 2457758.557887 13.81231 0.01671 
 2457758.582089 13.81712 0.01137 
 2457770.455502 13.81328 0.02135 
 2457770.475109 13.82823 0.02144 
 2457770.504240 13.79774 0.02278 
 2457771.444069 13.80652 0.02097 
 2457771.469100 13.83194 0.02105 
 2457771.488792 13.81279 0.02117 
 2457771.505958 13.84392 0.02115 
 2457771.525499 13.79014 0.02155 
 2457771.540560 13.84860 0.02287 
 2457771.553281 13.84868 0.02332 
 2457771.566114 13.86438 0.02393 
 2457771.578885 13.84603 0.02421 
 2457772.440703 13.84607 0.01790 
 2457772.465932 13.83904 0.01884 
 2457772.485652 13.79605 0.01755 
 2457772.502865 13.79996 0.01755 
 2457772.522432 13.80699 0.01830 
 2457772.550227 13.79404 0.01930 
 2457772.563071 13.87092 0.02153 
 2457772.575826 13.86813 0.02201 
 2457773.445043 13.82634 0.01690 
 2457773.467010 13.77156 0.02528 
 2457773.484327 13.84562 0.01778 
 2457773.516643 13.82108 0.01876 
 2457773.531743 13.83643 0.01939 
 2457773.542300 13.83049 0.01942 
 2457773.552031 13.83906 0.01956 
 2457773.561841 13.84610 0.02012 
 2457773.571560 13.80144 0.01995 
 2457774.445362 13.83517 0.01527 
 2457774.467228 13.81804 0.01627 
 2457774.486830 13.84157 0.01636 
 2457774.506502 13.85202 0.01670 
 2457774.526109 13.87080 0.01685 
 2457774.553138 13.81380 0.01795 
 2457774.570710 13.83222 0.01968 
 2457776.428994 13.83836 0.01501 
 2457776.456150 13.83611 0.01543 
 2457781.417116 13.82840 0.01682 
 2457781.444233 13.81457 0.01603 
 2457782.414683 13.83527 0.01560 
 2457782.441795 13.84873 0.01693 
 2457782.465736 13.84813 0.01690 
 2457782.489651 13.80238 0.01518 
 2457782.513566 13.81152 0.01594 
 2457782.535271 13.84154 0.01718 
 2457783.428597 13.81675 0.01619 
 2457783.522941 13.79641 0.02787 
 2457783.543193 13.84022 0.01734 
 2457784.406781 13.82210 0.01639 
 2457784.433964 13.85355 0.01645 
 2457784.457965 13.83161 0.01496 
 2457784.479656 13.81002 0.01625 
 2457784.503537 13.81578 0.01629 
 2457784.525656 13.80412 0.01702 
 2457785.406733 13.83573 0.01724 
 2457785.433924 13.81205 0.01644 
 2457785.455469 13.85672 0.01680 
 2457785.477131 13.82745 0.01692 
 2457785.501076 13.80996 0.01755 
 2457785.522970 13.84945 0.01857 
 2457785.542388 13.84439 0.01992 
 2457786.420464 13.82180 0.01479 
 2457786.444368 13.81750 0.01499 
 2457786.469007 13.83168 0.01521 
 2457786.492846 13.82811 0.01595 
 2457786.514447 13.86897 0.01615 
 2457786.534631 13.85421 0.01639 
 2457787.398950 13.80430 0.01648 
 2457787.426450 13.81640 0.01634 
 2457787.450553 13.81561 0.01627 
 2457787.472236 13.81163 0.01713 
 2457787.496610 13.82532 0.01897 
 2457788.414636 13.86034 0.01568 
 2457788.439368 13.80200 0.01591 
 2457788.464670 13.86186 0.01550 
 2457788.489072 13.82066 0.01492 
 2457788.508940 13.80683 0.01608 
 2457788.530048 13.82745 0.01527 
 2457789.392661 13.83682 0.02011 
 2457789.415328 13.82339 0.01962 
 2457796.381963 13.81474 0.03255 
 2457796.399177 13.83813 0.03257 
 2457796.411715 13.81377 0.03394 
 2457796.424115 13.82686 0.03402 
 2457796.436478 13.84875 0.03432 
 2457796.448880 13.87054 0.03498 
 2457796.461281 13.79716 0.03493 
 2457796.475872 13.79092 0.03618 
 2457796.489315 13.80576 0.03710 
 2457796.501740 13.82730 0.03985 
 2457796.514225 13.87810 0.04091 
 2457797.383334 13.81319 0.02590 
 2457798.362803 13.82761 0.02238 
 2457798.373010 13.84912 0.02416 
 2457798.394886 13.81345 0.02293 
 2457798.412132 13.82662 0.02457 
 2457798.429192 13.82855 0.02363 
 2457798.446301 13.82090 0.02347 
 2457798.461100 13.82107 0.02449 
 2457798.473492 13.84317 0.02445 
 2457798.483701 13.81658 0.02582 
 2457798.493904 13.84645 0.02698 
 2457798.504177 13.82900 0.02747 
 2457799.383387 13.82606 0.02124 
 2457799.402861 13.81943 0.02212 
 2457799.422474 13.78854 0.02278 
 2457799.441890 13.81854 0.02392 
 2457799.458982 13.80421 0.02288 
 2457800.364853 13.82444 0.01861 
 2457800.389777 13.80826 0.01934 
 2457800.409339 13.83755 0.01961 
 2457800.426532 13.82008 0.01969 
 2457800.443719 13.84385 0.02096 
 2457800.458629 13.80102 0.02172 
 2457800.478498 13.83291 0.02256 
 2457800.488015 13.84327 0.02221 
 2457800.497567 13.81790 0.02330 
 2457801.361735 13.83320 0.01597 
 2457801.401660 13.82297 0.01787 
 2457801.421084 13.81089 0.01816 
 2457801.440512 13.82239 0.02058 
 2457801.457695 13.85392 0.01793 
 2457801.470377 13.82785 0.02008 
 2457802.393117 13.86498 0.01654 
 2457802.414971 13.83344 0.01771 
 2457802.436845 13.79824 0.01876 
 2457802.456505 13.81360 0.01872 
 2457802.471424 13.84548 0.02008 
 2457802.484086 13.82044 0.02031 
 2457805.367134 13.82177 0.01401 
 2457805.391142 13.82769 0.01404 
 2457805.415992 13.82529 0.01208 
 2457806.339605 13.85635 0.01543 
 2457806.354246 13.80481 0.01510 
 2457806.378203 13.84836 0.01563 
 2457806.411964 13.85048 0.01493 
 2457807.360454 13.84355 0.01532 
 2457807.390518 13.82705 0.01600 
 2457807.412601 13.83091 0.01525 
 2457807.436567 13.84146 0.01675 
 2457807.458338 13.82564 0.00728 
 2457808.342763 13.81898 0.01473 
 2457808.369973 13.83116 0.01452 
 2457808.393981 13.80819 0.01532 
 2457808.418074 13.83225 0.01491 
 2457808.442066 13.83001 0.01529 
 2457808.463920 13.80336 0.01575 
 2457809.339628 13.83136 0.01460 
 2457809.366821 13.87088 0.01474 
 2457809.390970 13.80408 0.01435 
 2457809.412713 13.83471 0.01484 
 2457809.436725 13.84304 0.01536 
 2457809.467141 13.83865 0.01647 
 2457810.348519 13.80971 0.01589 
 2457810.372740 13.81742 0.01516 
 2457810.397078 13.81754 0.01536 
 2457810.421268 13.80327 0.01540 
 2457810.443156 13.84044 0.01552 
 2457810.465921 13.82349 0.01629 
 2457811.348688 13.81538 0.01472 
 2457811.372675 13.80231 0.01501 
 2457811.397940 13.81853 0.01514 
 2457811.422037 13.84879 0.01507 
 2457811.443909 13.83606 0.01508 
 2457811.464245 13.80862 0.01578 
 2457812.330207 13.82373 0.01521 
 2457812.357480 13.85082 0.01518 
 2457812.381560 13.82034 0.01472 
 2457812.411833 13.82459 0.01465 
 2457812.436141 13.82329 0.01464 
 2457812.458998 13.83329 0.01542 
 2457813.416871 13.81961 0.01576 
 2457813.459288 13.82344 0.01662 
 2457814.327591 13.81609 0.01530 
 2457814.354691 13.83959 0.01466 
 2457814.376251 13.82752 0.01538 
 2457814.397934 13.84164 0.01468 
 2457814.421854 13.80429 0.01542 
 2457814.443695 13.82272 0.01702 
 2457814.463082 13.80149 0.01629 
 2457815.316752 13.81556 0.01630 
 2457815.331418 13.84456 0.01600 
 2457815.353117 13.81931 0.01596 
 2457815.374669 13.82753 0.01529 
 2457815.396334 13.82527 0.01658 
 2457815.420279 13.82314 0.01680 
 2457815.442115 13.81320 0.01682 
 2457815.461485 13.81499 0.01807 
 2457816.334306 13.82557 0.01602 
 2457816.355983 13.81104 0.01574 
 2457816.379982 13.82072 0.01577 
 2457816.403948 13.80978 0.01586 
 2457816.425710 13.83026 0.01648 
 2457816.448373 13.79087 0.01692 
 2457817.330933 13.84244 0.01713 
 2457817.352677 13.82232 0.01716 
 2457817.376729 13.82687 0.01573 
 2457817.400818 13.79573 0.01469 
 2457817.422548 13.84251 0.01534 
 2457817.445122 13.82506 0.01659 
 2457818.306578 13.82417 0.02044 
 2457818.316794 13.82744 0.01939 
 2457818.334745 13.82788 0.01955 
 2457818.354086 13.82139 0.02050 
 2457818.373454 13.85402 0.02022 
 2457818.393083 13.84570 0.01961 
 2457818.414874 13.84506 0.01954 
 2457818.436524 13.81976 0.01607 
 2457824.299925 13.80322 0.03447 
 2457824.317236 13.80834 0.03316 
 2457824.329781 13.80812 0.03286 
 2457824.339924 13.85825 0.03396 
 2457824.377177 13.86551 0.03485 
 2457824.431548 13.82546 0.04254 
 2457825.321514 13.82821 0.03181 
 2457827.399681 13.82584 0.02653 
 2457828.312988 13.85596 0.02056 
 2457828.334703 13.83968 0.02049 
 2457828.351784 13.85816 0.02118 
 2457828.371168 13.77211 0.02322 
 2457829.334525 13.80532 0.02039 
 2457829.385947 13.86478 0.02267 
 2457830.287796 13.83209 0.01526 
 2457830.333291 13.82427 0.01516 
 2457830.418527 13.86543 0.02180 
 2457831.374047 13.80667 0.01692 
 2457832.316913 13.82150 0.01540 
 2457832.387368 13.83399 0.01644 
 2457833.352174 13.81031 0.01860 
 2457836.296772 13.83063 0.01529 
 2457836.318410 13.82472 0.01534 
 2457836.342379 13.80832 0.01535 
 2457836.366308 13.82814 0.01499 
 2457840.268522 13.82137 0.01572 
 2457840.340847 13.80036 0.01389 
 2457840.362686 13.82193 0.01503 
 2457840.385359 13.83364 0.01528 
 2457841.265056 13.83081 0.01724 
 2457841.289234 13.82256 0.01593 
 2457841.358954 13.83116 0.01613 
 2457841.381641 13.80005 0.01621 
 2457842.292398 13.82614 0.01585 
 2457842.317330 13.81376 0.01569 
 2457842.341478 13.82911 0.01489 
 2457842.363504 13.82061 0.01488 
 2457842.380625 13.82387 0.01543 
 2457843.292053 13.83218 0.01556 
 2457844.337290 13.82713 0.01413 
 2457845.300369 13.84280 0.01670 
 2457853.332128 13.81551 0.03125 
 2457854.259863 13.80470 0.02841 
 2457854.279507 13.80693 0.02932 
 2457854.304630 13.82321 0.02997 
 2457854.347355 13.84936 0.03339 
 2457855.248030 13.84748 0.02719 
 2457855.265344 13.87216 0.02783 
 2457855.297569 13.80829 0.03035 
 2457855.332674 13.79784 0.03193 
 2457855.342298 13.85888 0.03351 
 2457857.332315 13.80298 0.02570 
 2457859.254693 13.83245 0.01545 
 2457859.278839 13.83976 0.01470 
 2457859.317971 13.81499 0.01977 
 2457859.333026 13.79012 0.02176 
 2457861.245380 13.81606 0.01596 
 2457861.267191 13.83228 0.01602 
 2457861.289272 13.83062 0.01487 
 2457861.311185 13.82546 0.01584 
 2457861.328369 13.81867 0.01531 
 2457862.267083 13.81542 0.01731 
 2457862.313082 13.83161 0.01574 
 2457865.296440 13.82255 0.01636 
 2457866.273510 13.82566 0.01663 
 2457866.295796 13.83952 0.01683 
 2457867.245189 13.80423 0.01631 
 2457867.269365 13.82509 0.01630 
 2457867.296027 13.81978 0.01585 
 2457867.313452 13.83589 0.01589 
