\INPUT_FILE = /stage/nexsci-exo-data-prep/ETSS-prep/KELT/s34/raw/KELT_S34_lc_017824_V01_east_raw.dat
\INPUT_TYPE = "RAW"
\START_DATE = "Sun Jan 03, 20:25:35 2010"               
\STOP_DATE = "Sun Apr 06, 17:48:45 2014"               
\fixlen = T
\NUMRECORDS = 2781     
\
\ This file was produced by the NASA Exoplanet Archive  http://exoplanetarchive.ipac.caltech.edu 
\ Wed Oct 23, 10:56:30 2019
\ Documentation for the KELT Survey dataset can be found at http://exoplanetarchive.ipac.caltech.edu/docs/KELT.html
\
|          TIME|     MAG|MAG_ERR|
|          real|    real|   real|
|             d|     mag|    mag|
|          null|    null|   null|
 2455200.351102 12.94278 0.00861 
 2455200.353162 12.95738 0.00884 
 2455200.355223 12.93274 0.00854 
 2455200.357281 12.98531 0.00910 
 2455200.359342 12.96248 0.00877 
 2455200.361403 12.94808 0.00896 
 2455200.363463 12.97751 0.00900 
 2455200.365523 12.95224 0.00874 
 2455200.367583 12.95847 0.00918 
 2455200.369643 12.94875 0.00897 
 2455200.371704 12.98306 0.00921 
 2455200.373763 12.93732 0.00873 
 2455200.375824 12.94842 0.00889 
 2455200.377887 12.97118 0.00906 
 2455200.379943 12.96186 0.00877 
 2455200.382003 12.97188 0.00899 
 2455200.384063 12.96901 0.00889 
 2455200.386119 12.96709 0.00902 
 2455200.388181 12.96386 0.00889 
 2455200.392297 12.95396 0.00880 
 2455200.394354 12.95245 0.00875 
 2455200.396415 12.97289 0.00906 
 2455200.398475 12.95127 0.00863 
 2455200.400534 12.94610 0.00885 
 2455200.402594 12.94489 0.00843 
 2455200.404654 12.95499 0.00882 
 2455200.406710 12.94209 0.00859 
 2455200.408773 12.96441 0.00897 
 2455200.410831 12.95740 0.00853 
 2455200.412893 12.98595 0.00919 
 2455200.414950 12.95613 0.00861 
 2455200.417008 12.96561 0.00891 
 2455200.419069 12.94751 0.00846 
 2455200.421127 12.97254 0.00901 
 2455200.423193 12.95783 0.00859 
 2455200.425253 12.98464 0.00893 
 2455200.427311 12.95678 0.00856 
 2455200.429368 12.96480 0.00878 
 2455200.431426 12.95158 0.00865 
 2455200.433486 12.95184 0.00840 
 2455200.435547 12.95359 0.00868 
 2455200.437609 12.96409 0.00855 
 2455200.439667 12.96288 0.00870 
 2455200.441728 12.95389 0.00870 
 2455200.443787 12.95801 0.00844 
 2455200.445849 12.98340 0.00878 
 2455200.447907 12.94119 0.00840 
 2455200.449966 12.95658 0.00852 
 2455200.452024 12.96620 0.00862 
 2455200.454083 12.95758 0.00842 
 2455200.456142 12.96632 0.00854 
 2455200.458201 12.96948 0.00869 
 2455200.460261 12.95375 0.00842 
 2455200.462318 12.96924 0.00847 
 2455200.464379 12.96558 0.00869 
 2455200.466437 12.95821 0.00839 
 2455200.468499 12.95901 0.00841 
 2455200.470557 12.96390 0.00869 
 2455200.472617 12.94794 0.00852 
 2455200.474676 12.95368 0.00827 
 2455200.476734 12.96671 0.00851 
 2455200.478794 12.97038 0.00868 
 2455200.480852 12.94945 0.00862 
 2455200.482910 12.94640 0.00819 
 2455200.484968 12.95355 0.00829 
 2455200.487026 12.96971 0.00847 
 2455200.489085 12.96057 0.00865 
 2455200.491143 12.95022 0.00861 
 2455200.493202 12.95144 0.00836 
 2455200.495259 12.94920 0.00838 
 2455200.497316 12.97102 0.00862 
 2455201.337122 12.98181 0.00717 
 2455201.339179 12.94551 0.00668 
 2455201.341241 12.96168 0.00697 
 2455201.343300 12.94679 0.00678 
 2455201.345357 12.96492 0.00677 
 2455201.347417 12.97929 0.00694 
 2455201.349474 12.96066 0.00675 
 2455201.351532 12.94460 0.00694 
 2455201.353591 12.94324 0.00674 
 2455201.355653 12.98301 0.00728 
 2455201.357713 12.94876 0.00701 
 2455201.359772 12.94959 0.00715 
 2455201.361832 12.97684 0.00761 
 2455201.363893 12.95714 0.00750 
 2455201.365951 12.96476 0.00767 
 2455201.368012 12.95942 0.00750 
 2455201.370076 12.95097 0.00765 
 2455201.372134 12.98673 0.00783 
 2455201.374190 12.94648 0.00778 
 2455201.376248 12.96621 0.00794 
 2455201.378308 12.95428 0.00771 
 2455201.380365 12.95589 0.00788 
 2455201.382422 12.95642 0.00778 
 2455201.384491 12.95213 0.00808 
 2455201.386547 12.96616 0.00794 
 2455201.388608 12.94517 0.00794 
 2455201.390666 12.99223 0.00820 
 2455201.392725 12.94194 0.00789 
 2455201.394785 12.96570 0.00809 
 2455201.396843 12.96203 0.00793 
 2455201.398902 12.96468 0.00808 
 2455201.400959 12.94515 0.00786 
 2455201.403017 12.96136 0.00819 
 2455201.405075 12.95239 0.00780 
 2455201.407133 12.96896 0.00819 
 2455201.409193 12.97243 0.00800 
 2455201.411252 12.97568 0.00825 
 2455201.413315 12.93340 0.00780 
 2455201.415373 12.98075 0.00830 
 2455201.417430 12.95590 0.00783 
 2455201.419488 12.96673 0.00812 
 2455201.421547 12.95422 0.00779 
 2455201.423605 12.95473 0.00801 
 2455201.425665 12.95783 0.00798 
 2455201.427724 12.96715 0.00797 
 2455201.429784 12.96561 0.00817 
 2455201.431844 12.97545 0.00797 
 2455201.433905 12.97170 0.00822 
 2455201.435964 12.94239 0.00773 
 2455201.438025 12.96537 0.00811 
 2455201.440092 12.96520 0.00812 
 2455201.442149 12.96174 0.00792 
 2455201.444213 12.95725 0.00800 
 2455201.446270 12.95186 0.00796 
 2455201.448326 12.96129 0.00798 
 2455201.450387 12.98161 0.00825 
 2455201.452446 12.95164 0.00782 
 2455201.454506 12.96138 0.00799 
 2455201.456569 12.96890 0.00808 
 2455201.458629 12.95424 0.00777 
 2455201.460686 12.94899 0.00777 
 2455201.462747 12.97851 0.00813 
 2455201.464806 12.95551 0.00784 
 2455201.466865 12.95516 0.00778 
 2455201.468925 12.96142 0.00792 
 2455201.470985 12.96621 0.00813 
 2455201.473041 12.95571 0.00782 
 2455201.475100 12.95866 0.00785 
 2455201.477157 12.98225 0.00819 
 2455201.491578 12.97379 0.00798 
 2455202.323166 12.98724 0.00710 
 2455202.331401 12.97120 0.00701 
 2455202.333467 12.94952 0.00672 
 2455202.335524 12.97646 0.00708 
 2455202.339647 12.97178 0.00701 
 2455202.341705 12.97655 0.00689 
 2455202.343764 12.95750 0.00695 
 2455202.345827 12.97516 0.00689 
 2455202.347887 12.96787 0.00676 
 2455202.349945 12.87578 0.00644 
 2455202.352006 12.98055 0.00648 
 2455202.354064 12.95267 0.00658 
 2455202.356125 12.96572 0.00663 
 2455202.358184 12.96304 0.00661 
 2455202.360245 12.98767 0.00677 
 2455202.362310 12.95333 0.00651 
 2455202.364369 12.96334 0.00674 
 2455202.366427 12.95822 0.00662 
 2455202.368490 12.95313 0.00673 
 2455202.370549 12.96054 0.00677 
 2455202.372606 12.94330 0.00663 
 2455202.374665 12.96866 0.00673 
 2455202.376727 12.96887 0.00670 
 2455202.378791 12.96263 0.00684 
 2455202.380852 12.95926 0.00667 
 2455202.382908 12.96388 0.00700 
 2455202.384977 12.96515 0.00687 
 2455202.387036 12.96915 0.00702 
 2455202.389099 12.97784 0.00729 
 2455202.391165 12.96699 0.00730 
 2455202.393222 12.96943 0.00739 
 2455202.395283 12.95162 0.00736 
 2455202.397340 12.97475 0.00769 
 2455202.399401 12.95411 0.00752 
 2455202.401464 12.97307 0.00771 
 2455202.403522 12.94382 0.00748 
 2455202.405581 12.98516 0.00778 
 2455202.407638 12.94988 0.00770 
 2455202.411756 12.94618 0.00774 
 2455202.424107 12.96190 0.00790 
 2455202.426167 12.96835 0.00763 
 2455202.428225 12.97284 0.00775 
 2455202.430283 12.95452 0.00768 
 2455202.432342 12.95648 0.00751 
 2455202.434403 12.96974 0.00753 
 2455202.436457 12.97233 0.00752 
 2455202.438514 12.98855 0.00756 
 2455202.440576 12.96724 0.00747 
 2455202.442632 12.96943 0.00738 
 2455202.444700 12.96062 0.00746 
 2455202.448825 12.98726 0.00760 
 2455202.452943 12.93617 0.00721 
 2455202.455002 12.98148 0.00770 
 2455202.457066 12.96271 0.00750 
 2455202.459123 12.94596 0.00743 
 2455202.461183 12.97381 0.00749 
 2455202.463245 12.94201 0.00750 
 2455202.465303 12.95162 0.00750 
 2455202.467365 12.94316 0.00742 
 2455202.473548 12.94478 0.00739 
 2455203.337299 12.97542 0.00715 
 2455203.339319 12.96672 0.00695 
 2455203.341381 12.96004 0.00687 
 2455203.345502 12.95475 0.00690 
 2455203.347563 12.94717 0.00684 
 2455203.349734 12.94572 0.00666 
 2455203.368269 12.97041 0.00673 
 2455203.370329 12.96041 0.00670 
 2455203.374449 12.93912 0.00648 
 2455203.376510 12.97413 0.00676 
 2455203.378570 12.94922 0.00654 
 2455203.380630 12.95408 0.00672 
 2455203.382689 12.95100 0.00663 
 2455203.384751 12.95849 0.00670 
 2455203.386811 12.96406 0.00680 
 2455203.388868 12.96906 0.00685 
 2455203.434172 12.96769 0.00703 
 2455203.436230 12.97557 0.00724 
 2455203.446531 12.96634 0.00700 
 2455203.448591 12.98328 0.00721 
 2455203.450654 12.95647 0.00697 
 2455203.452713 12.96471 0.00726 
 2455203.454773 12.97800 0.00722 
 2455203.456834 12.93923 0.00686 
 2455203.458892 12.95931 0.00701 
 2455203.460951 12.97597 0.00723 
 2455203.463009 12.96110 0.00696 
 2455203.465068 12.94880 0.00677 
 2455203.467126 12.96839 0.00708 
 2455203.469182 12.96878 0.00708 
 2455203.471243 12.96095 0.00699 
 2455203.473302 12.94424 0.00680 
 2455203.475363 12.95957 0.00699 
 2455203.477421 12.95036 0.00700 
 2455203.479487 12.95875 0.00684 
 2455203.481546 12.96723 0.00677 
 2455203.483602 12.97750 0.00691 
 2455203.485663 12.97689 0.00701 
 2455204.378244 12.95297 0.00650 
 2455204.380302 12.95230 0.00635 
 2455204.382359 12.96879 0.00655 
 2455204.384421 12.96716 0.00642 
 2455204.386479 12.97145 0.00656 
 2455204.388541 12.95827 0.00641 
 2455204.390599 12.95795 0.00647 
 2455204.392660 12.96710 0.00653 
 2455204.394719 12.95352 0.00635 
 2455204.396777 12.96489 0.00666 
 2455204.398837 12.95556 0.00649 
 2455204.400895 12.96612 0.00645 
 2455204.402956 12.96350 0.00650 
 2455204.405013 12.96529 0.00651 
 2455204.407071 12.95792 0.00634 
 2455204.409131 12.94148 0.00624 
 2455204.411192 12.95895 0.00639 
 2455204.413250 12.95211 0.00633 
 2455204.415308 12.96258 0.00637 
 2455204.417366 12.96027 0.00621 
 2455204.419425 12.97597 0.00643 
 2455204.421484 12.93968 0.00608 
 2455204.423544 12.97344 0.00634 
 2455204.425606 12.94567 0.00625 
 2455204.427668 12.96755 0.00649 
 2455204.429730 12.97359 0.00661 
 2455204.431787 12.96002 0.00634 
 2455204.433849 12.97541 0.00666 
 2455204.435907 12.96272 0.00648 
 2455204.437965 12.96398 0.00654 
 2455204.440024 12.97113 0.00664 
 2455204.442081 12.95626 0.00639 
 2455204.444141 12.97985 0.00662 
 2455204.446199 12.98145 0.00683 
 2455204.448257 12.95882 0.00654 
 2455204.450318 12.96771 0.00662 
 2455204.452376 12.96392 0.00677 
 2455204.454438 12.96095 0.00641 
 2455204.456496 12.95886 0.00651 
 2455204.458556 12.97368 0.00665 
 2455204.460627 12.97443 0.00666 
 2455204.462679 12.94876 0.00642 
 2455204.464740 12.97890 0.00668 
 2455204.466798 12.98388 0.00683 
 2455204.468857 12.96335 0.00662 
 2455204.470920 12.95324 0.00646 
 2455204.472979 12.95854 0.00661 
 2455204.475039 12.96551 0.00683 
 2455204.477095 12.95649 0.00670 
 2455204.479156 12.95624 0.00650 
 2455204.481214 12.94898 0.00659 
 2455204.483271 12.96870 0.00685 
 2455204.485331 12.96394 0.00682 
 2455205.451278 12.97118 0.00669 
 2455205.453337 12.94981 0.00651 
 2455205.455400 12.94120 0.00628 
 2455205.457463 12.98216 0.00681 
 2455205.459522 12.98617 0.00684 
 2455205.469750 12.95718 0.00654 
 2455205.471818 12.93972 0.00658 
 2455205.473875 12.96732 0.00688 
 2455205.475936 12.96908 0.00698 
 2455206.330782 12.96513 0.00665 
 2455206.332844 12.95718 0.00666 
 2455206.334898 12.97851 0.00673 
 2455206.336963 12.96057 0.00670 
 2455206.339025 12.97073 0.00657 
 2455206.341083 12.98110 0.00671 
 2455206.343144 12.95387 0.00645 
 2455206.363862 12.96904 0.00624 
 2455206.365922 12.97269 0.00626 
 2455206.367988 12.95469 0.00610 
 2455206.370045 12.94096 0.00611 
 2455206.372103 12.94769 0.00613 
 2455206.374164 12.96608 0.00624 
 2455206.376224 12.95021 0.00629 
 2455206.378283 12.95191 0.00621 
 2455206.380341 12.94980 0.00623 
 2455206.382406 12.95824 0.00615 
 2455206.384465 12.97612 0.00630 
 2455206.386522 12.94809 0.00597 
 2455206.388584 12.97590 0.00635 
 2455206.390642 12.96280 0.00600 
 2455206.392705 12.96044 0.00601 
 2455206.394767 12.96777 0.00601 
 2455206.396824 12.96412 0.00613 
 2455206.398888 12.95497 0.00599 
 2455206.400945 12.96580 0.00611 
 2455206.403007 12.96094 0.00604 
 2455206.405066 12.95695 0.00604 
 2455206.407122 12.98186 0.00621 
 2455206.409184 12.95623 0.00595 
 2455206.411241 12.97418 0.00603 
 2455206.413304 12.96395 0.00601 
 2455206.415362 12.97728 0.00611 
 2455206.417419 12.95889 0.00597 
 2455206.419481 12.98544 0.00616 
 2455206.421540 12.96283 0.00596 
 2455206.423601 12.95832 0.00594 
 2455206.425662 12.99093 0.00614 
 2455206.427723 12.96241 0.00580 
 2455206.429782 12.96098 0.00605 
 2455206.431839 12.95867 0.00594 
 2455206.433902 12.95641 0.00585 
 2455206.435960 12.98123 0.00605 
 2455206.438017 12.96157 0.00588 
 2455206.440082 12.95607 0.00588 
 2455206.442139 12.95965 0.00615 
 2455212.311402 12.96004 0.00626 
 2455212.315525 12.97632 0.00610 
 2455212.317590 12.96607 0.00609 
 2455212.319652 12.94813 0.00597 
 2455212.321715 12.96295 0.00619 
 2455212.323772 12.95183 0.00600 
 2455212.325838 12.96591 0.00618 
 2455212.327897 12.96690 0.00626 
 2455212.329954 12.95957 0.00602 
 2455212.332012 12.97590 0.00616 
 2455212.334070 12.95864 0.00606 
 2455212.336133 12.97712 0.00628 
 2455212.338193 12.96775 0.00618 
 2455212.340256 12.96202 0.00620 
 2455212.342314 12.97486 0.00621 
 2455212.344372 12.95097 0.00595 
 2455212.346434 12.97568 0.00615 
 2455212.348493 12.95883 0.00601 
 2455212.350555 12.95321 0.00589 
 2455212.352614 12.96905 0.00599 
 2455212.354674 12.96105 0.00593 
 2455212.356735 12.98243 0.00617 
 2455212.358794 12.96472 0.00604 
 2455212.360856 12.96526 0.00613 
 2455212.362917 12.95369 0.00592 
 2455212.364975 12.98148 0.00619 
 2455212.367035 12.95855 0.00608 
 2455212.369094 12.95662 0.00615 
 2455212.371155 12.96882 0.00609 
 2455212.373213 12.95129 0.00603 
 2455212.375277 12.96873 0.00605 
 2455212.377335 12.96907 0.00610 
 2455212.379393 12.98738 0.00615 
 2455212.381454 12.95263 0.00603 
 2455212.383513 12.96263 0.00604 
 2455212.385573 12.96357 0.00607 
 2455212.387635 12.95910 0.00600 
 2455212.389693 12.96443 0.00604 
 2455212.391756 12.95939 0.00593 
 2455212.393814 12.97397 0.00619 
 2455212.395877 12.95711 0.00600 
 2455212.397940 12.96549 0.00617 
 2455212.399997 12.96098 0.00602 
 2455212.402058 12.96690 0.00611 
 2455212.404117 12.95008 0.00604 
 2455212.406178 12.95956 0.00598 
 2455212.408236 12.96502 0.00609 
 2455212.410298 12.95139 0.00603 
 2455212.412361 12.96043 0.00603 
 2455212.414419 12.96747 0.00623 
 2455212.416480 12.94726 0.00603 
 2455212.418539 12.97430 0.00623 
 2455212.420608 12.95052 0.00607 
 2455212.422667 12.95848 0.00610 
 2455212.424724 12.97606 0.00623 
 2455212.430902 12.97622 0.00624 
 2455212.432964 12.95961 0.00623 
 2455212.435023 12.96521 0.00604 
 2455212.437083 12.99014 0.00606 
 2455212.439141 12.98358 0.00635 
 2455212.441202 12.96605 0.00611 
 2455212.443260 12.95690 0.00602 
 2455212.445319 12.94192 0.00596 
 2455212.447378 12.96587 0.00616 
 2455212.449438 12.96779 0.00606 
 2455212.451501 12.95805 0.00593 
 2455212.453560 12.97756 0.00603 
 2455212.455625 12.95870 0.00621 
 2455212.457686 12.96746 0.00611 
 2455212.459745 12.97064 0.00607 
 2455212.461806 12.94887 0.00591 
 2455212.463864 12.96460 0.00607 
 2455213.308065 12.97413 0.00666 
 2455213.310126 12.98905 0.00683 
 2455213.314253 12.98206 0.00690 
 2455213.316315 12.95720 0.00656 
 2455213.318376 12.96087 0.00669 
 2455213.320435 12.97191 0.00656 
 2455213.322498 12.95638 0.00660 
 2455213.324556 12.96407 0.00652 
 2455213.326621 12.95373 0.00651 
 2455213.328683 12.96969 0.00669 
 2455213.330742 12.94785 0.00641 
 2455213.332805 12.96718 0.00665 
 2455213.334864 12.97512 0.00662 
 2455213.336928 12.93601 0.00657 
 2455213.338991 12.97572 0.00668 
 2455213.341051 12.96417 0.00663 
 2455213.343113 12.96643 0.00664 
 2455213.345177 12.94682 0.00637 
 2455213.347240 12.96450 0.00658 
 2455213.349302 12.97046 0.00644 
 2455213.351364 12.94461 0.00640 
 2455213.353426 12.95963 0.00636 
 2455213.355484 12.95465 0.00638 
 2455213.357547 12.96457 0.00650 
 2455213.359606 12.94468 0.00631 
 2455213.361665 12.97667 0.00661 
 2455213.363729 12.96020 0.00634 
 2455213.365789 12.98314 0.00661 
 2455213.367851 12.94933 0.00628 
 2455213.369910 12.96648 0.00651 
 2455213.371994 12.95682 0.00629 
 2455213.374058 12.96257 0.00654 
 2455213.376118 12.96964 0.00646 
 2455213.378178 12.97031 0.00656 
 2455213.380247 12.95246 0.00632 
 2455213.382310 12.97752 0.00662 
 2455213.384373 12.94683 0.00620 
 2455213.386432 12.97408 0.00653 
 2455213.388498 12.97757 0.00651 
 2455213.390557 12.96867 0.00638 
 2455213.392618 12.95404 0.00629 
 2455213.394676 12.95852 0.00628 
 2455213.396733 12.96858 0.00646 
 2455213.398794 12.95775 0.00626 
 2455213.400853 12.97246 0.00654 
 2455213.402920 12.95304 0.00636 
 2455213.404979 12.96101 0.00641 
 2455213.407037 12.95789 0.00641 
 2455213.409099 12.94509 0.00628 
 2455213.411158 12.94765 0.00651 
 2455213.413222 12.94616 0.00637 
 2455213.415285 12.95320 0.00634 
 2455213.417345 12.99078 0.00671 
 2455213.419407 12.97120 0.00650 
 2455213.421466 12.96163 0.00629 
 2455213.423531 12.97667 0.00665 
 2455213.425590 12.96043 0.00643 
 2455213.427649 12.96010 0.00625 
 2455213.429709 12.97559 0.00657 
 2455213.431767 12.95939 0.00645 
 2455213.433824 12.96249 0.00634 
 2455213.435883 12.97469 0.00654 
 2455213.437940 12.95863 0.00657 
 2455213.440002 12.94842 0.00641 
 2455213.442061 12.96145 0.00632 
 2455213.444133 12.97448 0.00659 
 2455213.446192 12.95339 0.00653 
 2455213.448252 12.96145 0.00639 
 2455213.450314 12.96346 0.00632 
 2455213.452372 12.97339 0.00656 
 2455213.454434 12.96469 0.00656 
 2455213.456493 12.95637 0.00636 
 2455213.458555 12.95557 0.00632 
 2455213.460614 12.96771 0.00636 
 2455214.309986 12.96870 0.00645 
 2455214.312045 12.96185 0.00617 
 2455214.314105 12.96359 0.00646 
 2455214.316168 12.95146 0.00624 
 2455214.318230 12.96159 0.00641 
 2455214.320289 12.95858 0.00622 
 2455214.322351 12.96187 0.00627 
 2455214.324410 12.97322 0.00633 
 2455214.326473 12.95842 0.00622 
 2455214.328533 12.95529 0.00632 
 2455214.330592 12.95702 0.00618 
 2455214.332656 12.97643 0.00641 
 2455214.334719 12.97374 0.00625 
 2455214.336785 12.96279 0.00618 
 2455214.338843 12.95634 0.00623 
 2455214.340903 12.94289 0.00611 
 2455214.342964 12.96220 0.00630 
 2455214.345023 12.95027 0.00615 
 2455214.347091 12.97162 0.00638 
 2455214.349151 12.95177 0.00606 
 2455214.351218 12.95569 0.00624 
 2455214.353279 12.96347 0.00627 
 2455214.355343 12.95191 0.00622 
 2455214.357408 12.97279 0.00606 
 2455214.359467 12.94567 0.00609 
 2455214.361531 12.97790 0.00574 
 2455214.363592 12.95328 0.00626 
 2455214.365650 12.98295 0.00626 
 2455214.367712 12.95570 0.00613 
 2455214.369776 12.96910 0.00621 
 2455214.371841 12.95430 0.00605 
 2455214.373906 12.98003 0.00627 
 2455214.375971 12.94955 0.00607 
 2455214.378030 12.96928 0.00617 
 2455214.380091 12.96215 0.00613 
 2455214.382153 12.96257 0.00616 
 2455214.384213 12.95846 0.00625 
 2455214.386270 12.96127 0.00608 
 2455214.388332 12.97503 0.00635 
 2455216.306802 12.94002 0.00638 
 2455216.308861 12.98494 0.00667 
 2455216.310920 12.94055 0.00632 
 2455216.312980 12.97277 0.00661 
 2455216.317104 12.96102 0.00631 
 2455216.319170 12.95906 0.00632 
 2455216.321230 12.94877 0.00628 
 2455216.323289 12.96933 0.00655 
 2455216.325354 12.95115 0.00625 
 2455216.327418 12.97121 0.00666 
 2455216.329473 12.97749 0.00650 
 2455216.331536 12.96683 0.00655 
 2455216.333599 12.97741 0.00655 
 2455216.335657 12.96157 0.00644 
 2455216.337715 12.96334 0.00663 
 2455216.339778 12.96230 0.00653 
 2455216.341848 12.98282 0.00673 
 2455216.343911 12.96449 0.00663 
 2455216.345971 12.94773 0.00661 
 2455216.348029 12.95845 0.00654 
 2455216.350094 12.95898 0.00664 
 2455216.352155 12.96488 0.00674 
 2455216.354218 12.94845 0.00659 
 2455216.356283 12.96789 0.00678 
 2455216.358340 12.95942 0.00662 
 2455216.360403 12.97381 0.00682 
 2455216.362461 12.97580 0.00671 
 2455216.366580 12.94375 0.00660 
 2455216.368640 12.97640 0.00683 
 2455216.370703 12.96389 0.00675 
 2455216.372765 12.98089 0.00692 
 2455216.374828 12.95126 0.00662 
 2455216.376887 12.98071 0.00681 
 2455216.378944 12.96545 0.00674 
 2455216.381005 12.96807 0.00687 
 2455216.383064 12.94953 0.00680 
 2455216.385126 12.96157 0.00670 
 2455216.387185 12.96237 0.00675 
 2455216.389244 12.95201 0.00654 
 2455216.391305 12.96914 0.00678 
 2455216.393368 12.93832 0.00654 
 2455216.395432 12.95212 0.00661 
 2455216.397490 12.95687 0.00680 
 2455216.399553 12.95556 0.00655 
 2455216.401618 12.95404 0.00673 
 2455216.403675 12.95655 0.00668 
 2455216.405740 12.95744 0.00646 
 2455216.407799 12.97999 0.00691 
 2455216.409860 12.97696 0.00678 
 2455216.411921 12.96571 0.00673 
 2455216.413979 12.96055 0.00692 
 2455216.416048 12.95286 0.00666 
 2455216.418109 12.96306 0.00660 
 2455216.426351 12.98414 0.00673 
 2455216.428410 12.96186 0.00667 
 2455216.430472 12.96716 0.00641 
 2455216.432531 12.96191 0.00643 
 2455216.434591 12.95976 0.00656 
 2455216.436653 12.96077 0.00665 
 2455216.438712 12.93984 0.00636 
 2455216.440772 12.95729 0.00638 
 2455216.442831 12.97772 0.00658 
 2455216.444893 12.96377 0.00671 
 2455216.446955 12.95194 0.00644 
 2455216.449013 12.96081 0.00627 
 2455216.451077 12.97093 0.00636 
 2455216.453137 12.96537 0.00663 
 2455217.308994 12.96945 0.00687 
 2455217.310941 12.93865 0.00670 
 2455217.312996 12.98236 0.00684 
 2455217.315058 12.96150 0.00662 
 2455217.317118 12.98265 0.00687 
 2455217.319180 12.96270 0.00656 
 2455217.321354 12.96846 0.00669 
 2455217.323415 12.97419 0.00661 
 2455217.325477 12.94864 0.00652 
 2455217.327538 12.96160 0.00654 
 2455217.329604 12.95557 0.00653 
 2455217.331655 12.94562 0.00641 
 2455217.333713 12.94675 0.00628 
 2455217.335773 12.95301 0.00632 
 2455217.337829 12.95563 0.00638 
 2455217.339890 12.96018 0.00635 
 2455217.341963 12.97062 0.00636 
 2455217.344024 12.95943 0.00627 
 2455217.346080 12.97748 0.00641 
 2455217.348135 12.94938 0.00615 
 2455217.350196 12.96985 0.00648 
 2455217.352237 12.94382 0.00622 
 2455217.354303 12.96619 0.00650 
 2455217.356360 12.94708 0.00627 
 2455217.358415 12.96065 0.00633 
 2455217.360476 12.95745 0.00623 
 2455217.362532 12.98245 0.00648 
 2455217.364587 12.94001 0.00634 
 2455217.366650 12.96806 0.00650 
 2455217.368837 12.94536 0.00623 
 2455217.370894 12.97987 0.00658 
 2455217.372950 12.96177 0.00641 
 2455217.375019 12.95967 0.00646 
 2455217.377074 12.95542 0.00628 
 2455217.379129 12.97230 0.00650 
 2455217.381190 12.95337 0.00645 
 2455217.383251 12.95631 0.00632 
 2455217.385317 12.97092 0.00649 
 2455217.387380 12.94279 0.00627 
 2455217.389437 12.97599 0.00650 
 2455217.391496 12.94869 0.00628 
 2455217.393551 12.96483 0.00651 
 2455217.395612 12.96718 0.00651 
 2455217.397669 12.95178 0.00637 
 2455217.399729 12.96689 0.00666 
 2455217.401789 12.95293 0.00649 
 2455217.403848 12.94989 0.00629 
 2455217.405908 12.97341 0.00656 
 2455217.407969 12.94564 0.00635 
 2455217.410032 12.95548 0.00632 
 2455217.412090 12.96974 0.00665 
 2455217.414149 12.95125 0.00644 
 2455217.416209 12.95558 0.00643 
 2455217.418267 12.98148 0.00668 
 2455217.420325 12.96173 0.00645 
 2455217.422381 12.95978 0.00633 
 2455217.424438 12.97461 0.00651 
 2455217.426502 12.96463 0.00647 
 2455217.428561 12.96562 0.00635 
 2455217.430619 12.95741 0.00631 
 2455217.432678 12.98323 0.00663 
 2455217.434733 12.96195 0.00643 
 2455217.436791 12.94831 0.00635 
 2455217.438847 12.95557 0.00614 
 2455217.440904 12.97501 0.00640 
 2455217.442961 12.95627 0.00637 
 2455217.445017 12.96496 0.00633 
 2455217.447076 12.95061 0.00618 
 2455217.449131 12.95797 0.00623 
 2455218.306210 12.95807 0.00696 
 2455218.308267 12.98180 0.00714 
 2455218.310323 12.96025 0.00697 
 2455218.312386 12.97563 0.00692 
 2455218.314441 12.95553 0.00682 
 2455218.316571 12.96572 0.00687 
 2455218.318634 12.96361 0.00687 
 2455218.320691 12.96413 0.00686 
 2455218.322752 12.97577 0.00713 
 2455218.324810 12.95197 0.00668 
 2455218.326862 12.95932 0.00673 
 2455218.328925 12.95563 0.00660 
 2455218.330986 12.94928 0.00667 
 2455218.333049 12.96189 0.00650 
 2455218.335109 12.94820 0.00652 
 2455218.337173 12.97131 0.00659 
 2455218.339233 12.95913 0.00654 
 2455218.341291 12.97611 0.00669 
 2455218.343351 12.95283 0.00650 
 2455218.345411 12.96118 0.00652 
 2455218.347471 12.94834 0.00644 
 2455218.349535 12.98101 0.00665 
 2455218.351590 12.96368 0.00654 
 2455218.353648 12.97009 0.00654 
 2455218.355705 12.95501 0.00629 
 2455218.357762 12.96506 0.00634 
 2455218.359821 12.96036 0.00631 
 2455218.361881 12.97628 0.00651 
 2455218.363942 12.95805 0.00637 
 2455218.366001 12.96418 0.00635 
 2455218.368063 12.96210 0.00621 
 2455218.370121 12.98625 0.00644 
 2455218.372180 12.94573 0.00623 
 2455218.374243 12.96574 0.00634 
 2455218.376302 12.96289 0.00609 
 2455218.378362 12.96997 0.00619 
 2455218.380423 12.96053 0.00612 
 2455218.382478 12.96489 0.00615 
 2455218.384536 12.97671 0.00632 
 2455218.386592 12.94814 0.00612 
 2455218.388655 12.97157 0.00627 
 2455218.390713 12.94986 0.00604 
 2455218.392772 12.97595 0.00621 
 2455218.394832 12.95856 0.00611 
 2455218.396893 12.96569 0.00602 
 2455218.398952 12.97210 0.00603 
 2455218.401012 12.96562 0.00591 
 2455218.403070 12.96535 0.00590 
 2455218.405127 12.95980 0.00599 
 2455218.407182 12.95512 0.00592 
 2455218.409241 12.96557 0.00584 
 2455218.411303 12.96948 0.00604 
 2455218.413363 12.95675 0.00606 
 2455218.415425 12.96882 0.00592 
 2455218.417488 12.97089 0.00612 
 2455218.419551 12.96587 0.00605 
 2455218.421608 12.95447 0.00597 
 2455218.423668 12.96242 0.00594 
 2455218.425725 12.97676 0.00614 
 2455218.427783 12.95676 0.00597 
 2455218.429844 12.95766 0.00588 
 2455218.431904 12.95880 0.00591 
 2455218.433962 12.97334 0.00613 
 2455218.436018 12.96412 0.00601 
 2455218.438072 12.96017 0.00593 
 2455218.440131 12.96469 0.00593 
 2455218.442187 12.96077 0.00605 
 2455218.444247 12.95631 0.00617 
 2455218.446303 12.95517 0.00600 
 2455218.448361 12.96361 0.00595 
 2455220.307923 12.96736 0.00712 
 2455220.309990 12.95562 0.00741 
 2455220.312054 12.96785 0.00732 
 2455220.314116 12.95722 0.00726 
 2455220.316179 12.97353 0.00732 
 2455220.318237 12.94545 0.00692 
 2455220.320300 12.96787 0.00727 
 2455220.322358 12.96173 0.00707 
 2455220.324419 12.95211 0.00716 
 2455220.326480 12.95915 0.00723 
 2455220.328537 12.94472 0.00710 
 2455220.330591 12.96826 0.00716 
 2455220.332654 12.96396 0.00709 
 2455220.334711 12.97804 0.00724 
 2455220.336772 12.97036 0.00707 
 2455220.338827 12.96909 0.00711 
 2455220.340889 12.95942 0.00691 
 2455220.342950 12.96718 0.00715 
 2455220.345008 12.96779 0.00688 
 2455220.347071 12.96766 0.00711 
 2455220.349127 12.96947 0.00703 
 2455220.351192 12.96866 0.00702 
 2455220.353252 12.96762 0.00694 
 2455220.355309 12.97872 0.00718 
 2455220.357369 12.96720 0.00691 
 2455220.359427 12.98820 0.00719 
 2455220.361484 12.96553 0.00691 
 2455220.363547 12.97741 0.00711 
 2455220.365608 12.96816 0.00695 
 2455220.367668 12.98263 0.00713 
 2455220.369731 12.97004 0.00697 
 2455220.371793 12.98775 0.00712 
 2455220.373849 12.97957 0.00699 
 2455220.375910 12.98954 0.00710 
 2455220.377977 12.97351 0.00702 
 2455220.380034 12.97754 0.00679 
 2455220.382093 12.97357 0.00697 
 2455220.384151 12.95632 0.00676 
 2455220.386211 12.99964 0.00702 
 2455220.388273 12.99142 0.00689 
 2455220.390329 12.97165 0.00661 
 2455220.392394 12.98663 0.00697 
 2455220.394451 12.97218 0.00671 
 2455220.396507 12.98118 0.00656 
 2455220.398568 12.98914 0.00680 
 2455220.400623 12.97362 0.00653 
 2455220.402683 12.99173 0.00672 
 2455220.404742 12.98845 0.00665 
 2455220.406802 12.98025 0.00639 
 2455220.408862 13.00398 0.00659 
 2455220.410922 13.01715 0.00667 
 2455220.412985 12.97605 0.00644 
 2455220.415041 13.00638 0.00639 
 2455220.417100 13.01222 0.00645 
 2455220.419161 13.00259 0.00650 
 2455220.421219 12.99176 0.00620 
 2455220.423282 13.00808 0.00623 
 2455220.425341 13.00415 0.00641 
 2455220.427399 12.99791 0.00629 
 2455220.429457 12.99776 0.00621 
 2455220.431512 12.98790 0.00603 
 2455220.433572 13.01745 0.00649 
 2455220.435632 13.01550 0.00632 
 2455220.437691 13.01886 0.00627 
 2455220.439751 12.99439 0.00605 
 2455220.441806 13.00368 0.00613 
 2455221.305483 12.95998 0.00773 
 2455221.307540 12.95561 0.00767 
 2455221.309599 12.98760 0.00783 
 2455221.311660 12.96105 0.00773 
 2455221.313722 12.96480 0.00788 
 2455221.315785 12.95395 0.00749 
 2455221.317845 12.97183 0.00775 
 2455221.321976 12.96866 0.00753 
 2455221.324035 12.96861 0.00766 
 2455221.326097 12.96143 0.00759 
 2455221.328153 12.97093 0.00762 
 2455221.330213 12.95139 0.00725 
 2455221.332276 12.96765 0.00758 
 2455221.334336 12.95179 0.00746 
 2455221.336405 12.95120 0.00749 
 2455221.338464 12.95541 0.00751 
 2455221.340521 12.97033 0.00760 
 2455221.342580 12.96326 0.00740 
 2455221.344638 12.95326 0.00750 
 2455221.346701 12.96509 0.00739 
 2455221.348764 12.95258 0.00737 
 2455229.300395 12.94849 0.00811 
 2455229.302454 12.95423 0.00858 
 2455229.304517 12.95794 0.00839 
 2455229.306574 12.94792 0.00859 
 2455229.308701 12.95501 0.00878 
 2455229.310764 12.94681 0.00874 
 2455229.312823 12.96201 0.00896 
 2455229.314886 12.94105 0.00872 
 2455229.316945 12.98047 0.00931 
 2455229.319008 12.93936 0.00890 
 2455229.321068 12.97387 0.00934 
 2455229.323131 12.95565 0.00917 
 2455229.325188 12.96779 0.00937 
 2455229.327245 12.94023 0.00898 
 2455229.329304 12.97082 0.00939 
 2455229.331367 12.95529 0.00908 
 2455229.333430 12.96258 0.00925 
 2455229.335486 12.95448 0.00900 
 2455229.337550 12.96525 0.00930 
 2455229.339611 12.95061 0.00919 
 2455229.341668 12.98120 0.00928 
 2455229.343728 12.95421 0.00920 
 2455229.345786 12.96884 0.00951 
 2455229.347847 12.94996 0.00938 
 2455229.349910 12.94542 0.00910 
 2455229.351968 12.96671 0.00938 
 2455229.354028 12.94533 0.00911 
 2455229.356087 12.98129 0.00963 
 2455229.358147 12.94749 0.00921 
 2455229.360208 12.95500 0.00939 
 2455229.362272 12.96698 0.00963 
 2455229.364334 12.95782 0.00913 
 2455229.366394 12.97537 0.00965 
 2455229.368450 12.95389 0.00944 
 2455229.370512 12.94743 0.00917 
 2455229.372569 12.97173 0.00946 
 2455229.374630 12.95555 0.00931 
 2455229.376689 12.95179 0.00922 
 2455229.380812 12.95455 0.00923 
 2455229.382868 12.95974 0.00913 
 2455229.384927 12.96232 0.00923 
 2455229.386985 12.97354 0.00929 
 2455229.389044 12.95406 0.00907 
 2455229.391100 12.98066 0.00941 
 2455229.393156 12.97306 0.00937 
 2455229.395215 12.96125 0.00923 
 2455229.397274 12.95165 0.00902 
 2455229.399332 12.96621 0.00924 
 2455229.401389 12.95898 0.00923 
 2455229.403446 12.96034 0.00906 
 2455229.405505 12.95226 0.00904 
 2455229.407563 12.99242 0.00950 
 2455229.409622 12.96678 0.00930 
 2455229.411679 12.95220 0.00910 
 2455229.413737 12.96577 0.00913 
 2455229.415798 12.95442 0.00912 
 2455229.417859 12.99131 0.00934 
 2455230.298950 12.97481 0.00604 
 2455230.301008 12.96854 0.00602 
 2455230.303130 12.97118 0.00606 
 2455230.305192 12.95498 0.00602 
 2455230.307249 12.95967 0.00606 
 2455230.309311 12.95190 0.00606 
 2455230.311369 12.97761 0.00629 
 2455230.313369 12.96075 0.00630 
 2455230.315434 12.96183 0.00646 
 2455230.317491 12.96404 0.00653 
 2455230.319554 12.96018 0.00666 
 2455230.321610 12.95636 0.00664 
 2455230.323720 12.97387 0.00686 
 2455230.325782 12.96513 0.00696 
 2455230.327839 12.97531 0.00723 
 2455230.329901 12.94865 0.00712 
 2455230.331960 12.97590 0.00740 
 2455230.334017 12.95503 0.00732 
 2455230.336080 12.96176 0.00749 
 2455230.338142 12.95426 0.00737 
 2455230.340205 12.96724 0.00766 
 2455230.342261 12.95750 0.00753 
 2455230.344211 12.98659 0.00771 
 2455230.346271 12.96263 0.00763 
 2455230.348329 12.97744 0.00774 
 2455230.350390 12.95258 0.00771 
 2455230.352447 12.95075 0.00743 
 2455230.354620 12.96668 0.00784 
 2455230.356683 12.95837 0.00760 
 2455230.358739 12.97336 0.00780 
 2455230.360802 12.95626 0.00773 
 2455230.362859 12.94761 0.00760 
 2455230.364919 12.97435 0.00789 
 2455230.366980 12.97016 0.00778 
 2455230.369036 12.94631 0.00759 
 2455230.371098 12.97449 0.00799 
 2455230.373159 12.95922 0.00765 
 2455230.375223 12.95495 0.00765 
 2455230.377280 12.96790 0.00783 
 2455230.379339 12.95091 0.00768 
 2455230.381400 12.96100 0.00769 
 2455230.383457 12.96184 0.00790 
 2455230.385520 12.95475 0.00776 
 2455230.387577 12.96007 0.00774 
 2455230.389633 12.96749 0.00778 
 2455230.391694 12.97569 0.00808 
 2455230.393751 12.95026 0.00766 
 2455230.395814 12.95642 0.00779 
 2455230.397871 12.96357 0.00784 
 2455230.399933 12.96853 0.00799 
 2455230.401994 12.95779 0.00784 
 2455230.404053 12.94446 0.00770 
 2455230.406111 12.95044 0.00767 
 2455230.408170 12.96790 0.00797 
 2455230.410232 12.95235 0.00786 
 2455230.412292 12.95836 0.00771 
 2455230.414353 12.94860 0.00763 
 2455231.300560 12.97333 0.00671 
 2455231.302616 12.95113 0.00652 
 2455231.304680 12.97506 0.00679 
 2455231.306737 12.97111 0.00665 
 2455231.308799 12.97664 0.00684 
 2455231.317030 12.95669 0.00645 
 2455231.319091 12.98544 0.00673 
 2455231.321149 12.94925 0.00653 
 2455231.323208 12.96659 0.00662 
 2455231.325265 12.95591 0.00654 
 2455231.327315 12.97739 0.00659 
 2455231.329377 12.94830 0.00650 
 2455231.331434 12.96227 0.00675 
 2455231.333499 12.96624 0.00663 
 2455231.335555 12.98918 0.00675 
 2455231.337618 12.93690 0.00646 
 2455231.339678 12.98185 0.00681 
 2455231.341734 12.94175 0.00675 
 2455231.343795 12.96371 0.00695 
 2455231.345853 12.97588 0.00712 
 2455231.349962 12.97680 0.00707 
 2455231.356138 12.96879 0.00739 
 2455231.358205 12.94891 0.00719 
 2455231.360266 12.98043 0.00768 
 2455231.362326 12.95729 0.00746 
 2455231.364386 12.96961 0.00747 
 2455231.366447 12.95119 0.00758 
 2455231.368507 12.95720 0.00742 
 2455231.370570 12.95402 0.00744 
 2455231.372627 12.96574 0.00775 
 2455231.374688 12.95018 0.00751 
 2455231.380869 12.95483 0.00754 
 2455232.299227 12.95755 0.00619 
 2455232.301290 12.95591 0.00639 
 2455232.303349 12.95954 0.00621 
 2455232.305413 12.96601 0.00632 
 2455232.307469 12.95830 0.00619 
 2455232.309526 12.97242 0.00627 
 2455232.311587 12.96063 0.00616 
 2455232.313649 12.96524 0.00629 
 2455232.315714 12.95937 0.00617 
 2455232.317773 12.95905 0.00622 
 2455232.319841 12.96315 0.00614 
 2455232.321902 12.96248 0.00617 
 2455232.323965 12.95949 0.00608 
 2455232.326026 12.96431 0.00613 
 2455232.328083 12.96645 0.00610 
 2455232.330146 12.95994 0.00611 
 2455232.332203 12.95259 0.00594 
 2455232.334259 12.96178 0.00608 
 2455232.336322 12.95883 0.00608 
 2455232.338381 12.96586 0.00622 
 2455232.340439 12.96174 0.00610 
 2455232.342502 12.97040 0.00610 
 2455232.344559 12.96289 0.00611 
 2455232.346620 12.96092 0.00602 
 2455232.348684 12.96818 0.00618 
 2455232.350748 12.96049 0.00604 
 2455232.352806 12.97145 0.00612 
 2455232.354863 12.95901 0.00609 
 2455232.356925 12.95878 0.00602 
 2455232.358986 12.97689 0.00627 
 2455232.361047 12.96544 0.00621 
 2455232.363103 12.97688 0.00622 
 2455232.365163 12.97092 0.00634 
 2455232.367226 12.95735 0.00624 
 2455232.369285 12.97334 0.00633 
 2455232.371349 12.96404 0.00640 
 2455232.373406 12.94597 0.00629 
 2455232.375463 12.96910 0.00642 
 2455232.377526 12.97141 0.00661 
 2455232.379583 12.96544 0.00655 
 2455232.381647 12.95711 0.00640 
 2455232.383704 12.96911 0.00658 
 2455232.385762 12.96580 0.00662 
 2455232.387823 12.96108 0.00654 
 2455232.389884 12.95830 0.00634 
 2455232.391947 12.96814 0.00665 
 2455232.394004 12.96576 0.00677 
 2455232.396066 12.96391 0.00652 
 2455232.398126 12.91633 0.00627 
 2455232.400183 12.96425 0.00659 
 2455232.402245 12.97076 0.00679 
 2455232.404307 12.96753 0.00669 
 2455232.406370 12.95392 0.00652 
 2455232.408426 12.97174 0.00662 
 2455233.296957 12.96272 0.00671 
 2455233.299016 12.97600 0.00692 
 2455233.301077 12.95286 0.00669 
 2455233.303143 12.95522 0.00673 
 2455233.305204 12.96640 0.00664 
 2455233.307265 12.96468 0.00666 
 2455233.309328 12.97118 0.00657 
 2455233.311385 12.95907 0.00663 
 2455233.313442 12.96785 0.00655 
 2455233.315504 12.97127 0.00661 
 2455233.317564 12.96787 0.00654 
 2455233.319630 12.96252 0.00653 
 2455233.321696 12.96481 0.00655 
 2455233.323752 12.95613 0.00663 
 2455233.325814 12.96328 0.00646 
 2455233.327871 12.97200 0.00676 
 2455233.329932 12.96349 0.00649 
 2455233.331995 12.95425 0.00666 
 2455233.334052 12.95020 0.00641 
 2455233.336115 12.97959 0.00668 
 2455233.338173 12.95184 0.00648 
 2455233.340235 12.97590 0.00653 
 2455233.342293 12.96048 0.00653 
 2455233.344353 12.97343 0.00650 
 2455233.346416 12.96749 0.00661 
 2455233.348474 12.94970 0.00632 
 2455233.350537 12.97376 0.00648 
 2455233.352594 12.94499 0.00636 
 2455233.354652 12.97601 0.00645 
 2455233.356715 12.95874 0.00656 
 2455233.358773 12.97146 0.00646 
 2455233.360833 12.95340 0.00635 
 2455233.362891 12.95807 0.00659 
 2455233.364949 12.94196 0.00640 
 2455233.367011 12.96756 0.00657 
 2455233.369068 12.95360 0.00669 
 2455233.371130 12.95052 0.00646 
 2455233.373188 12.95464 0.00647 
 2455233.375250 12.96448 0.00664 
 2455233.377308 12.95536 0.00650 
 2455233.379364 12.96121 0.00642 
 2455233.381426 12.96983 0.00677 
 2455233.383477 12.96423 0.00678 
 2455233.385536 12.95331 0.00656 
 2455233.387595 12.97236 0.00655 
 2455233.389652 12.96635 0.00675 
 2455233.391714 12.97082 0.00688 
 2455233.393781 12.94252 0.00657 
 2455233.395844 12.93791 0.00658 
 2455233.397904 12.97568 0.00683 
 2455233.399966 12.96147 0.00696 
 2455233.402028 12.96749 0.00684 
 2455233.404085 12.95014 0.00663 
 2455233.406147 12.96587 0.00678 
 2455234.295900 12.97007 0.00636 
 2455234.297959 12.94776 0.00623 
 2455234.300022 12.96442 0.00643 
 2455234.302085 12.95871 0.00630 
 2455234.304145 12.95596 0.00639 
 2455234.306207 12.96525 0.00634 
 2455234.308271 12.96406 0.00641 
 2455234.310329 12.95876 0.00632 
 2455234.312400 12.96983 0.00651 
 2455234.314461 12.96659 0.00620 
 2455234.316520 12.96334 0.00641 
 2455234.318585 12.94565 0.00611 
 2455234.320645 12.95035 0.00636 
 2455234.322706 12.96666 0.00623 
 2455234.324770 12.96116 0.00635 
 2455234.326831 12.96639 0.00630 
 2455234.328899 12.96482 0.00644 
 2455234.330958 12.94650 0.00626 
 2455234.333010 12.97929 0.00634 
 2455234.335073 12.94702 0.00619 
 2455234.337134 12.95347 0.00628 
 2455234.339199 12.96529 0.00629 
 2455234.341262 12.96669 0.00617 
 2455234.343330 12.97295 0.00634 
 2455234.345395 12.94434 0.00624 
 2455234.347455 12.90775 0.00607 
 2455234.349514 12.94532 0.00623 
 2455234.351575 12.95769 0.00621 
 2455234.353637 12.97786 0.00640 
 2455234.355696 12.96174 0.00618 
 2455234.357759 12.94621 0.00613 
 2455234.359819 12.97139 0.00635 
 2455234.361880 12.96139 0.00616 
 2455234.363933 12.96536 0.00626 
 2455234.365997 12.96612 0.00635 
 2455234.368059 12.95129 0.00617 
 2455234.370118 12.96689 0.00621 
 2455234.372177 12.97614 0.00636 
 2455234.374241 12.95126 0.00616 
 2455234.376313 12.96848 0.00618 
 2455234.378374 12.96473 0.00628 
 2455234.380433 12.96600 0.00617 
 2455234.382491 12.96150 0.00623 
 2455234.384555 12.97472 0.00622 
 2455234.386613 12.96881 0.00627 
 2455234.388674 12.96342 0.00630 
 2455234.390732 12.95430 0.00623 
 2455234.392794 12.94128 0.00605 
 2455234.394856 12.97272 0.00637 
 2455234.396914 12.96344 0.00623 
 2455234.398974 12.95690 0.00615 
 2455234.401032 12.94646 0.00601 
 2455234.403099 12.97202 0.00634 
 2455235.295486 12.95194 0.00659 
 2455235.297550 12.96543 0.00675 
 2455235.299608 12.95036 0.00660 
 2455235.301670 12.96172 0.00672 
 2455235.303730 12.95807 0.00643 
 2455235.305794 12.97962 0.00690 
 2455235.307851 12.95417 0.00657 
 2455235.309910 12.97658 0.00674 
 2455235.311972 12.97084 0.00652 
 2455235.314030 12.97012 0.00676 
 2455235.316093 12.94007 0.00640 
 2455235.318150 12.97652 0.00673 
 2455235.320209 12.95091 0.00645 
 2455235.322271 12.96500 0.00666 
 2455235.324329 12.96496 0.00655 
 2455235.326393 12.96440 0.00649 
 2455235.328454 12.96302 0.00667 
 2455235.330511 12.95728 0.00652 
 2455235.332574 12.97416 0.00678 
 2455235.334634 12.94286 0.00646 
 2455235.336695 12.97410 0.00670 
 2455235.338754 12.96529 0.00651 
 2455235.340815 12.95901 0.00669 
 2455235.342879 12.96538 0.00666 
 2455235.344937 12.95767 0.00650 
 2455235.347001 12.96660 0.00668 
 2455235.355248 12.95252 0.00630 
 2455235.357311 12.98111 0.00667 
 2455235.359369 12.97032 0.00659 
 2455235.361431 12.95813 0.00642 
 2455235.363496 12.96281 0.00654 
 2455235.365553 12.96245 0.00657 
 2455235.367615 12.95116 0.00630 
 2455235.369673 12.96534 0.00649 
 2455235.371736 12.96993 0.00661 
 2455235.373798 12.95619 0.00631 
 2455235.375857 12.96050 0.00640 
 2455235.377920 12.98114 0.00658 
 2455235.379980 12.97137 0.00659 
 2455235.382040 12.95927 0.00631 
 2455235.384098 12.96821 0.00625 
 2455235.386162 12.96704 0.00654 
 2455235.388225 12.96512 0.00653 
 2455235.390283 12.95418 0.00624 
 2455235.392344 12.95967 0.00627 
 2455235.394403 12.97821 0.00649 
 2455235.396461 12.97471 0.00654 
 2455235.398523 12.95727 0.00633 
 2455235.400580 12.95508 0.00622 
 2455236.296580 12.95345 0.00616 
 2455236.298642 12.97326 0.00619 
 2455236.300703 12.96130 0.00614 
 2455236.302766 12.97340 0.00628 
 2455236.304833 12.95135 0.00600 
 2455236.306895 12.96634 0.00620 
 2455236.308962 12.95559 0.00606 
 2455236.311022 12.97921 0.00625 
 2455236.313082 12.96665 0.00610 
 2455236.315147 12.97194 0.00610 
 2455236.317213 12.96363 0.00593 
 2455236.319276 12.97912 0.00609 
 2455236.321337 12.96314 0.00595 
 2455236.323396 12.96953 0.00605 
 2455236.325460 12.97977 0.00613 
 2455236.327518 12.95428 0.00598 
 2455236.329583 12.95738 0.00614 
 2455236.331648 12.94041 0.00595 
 2455236.333714 12.98005 0.00616 
 2455236.335777 12.95738 0.00613 
 2455236.337840 12.96915 0.00607 
 2455236.339904 12.95421 0.00615 
 2455236.341964 12.95864 0.00605 
 2455236.344026 12.97548 0.00614 
 2455236.346083 12.96098 0.00611 
 2455236.348141 12.97231 0.00605 
 2455236.350211 12.97210 0.00614 
 2455236.352269 12.95086 0.00600 
 2455236.354333 12.97940 0.00610 
 2455236.356391 12.97257 0.00608 
 2455236.358447 12.95024 0.00602 
 2455236.360512 12.98129 0.00615 
 2455236.362572 12.97603 0.00623 
 2455236.364636 12.96297 0.00613 
 2455236.368756 12.96948 0.00621 
 2455236.370829 12.95746 0.00614 
 2455236.372891 12.95336 0.00592 
 2455236.374953 12.97844 0.00622 
 2455239.312933 12.96526 0.00639 
 2455239.314997 12.95138 0.00616 
 2455239.317055 12.97917 0.00645 
 2455239.319118 12.95281 0.00618 
 2455239.321175 12.97490 0.00638 
 2455239.323235 12.96679 0.00637 
 2455239.325298 12.95777 0.00618 
 2455239.327354 12.97094 0.00645 
 2455239.329471 12.94898 0.00616 
 2455239.331533 12.97748 0.00635 
 2455239.333596 12.95374 0.00628 
 2455239.335653 12.96394 0.00615 
 2455239.337711 12.99277 0.00647 
 2455239.339774 12.95374 0.00613 
 2455239.341838 12.96614 0.00620 
 2455239.343902 12.97993 0.00637 
 2455239.345965 12.95543 0.00614 
 2455239.348026 12.96328 0.00614 
 2455239.350088 12.96653 0.00635 
 2455239.352145 12.95387 0.00606 
 2455239.354209 12.96600 0.00608 
 2455239.356270 12.97040 0.00632 
 2455239.358326 12.94726 0.00605 
 2455239.360336 12.96372 0.00605 
 2455239.362394 12.98034 0.00636 
 2455239.364456 12.96584 0.00616 
 2455239.366514 12.95847 0.00605 
 2455239.368571 12.97458 0.00614 
 2455239.370630 12.96367 0.00624 
 2455239.372688 12.96463 0.00615 
 2455239.374749 12.96292 0.00603 
 2455239.376808 12.97836 0.00626 
 2455239.378869 12.97071 0.00629 
 2455239.380931 12.96403 0.00621 
 2455239.382988 12.95654 0.00603 
 2455239.385010 12.96002 0.00606 
 2455239.387067 12.96691 0.00617 
 2455239.389130 12.96384 0.00623 
 2455240.294015 13.06515 0.00679 
 2455240.296073 13.09017 0.00711 
 2455240.298135 13.05657 0.00674 
 2455240.300192 13.06474 0.00698 
 2455240.302260 13.03623 0.00665 
 2455240.304374 13.06094 0.00690 
 2455240.306431 13.03360 0.00656 
 2455240.308497 13.03753 0.00674 
 2455240.310554 13.01940 0.00657 
 2455240.312618 13.02716 0.00664 
 2455240.314680 12.99737 0.00639 
 2455240.316744 13.02352 0.00653 
 2455240.329103 12.97610 0.00628 
 2455240.343536 12.98776 0.00627 
 2455240.345594 12.96677 0.00611 
 2455240.347655 12.95429 0.00595 
 2455240.349717 12.96698 0.00608 
 2455240.351775 12.96378 0.00605 
 2455240.353835 12.97129 0.00592 
 2455240.355898 12.95362 0.00595 
 2455240.357960 12.97188 0.00607 
 2455240.360022 12.95785 0.00583 
 2455240.362079 12.94917 0.00585 
 2455240.364143 12.96228 0.00601 
 2455240.366200 12.96525 0.00601 
 2455240.368265 12.95879 0.00585 
 2455240.370329 12.98117 0.00598 
 2455240.372390 12.96404 0.00603 
 2455240.374454 12.96955 0.00589 
 2455240.376514 12.94517 0.00574 
 2455240.378575 12.94818 0.00587 
 2455240.380633 12.96718 0.00595 
 2455240.382693 12.96027 0.00615 
 2455240.384755 12.95529 0.00584 
 2455240.386812 12.96191 0.00582 
 2455243.288180 12.98066 0.00664 
 2455243.290244 12.95607 0.00635 
 2455243.292301 12.96952 0.00668 
 2455243.294366 12.96618 0.00637 
 2455243.296430 12.97226 0.00655 
 2455243.298500 12.93537 0.00629 
 2455243.300564 12.96518 0.00654 
 2455243.302624 12.96406 0.00634 
 2455243.304689 12.97860 0.00655 
 2455243.306749 12.96284 0.00649 
 2455243.308813 12.97280 0.00654 
 2455243.310873 12.95390 0.00648 
 2455243.312934 12.97208 0.00647 
 2455243.314999 12.96843 0.00656 
 2455243.317058 12.95296 0.00628 
 2455243.319134 12.97399 0.00653 
 2455243.321198 12.94886 0.00634 
 2455243.323259 12.96605 0.00649 
 2455243.325323 12.95974 0.00653 
 2455243.327381 12.94971 0.00632 
 2455243.329442 12.96071 0.00647 
 2455243.331501 12.96664 0.00648 
 2455243.333568 12.96915 0.00638 
 2455243.335626 12.97919 0.00661 
 2455243.337690 12.96639 0.00635 
 2455243.339762 12.95701 0.00627 
 2455243.341821 12.97484 0.00651 
 2455243.343885 12.95175 0.00639 
 2455243.345943 12.95186 0.00628 
 2455243.348001 12.97295 0.00636 
 2455243.349998 12.95760 0.00638 
 2455243.352056 12.95879 0.00631 
 2455243.354119 12.95447 0.00634 
 2455243.356177 12.97762 0.00647 
 2455243.358235 12.96624 0.00640 
 2455243.360368 12.95703 0.00622 
 2455243.362434 12.95923 0.00618 
 2455243.364496 12.98163 0.00641 
 2455243.366554 12.96587 0.00635 
 2455243.368612 12.97231 0.00630 
 2455243.370682 12.96108 0.00623 
 2455243.372741 12.97287 0.00639 
 2455243.374804 12.96369 0.00635 
 2455243.376863 12.95838 0.00612 
 2455243.378921 12.95891 0.00617 
 2455244.290664 12.96216 0.00626 
 2455244.292783 12.97090 0.00624 
 2455244.294852 12.98165 0.00644 
 2455244.296913 12.95613 0.00607 
 2455244.298972 12.97813 0.00631 
 2455244.301043 12.95867 0.00609 
 2455244.303063 12.96603 0.00631 
 2455244.305133 12.94921 0.00595 
 2455244.307197 12.96350 0.00626 
 2455244.309267 12.95822 0.00608 
 2455244.311327 12.96639 0.00625 
 2455244.313565 12.96548 0.00623 
 2455244.315632 12.95879 0.00603 
 2455244.317695 12.97774 0.00617 
 2455244.319769 12.95335 0.00585 
 2455244.321832 12.94457 0.00606 
 2455244.323894 12.97406 0.00632 
 2455244.325952 12.96031 0.00587 
 2455244.328018 12.96028 0.00609 
 2455244.330086 12.96828 0.00617 
 2455244.332149 12.95746 0.00600 
 2455244.334207 12.95987 0.00615 
 2455244.336231 12.96101 0.00612 
 2455244.338300 12.95197 0.00585 
 2455244.340368 12.96825 0.00613 
 2455244.342427 12.97511 0.00624 
 2455244.344493 12.95116 0.00589 
 2455244.346603 12.96708 0.00620 
 2455244.348664 12.97360 0.00622 
 2455244.350732 12.96554 0.00601 
 2455244.352798 12.95519 0.00591 
 2455244.354860 12.97097 0.00611 
 2455244.356824 12.97068 0.00616 
 2455244.358885 12.96505 0.00617 
 2455244.360949 12.95275 0.00583 
 2455244.363008 12.94522 0.00603 
 2455244.365068 12.97861 0.00612 
 2455244.367076 12.96519 0.00602 
 2455244.369141 12.96483 0.00586 
 2455244.371204 12.96524 0.00592 
 2455244.373263 12.95417 0.00595 
 2455244.375329 12.99005 0.00591 
 2455245.288648 12.96434 0.00600 
 2455245.290713 12.96642 0.00577 
 2455245.292778 12.95572 0.00602 
 2455245.329932 12.97484 0.00639 
 2455245.331994 12.96595 0.00615 
 2455245.334058 12.96706 0.00609 
 2455245.336123 12.96809 0.00623 
 2455245.338183 12.95450 0.00601 
 2455245.340197 12.95378 0.00603 
 2455245.342259 12.97145 0.00629 
 2455245.344318 12.96050 0.00616 
 2455245.346382 12.95542 0.00607 
 2455245.348444 12.97101 0.00616 
 2455245.350568 12.95782 0.00623 
 2455245.352630 12.96205 0.00617 
 2455245.354689 12.95572 0.00603 
 2455245.356752 12.96302 0.00610 
 2455245.358818 12.96105 0.00624 
 2455245.360882 12.96504 0.00613 
 2455245.362948 12.96380 0.00607 
 2455245.365009 12.96039 0.00604 
 2455245.367075 12.97611 0.00631 
 2455245.369134 12.96379 0.00611 
 2455245.371198 12.96104 0.00609 
 2455245.373261 12.95616 0.00596 
 2455246.286007 12.95725 0.00609 
 2455246.288066 12.96670 0.00627 
 2455246.290134 12.95972 0.00612 
 2455246.292198 12.96634 0.00617 
 2455246.294268 12.95113 0.00604 
 2455246.296332 12.96235 0.00615 
 2455246.298404 12.95507 0.00602 
 2455246.300474 12.97554 0.00612 
 2455246.302538 12.96164 0.00609 
 2455246.304604 12.95518 0.00598 
 2455246.306662 12.97103 0.00606 
 2455246.308728 12.96091 0.00605 
 2455246.310799 12.97907 0.00621 
 2455246.312863 12.95284 0.00601 
 2455246.314922 12.95404 0.00602 
 2455246.316987 12.96973 0.00617 
 2455246.319052 12.95149 0.00586 
 2455246.321120 12.97085 0.00607 
 2455246.323185 12.97487 0.00604 
 2455246.325253 12.95360 0.00581 
 2455246.327316 12.97099 0.00616 
 2455246.329379 12.96732 0.00604 
 2455246.331440 12.95018 0.00575 
 2455246.333503 12.97036 0.00609 
 2455246.335564 12.95052 0.00586 
 2455246.337629 12.96731 0.00589 
 2455246.339700 12.97444 0.00604 
 2455246.341767 12.96453 0.00598 
 2455246.343831 12.95870 0.00593 
 2455246.345890 12.96280 0.00592 
 2455246.347949 12.96938 0.00605 
 2455246.350014 12.96969 0.00602 
 2455246.352024 12.95793 0.00589 
 2455246.354095 12.97464 0.00604 
 2455246.356155 12.96505 0.00604 
 2455246.358214 12.96596 0.00592 
 2455246.360280 12.94069 0.00581 
 2455246.362287 12.96599 0.00587 
 2455246.364352 12.97665 0.00607 
 2455246.366413 12.96330 0.00602 
 2455246.368473 12.95495 0.00590 
 2455246.370536 12.94414 0.00587 
 2456186.636587 12.95718 0.00978 
 2456188.630626 12.98174 0.00925 
 2456190.627940 12.96377 0.00880 
 2456195.621096 12.95211 0.01027 
 2456201.598142 12.94594 0.01572 
 2456201.612307 12.99064 0.01454 
 2456211.580945 12.97450 0.00963 
 2456212.567052 12.98837 0.00888 
 2456212.581206 12.95411 0.00897 
 2456212.597574 12.96246 0.00840 
 2456213.562377 12.98688 0.00880 
 2456213.579645 12.98058 0.00841 
 2456213.598142 12.97402 0.00836 
 2456214.558811 12.94256 0.00884 
 2456214.576017 12.96303 0.00870 
 2456214.594610 12.98814 0.00820 
 2456218.548737 12.94857 0.00844 
 2456218.565026 12.96380 0.00853 
 2456225.531474 12.94275 0.01094 
 2456225.545603 12.99244 0.00911 
 2456225.562003 12.93101 0.00917 
 2456225.580677 13.00215 0.00860 
 2456225.603787 12.99622 0.00868 
 2456228.532175 12.91309 0.01440 
 2456228.557014 12.95923 0.01298 
 2456228.605033 12.94881 0.01082 
 2456229.520795 12.94909 0.01593 
 2456229.534957 12.92385 0.01559 
 2456229.551426 12.90041 0.01485 
 2456229.570107 12.95034 0.01424 
 2456229.590916 12.97633 0.01355 
 2456233.551482 12.92656 0.01231 
 2456233.569990 12.97539 0.01129 
 2456233.587115 12.99782 0.01160 
 2456234.512025 12.98435 0.01222 
 2456234.523930 13.01028 0.01195 
 2456234.535798 12.97042 0.01201 
 2456234.549780 12.93256 0.01183 
 2456234.561685 12.93847 0.01266 
 2456240.504935 12.97036 0.00909 
 2456240.558193 12.94471 0.00899 
 2456240.572438 12.97636 0.00885 
 2456242.492110 12.99309 0.00869 
 2456242.510706 12.95690 0.00862 
 2456242.527293 12.97707 0.00875 
 2456242.550269 12.99552 0.00877 
 2456242.571032 12.98134 0.00890 
 2456243.479950 12.96709 0.00901 
 2456243.497244 12.99367 0.00839 
 2456243.515860 12.99410 0.00843 
 2456243.534547 12.95754 0.00894 
 2456243.555399 12.98937 0.00877 
 2456243.576399 12.93657 0.00848 
 2456245.474094 12.97451 0.00939 
 2456245.491339 12.97694 0.00919 
 2456246.481103 12.99005 0.00876 
 2456246.497610 12.99768 0.00876 
 2456246.516221 12.97703 0.00922 
 2456246.539215 13.00006 0.00880 
 2456246.560102 12.97927 0.00856 
 2456246.581183 12.98926 0.00889 
 2456247.469558 12.98963 0.00861 
 2456247.486850 12.95227 0.00865 
 2456247.503281 12.99652 0.00849 
 2456247.523985 12.95971 0.00858 
 2456247.544925 12.98483 0.00791 
 2456251.462242 12.99811 0.00817 
 2456251.478725 12.99088 0.00813 
 2456251.495267 12.93510 0.00852 
 2456251.516034 12.94983 0.00828 
 2456251.537676 12.99964 0.00788 
 2456251.558784 12.94421 0.00826 
 2456251.579767 12.99285 0.00831 
 2456253.461345 12.96927 0.00956 
 2456253.477886 12.98943 0.00844 
 2456253.494342 12.97744 0.00791 
 2456253.519370 12.97818 0.00825 
 2456253.540267 12.94504 0.00830 
 2456253.561272 12.96988 0.00821 
 2456254.463687 12.93950 0.01064 
 2456254.480212 12.98431 0.00934 
 2456254.496652 12.94051 0.00925 
 2456254.519538 12.99398 0.00695 
 2456254.540292 13.00579 0.00799 
 2456254.561287 13.00159 0.00762 
 2456255.449677 13.00581 0.01179 
 2456255.463960 12.93811 0.01161 
 2456255.480429 13.01900 0.01081 
 2456255.499146 12.93875 0.01075 
 2456255.522183 12.96501 0.00940 
 2456255.543266 13.00550 0.00865 
 2456255.564363 12.93867 0.00894 
 2456257.443816 12.94113 0.01223 
 2456257.458145 12.93868 0.01301 
 2456257.474612 12.97110 0.01154 
 2456257.493243 12.95256 0.01220 
 2456257.516192 12.99772 0.01070 
 2456257.540306 12.98223 0.01063 
 2456257.561404 13.00952 0.01005 
 2456258.452759 12.98192 0.01351 
 2456258.471321 12.90288 0.01250 
 2456258.489969 12.99687 0.01262 
 2456258.510958 12.92705 0.01185 
 2456258.535060 12.95770 0.01110 
 2456258.558574 12.91449 0.01111 
 2456259.448172 12.93856 0.01567 
 2456259.460067 12.97390 0.01447 
 2456259.474276 12.96903 0.01441 
 2456259.488370 12.99134 0.01370 
 2456259.504806 12.93992 0.01345 
 2456259.521219 13.01178 0.01300 
 2456259.537710 12.96799 0.01341 
 2456260.487619 12.96425 0.01442 
 2456260.504085 13.00770 0.01424 
 2456261.462681 12.97171 0.01339 
 2456261.506186 12.94287 0.01309 
 2456261.518146 12.98574 0.01207 
 2456261.530031 12.95510 0.01258 
 2456261.541868 12.93795 0.01231 
 2456261.555981 12.92912 0.01191 
 2456261.568099 12.99164 0.01157 
 2456264.423635 12.97440 0.01140 
 2456264.435580 12.94596 0.01127 
 2456264.447572 12.99308 0.01126 
 2456264.555347 12.92573 0.01087 
 2456264.565093 12.99340 0.01054 
 2456265.424279 12.92765 0.01115 
 2456265.436299 12.95578 0.01108 
 2456265.448258 13.01074 0.01096 
 2456273.401990 12.95699 0.00821 
 2456273.416259 12.96160 0.00813 
 2456273.432896 12.98063 0.00791 
 2456279.397725 12.99151 0.00984 
 2456279.414272 12.96828 0.00965 
 2456279.432969 13.00991 0.00921 
 2456279.453965 12.95916 0.00940 
 2456279.480352 12.96635 0.00826 
 2456279.501425 12.97880 0.00869 
 2456279.522564 12.98834 0.00853 
 2456279.543830 12.99138 0.00828 
 2456281.381635 12.98905 0.00969 
 2456281.400315 12.96292 0.00906 
 2456281.437876 12.99367 0.00839 
 2456281.456489 12.96491 0.00854 
 2456281.479934 12.93137 0.00826 
 2456281.503240 13.00742 0.00872 
 2456282.383046 12.95666 0.01062 
 2456282.401668 12.99387 0.01021 
 2456282.418191 12.97406 0.00954 
 2456282.441264 12.96462 0.00619 
 2456282.462105 12.96839 0.01079 
 2456282.517458 12.99022 0.00862 
 2456283.378461 13.00697 0.01150 
 2456283.458793 12.98004 0.00984 
 2456284.474149 12.92663 0.00965 
 2456284.528207 12.96339 0.00841 
 2456287.366343 12.96218 0.01295 
 2456287.378331 12.99827 0.01232 
 2456287.392291 12.98519 0.01247 
 2456288.357371 12.94734 0.01501 
 2456288.369327 12.94309 0.01448 
 2456289.450435 12.94599 0.01500 
 2456289.462183 12.97292 0.01496 
 2456290.354388 12.95008 0.01613 
 2456290.366134 12.96615 0.01582 
 2456290.377900 12.94983 0.01543 
 2456290.410515 12.96676 0.01504 
 2456290.422414 12.97560 0.01487 
 2456290.463196 12.98120 0.01394 
 2456290.480022 12.97907 0.01410 
 2456290.499987 12.98839 0.01444 
 2456290.511801 12.92369 0.01350 
 2456291.352548 12.97623 0.01456 
 2456291.364355 12.98459 0.01410 
 2456291.376089 12.96149 0.01412 
 2456291.389939 13.00648 0.01418 
 2456291.401678 12.97580 0.01353 
 2456291.411303 12.93908 0.01396 
 2456291.420963 12.97031 0.01482 
 2456291.430520 12.93109 0.01391 
 2456291.440105 12.94188 0.01411 
 2456291.449714 12.94786 0.01334 
 2456291.459388 12.96731 0.01387 
 2456291.468976 12.98077 0.01381 
 2456291.478579 12.96930 0.01400 
 2456291.488149 12.97212 0.01386 
 2456291.497738 12.92294 0.01394 
 2456294.345587 12.95848 0.00989 
 2456294.361874 12.99099 0.01102 
 2456295.347459 12.97203 0.00828 
 2456295.363747 12.97903 0.00871 
 2456295.380030 12.98603 0.00964 
 2456295.402671 12.97909 0.01008 
 2456295.418984 12.96249 0.01009 
 2456295.437743 12.95706 0.01025 
 2456295.456531 13.00039 0.01003 
 2456295.473087 12.95143 0.01001 
 2456295.491825 12.97665 0.01020 
 2456296.347706 12.98000 0.00811 
 2456296.364097 12.96482 0.00800 
 2456296.380493 12.98858 0.00799 
 2456296.403250 12.97251 0.00922 
 2456296.421835 12.91248 0.00936 
 2456296.440656 12.98736 0.00933 
 2456296.459445 12.97490 0.00921 
 2456296.476034 13.04109 0.00906 
 2456297.346016 12.96935 0.00854 
 2456297.362334 12.94582 0.00853 
 2456297.378686 12.97123 0.00850 
 2456297.401535 12.98056 0.00831 
 2456297.422196 12.95924 0.00860 
 2456297.443099 12.96501 0.00875 
 2456297.461775 12.96902 0.00885 
 2456297.480470 12.98809 0.00877 
 2456298.334122 12.94164 0.00883 
 2456298.350425 12.97693 0.00870 
 2456298.366763 12.97024 0.00856 
 2456298.387313 12.97679 0.00849 
 2456298.408726 12.94563 0.00821 
 2456298.429622 12.97980 0.00838 
 2456298.450491 12.96219 0.00858 
 2456298.469119 12.94933 0.00870 
 2456298.487762 12.94755 0.00870 
 2456299.333483 12.93321 0.00884 
 2456299.349788 12.97556 0.00844 
 2456299.366081 12.96653 0.00843 
 2456299.388883 12.96846 0.00832 
 2456299.407312 12.94167 0.00825 
 2456299.428206 12.98227 0.00808 
 2456299.449159 12.95267 0.00833 
 2456299.470117 12.95206 0.00810 
 2456300.337932 12.97710 0.00875 
 2456300.354285 12.93529 0.00856 
 2456300.370622 12.94582 0.00832 
 2456300.393494 12.95592 0.00827 
 2456300.414133 12.99211 0.00816 
 2456300.435030 12.96365 0.00830 
 2456300.455946 12.95494 0.00820 
 2456300.476856 12.94710 0.00818 
 2456301.324620 12.96908 0.00962 
 2456301.338740 12.96229 0.00922 
 2456301.355093 12.95733 0.00913 
 2456301.373645 12.96209 0.00895 
 2456301.396494 12.95772 0.00850 
 2456301.417433 12.97748 0.00852 
 2456301.438359 12.97959 0.00849 
 2456301.459300 12.98931 0.00854 
 2456301.482478 12.91972 0.00854 
 2456302.322519 12.96315 0.00889 
 2456302.336621 12.96671 0.00865 
 2456302.421196 12.97724 0.00781 
 2456303.317500 12.96874 0.00968 
 2456303.334651 12.96678 0.00937 
 2456303.351019 12.95268 0.00913 
 2456303.369612 12.98609 0.00887 
 2456303.392561 12.95716 0.00859 
 2456304.316619 12.94926 0.00861 
 2456304.330697 12.95504 0.00829 
 2456304.347071 12.94603 0.00826 
 2456304.365612 12.97773 0.00803 
 2456304.388471 12.95518 0.00807 
 2456304.409399 12.93870 0.00812 
 2456304.430274 12.95320 0.00813 
 2456304.451188 12.97130 0.00819 
 2456304.474333 12.98321 0.00837 
 2456305.313123 12.97971 0.00862 
 2456305.324089 13.01321 0.00868 
 2456305.340390 12.97753 0.00860 
 2456305.356734 13.02846 0.00825 
 2456305.377479 13.02979 0.00817 
 2456305.400458 13.05485 0.00804 
 2456305.421388 13.06077 0.00802 
 2456305.442353 13.05461 0.00782 
 2456305.463265 13.03954 0.00790 
 2456307.342832 12.97299 0.00830 
 2456307.361520 12.95456 0.00838 
 2456307.382416 12.97060 0.00830 
 2456307.403487 12.98168 0.00820 
 2456307.424444 12.98401 0.00811 
 2456307.445370 12.99146 0.00832 
 2456307.466209 12.97062 0.00842 
 2456308.307591 12.94497 0.00886 
 2456308.319488 12.98882 0.00864 
 2456308.335848 12.95362 0.00854 
 2456308.354368 12.97859 0.00837 
 2456308.375107 12.96233 0.00820 
 2456308.401425 12.97836 0.00827 
 2456308.422339 12.96210 0.00835 
 2456308.443264 12.94509 0.00816 
 2456308.464158 12.95307 0.00863 
 2456309.301892 12.97348 0.00887 
 2456314.300264 12.98316 0.01126 
 2456314.304762 12.95080 0.01105 
 2456314.309250 12.97009 0.01057 
 2456314.321000 12.98640 0.01051 
 2456314.332752 12.97621 0.01051 
 2456314.351179 12.96777 0.00985 
 2456314.365234 12.96537 0.01003 
 2456314.381541 12.98922 0.01014 
 2456314.400020 12.95565 0.00990 
 2456314.416439 12.95936 0.00970 
 2456314.432895 12.97949 0.00968 
 2456315.298999 12.95358 0.01143 
 2456315.303505 12.96258 0.01169 
 2456315.307998 12.97268 0.01159 
 2456315.327956 12.97350 0.01113 
 2456315.339803 12.98298 0.01114 
 2456315.351760 12.95651 0.01059 
 2456315.363551 12.94182 0.01057 
 2456315.375293 12.93310 0.01068 
 2456315.389168 12.95780 0.01023 
 2456315.400913 12.97948 0.01026 
 2456315.412817 12.98008 0.01043 
 2456315.424762 12.95091 0.01038 
 2456315.436670 12.98322 0.01041 
 2456316.300934 12.96490 0.01308 
 2456316.305427 12.95684 0.01309 
 2456316.309932 12.93191 0.01302 
 2456316.321667 12.95773 0.01227 
 2456316.333394 12.98405 0.01242 
 2456316.345297 13.02340 0.01350 
 2456316.357231 12.94966 0.01339 
 2456316.368960 12.99245 0.01302 
 2456316.382786 12.98543 0.01253 
 2456316.394542 12.99164 0.01267 
 2456316.406447 12.97917 0.01194 
 2456316.418332 12.94269 0.01151 
 2456316.430254 12.96552 0.01104 
 2456316.442112 12.96397 0.01120 
 2456317.300358 12.94946 0.01257 
 2456317.304927 12.97260 0.01241 
 2456317.309416 12.95645 0.01233 
 2456317.321167 12.97844 0.01235 
 2456317.333055 12.96933 0.01205 
 2456317.344954 12.97168 0.01191 
 2456317.356686 12.93902 0.01192 
 2456317.368441 12.95795 0.01189 
 2456317.382319 12.95506 0.01189 
 2456317.394086 12.95556 0.01162 
 2456317.406073 12.93226 0.01153 
 2456317.417946 12.94651 0.01135 
 2456317.429867 12.94419 0.01148 
 2456318.299949 12.94194 0.01431 
 2456318.304432 12.94538 0.01398 
 2456318.308908 12.93469 0.01409 
 2456318.320670 12.96606 0.01338 
 2456318.332406 12.96058 0.01381 
 2456318.344309 12.94353 0.01279 
 2456318.356152 12.95385 0.01303 
 2456318.367964 12.94973 0.01279 
 2456318.381828 12.98523 0.01290 
 2456318.393613 12.94172 0.01298 
 2456318.405573 12.95632 0.01253 
 2456318.417470 12.96351 0.01287 
 2456318.429424 12.94419 0.01267 
 2456319.295786 12.96840 0.01636 
 2456319.300277 12.93600 0.01551 
 2456319.304787 12.96555 0.01567 
 2456319.316584 12.93490 0.01521 
 2456319.328412 12.97169 0.01522 
 2456319.338123 12.98083 0.01572 
 2456319.347845 12.93651 0.01562 
 2456319.357475 12.93980 0.01546 
 2456319.367103 12.96551 0.01489 
 2456319.376767 12.93577 0.01483 
 2456319.386633 12.96582 0.01449 
 2456319.394205 12.93295 0.01477 
 2456319.404002 12.97406 0.01464 
 2456319.413680 13.00935 0.01458 
 2456319.423397 12.91648 0.01429 
 2456319.433073 12.94704 0.01432 
 2456320.297545 12.91446 0.01583 
 2456320.306314 12.97266 0.01535 
 2456320.322641 12.98339 0.01617 
 2456320.336927 12.94999 0.01511 
 2456320.349034 12.94490 0.01498 
 2456320.363302 12.97462 0.01465 
 2456320.377602 12.96883 0.01439 
 2456320.392036 12.98394 0.01501 
 2456320.404144 12.98110 0.01469 
 2456320.416219 13.03180 0.01464 
 2456320.428281 12.91782 0.01443 
 2456321.297251 12.97540 0.01340 
 2456321.306053 12.96925 0.01315 
 2456321.322447 12.96145 0.01315 
 2456321.336741 12.93567 0.01301 
 2456321.350933 12.92128 0.01322 
 2456321.381890 12.93985 0.01339 
 2456321.394005 13.00398 0.01324 
 2456321.406162 12.93532 0.01352 
 2456321.418256 12.94486 0.01290 
 2456322.298854 12.93617 0.01055 
 2456322.307651 12.96518 0.01205 
 2456322.328304 12.94865 0.01332 
 2456323.299655 12.95367 0.00859 
 2456323.308460 12.96756 0.00884 
 2456323.327041 12.94245 0.01038 
 2456324.325469 12.97851 0.01132 
 2456324.346232 12.94258 0.00810 
 2456324.367267 12.96333 0.00899 
 2456324.388343 12.97557 0.00958 
 2456324.407187 12.96737 0.00968 
 2456325.299204 12.97942 0.00879 
 2456325.312433 12.97222 0.00851 
 2456325.333142 12.96328 0.00835 
 2456325.354108 12.99210 0.00832 
 2456325.375108 12.98489 0.00910 
 2456325.393869 12.94288 0.00931 
 2456325.414839 12.98387 0.00952 
 2456326.294589 12.95885 0.00800 
 2456326.307849 12.96433 0.00771 
 2456326.391493 12.97112 0.00777 
 2456326.414738 12.94458 0.00810 
 2456327.293441 12.97248 0.00863 
 2456327.306713 12.98909 0.00828 
 2456327.327431 12.96448 0.00802 
 2456327.348336 12.97049 0.00776 
 2456328.293972 12.97336 0.00828 
 2456328.309546 12.98917 0.00795 
 2456328.328101 12.94093 0.00778 
 2456328.349228 12.97234 0.00775 
 2456328.370352 12.97312 0.00771 
 2456328.391392 12.96117 0.00762 
 2456329.295791 12.98933 0.00848 
 2456329.311350 12.96908 0.00833 
 2456329.332113 12.97422 0.00798 
 2456329.353131 12.99112 0.00792 
 2456329.376416 12.96031 0.00793 
 2456329.397452 12.95305 0.00782 
 2456330.294878 12.97517 0.00806 
 2456330.310425 12.95807 0.00778 
 2456330.331224 12.95568 0.00801 
 2456330.352261 12.96646 0.00809 
 2456330.373384 12.98820 0.00812 
 2456330.394494 12.98726 0.00809 
 2456331.294081 12.96662 0.00828 
 2456331.309642 12.96380 0.00818 
 2456331.330481 12.93648 0.00798 
 2456331.351524 12.98286 0.00779 
 2456331.372558 12.98084 0.00773 
 2456331.393608 12.95839 0.00753 
 2456332.293633 12.98168 0.00845 
 2456332.309087 12.98124 0.00817 
 2456332.333105 12.95983 0.00774 
 2456332.354160 12.95238 0.00784 
 2456332.375153 12.95787 0.00766 
 2456332.398438 12.95950 0.00774 
 2456334.284900 12.97275 0.00869 
 2456334.305865 12.94830 0.00777 
 2456334.350934 12.97708 0.00755 
 2456336.287987 12.96878 0.00842 
 2456336.303479 12.96003 0.00823 
 2456336.324414 12.97220 0.00830 
 2456336.345469 12.97324 0.00823 
 2456336.366562 12.99392 0.00820 
 2456336.387583 12.99140 0.00838 
 2456337.292518 12.97227 0.00804 
 2456337.306693 12.96710 0.00807 
 2456337.327659 12.96007 0.00812 
 2456337.350943 12.99403 0.00804 
 2456337.372058 12.94925 0.00809 
 2456338.299972 12.96285 0.00809 
 2456338.341781 12.95527 0.00766 
 2456338.362727 12.94215 0.00780 
 2456339.294568 12.97223 0.00920 
 2456339.303300 12.94280 0.00881 
 2456339.324240 12.95401 0.00886 
 2456339.347414 12.97925 0.00840 
 2456339.368420 12.98375 0.00838 
 2456342.369561 12.97667 0.00930 
 2456344.276256 12.96377 0.01039 
 2456344.283772 12.94837 0.01023 
 2456344.288279 12.96914 0.01016 
 2456344.300204 12.97974 0.00987 
 2456344.312299 12.97447 0.00974 
 2456344.324206 12.95846 0.00987 
 2456344.336211 12.94417 0.00972 
 2456344.348251 12.95152 0.00977 
 2456344.360255 12.95702 0.00975 
 2456345.283851 12.97340 0.01103 
 2456345.288301 12.94488 0.01086 
 2456345.300072 12.96779 0.01072 
 2456345.311863 12.97725 0.01025 
 2456345.323724 12.93404 0.01072 
 2456345.335634 12.97392 0.01067 
 2456345.347565 12.96707 0.01082 
 2456345.359568 12.94626 0.01032 
 2456346.279966 12.95791 0.01214 
 2456346.282136 12.97264 0.01209 
 2456346.291759 12.96008 0.01202 
 2456346.311094 12.97012 0.01170 
 2456346.320747 12.94782 0.01154 
 2456346.330440 12.96397 0.01146 
 2456346.340172 12.96829 0.01161 
 2456346.349838 12.95613 0.01122 
 2456346.359586 12.91777 0.01119 
 2456347.279297 12.97897 0.01294 
 2456347.281464 12.98069 0.01323 
 2456347.291087 12.99849 0.01267 
 2456347.300709 12.98115 0.01303 
 2456347.310337 12.99078 0.01243 
 2456347.317881 12.96140 0.01251 
 2456347.325484 12.95147 0.01232 
 2456347.333090 12.97930 0.01228 
 2456347.340641 12.95813 0.01275 
 2456348.279081 12.98643 0.01393 
 2456348.281246 12.98178 0.01392 
 2456348.295513 12.98688 0.01390 
 2456348.309794 12.91849 0.01410 
 2456348.321886 12.95709 0.01415 
 2456348.333958 12.96186 0.01403 
 2456348.346085 12.97922 0.01397 
 2456349.272997 12.95612 0.01491 
 2456349.275164 13.00550 0.01481 
 2456349.277328 12.98596 0.01621 
 2456349.279505 12.91930 0.01580 
 2456349.293786 12.95937 0.01684 
 2456350.278233 12.96040 0.01531 
 2456350.284829 12.97489 0.01515 
 2456350.303622 12.97843 0.01422 
 2456350.320277 12.96540 0.01506 
 2456350.336903 12.92977 0.01457 
 2456351.330883 12.97510 0.01220 
 2456352.266201 12.98513 0.00862 
 2456352.287128 12.99147 0.00928 
 2456352.308073 13.00524 0.00992 
 2456355.274295 12.97427 0.00836 
 2456355.283053 12.95457 0.00841 
 2456355.304066 12.93203 0.00812 
 2456355.325096 12.95119 0.00801 
 2456362.259144 12.94873 0.00887 
 2456362.267908 12.95445 0.00867 
 2456362.276678 12.99435 0.00842 
 2456362.297668 12.96165 0.00834 
 2456363.258934 12.96090 0.00891 
 2456363.267636 12.96860 0.00862 
 2456363.278609 12.95588 0.00842 
 2456363.299612 12.95026 0.00837 
 2456364.258878 12.97801 0.00868 
 2456364.267569 12.99305 0.00865 
 2456364.278524 12.96280 0.00844 
 2456364.299464 12.97816 0.00836 
 2456365.278497 12.98736 0.00821 
 2456365.299454 12.97772 0.00789 
 2456372.269251 12.94274 0.00970 
 2456372.281166 12.97491 0.00971 
 2456373.263768 12.95102 0.01021 
 2456373.273441 12.96243 0.01016 
 2456373.283148 12.94062 0.00983 
 2456374.267288 12.97900 0.01158 
 2456374.276981 12.95345 0.01127 
 2456386.236079 12.95693 0.00929 
 2456386.242895 12.99940 0.00892 
 2456386.249730 13.00290 0.00885 
 2456389.233504 12.96759 0.00868 
 2456389.240328 12.94604 0.00844 
 2456552.633432 12.92535 0.01057 
 2456553.634911 13.05492 0.01346 
 2456554.628372 12.93247 0.01746 
 2456557.619446 12.93407 0.01327 
 2456557.635637 12.91536 0.01326 
 2456558.624542 12.91501 0.01288 
 2456559.614080 12.97356 0.01248 
 2456559.625739 12.95008 0.01219 
 2456560.611858 12.95736 0.01175 
 2456560.623563 12.94219 0.01135 
 2456561.613062 12.96678 0.01156 
 2456561.624776 12.96080 0.01097 
 2456564.605661 12.91545 0.01001 
 2456564.615223 12.94815 0.01016 
 2456564.622520 12.91825 0.01059 
 2456565.597784 12.91510 0.01101 
 2456565.607367 12.94863 0.01067 
 2456565.615682 12.96195 0.01091 
 2456566.607644 12.92223 0.01012 
 2456566.614920 12.95965 0.00997 
 2456567.603327 12.95465 0.01073 
 2456567.615183 12.94069 0.01071 
 2456568.623010 12.96689 0.01024 
 2456569.595190 12.96495 0.01051 
 2456569.609233 12.96097 0.01094 
 2456570.584932 12.96682 0.01043 
 2456570.601124 12.95496 0.01026 
 2456570.615244 12.95126 0.00952 
 2456573.582587 12.93518 0.00973 
 2456573.603344 12.95592 0.00988 
 2456573.617408 12.94481 0.01034 
 2456574.580326 12.93304 0.01012 
 2456574.601079 12.93353 0.01015 
 2456574.615121 12.98345 0.01030 
 2456575.611940 12.94616 0.01028 
 2456577.577271 12.96146 0.00994 
 2456579.566398 12.94851 0.01053 
 2456579.580448 12.97190 0.00999 
 2456579.601205 12.94859 0.01002 
 2456580.556698 12.95498 0.01139 
 2456580.572922 12.94388 0.01091 
 2456580.587090 12.95435 0.01055 
 2456580.609995 12.95991 0.01038 
 2456581.559088 12.97118 0.01517 
 2456581.573209 12.94646 0.01207 
 2456581.587277 12.91364 0.01178 
 2456582.560289 12.94516 0.01574 
 2456582.574243 12.96546 0.01619 
 2456585.557506 12.95433 0.01567 
 2456585.571590 12.95921 0.01485 
 2456585.585705 12.92487 0.01540 
 2456588.545600 12.96984 0.01323 
 2456594.529471 12.97551 0.01125 
 2456594.541408 12.94992 0.01140 
 2456594.553360 12.95459 0.01124 
 2456594.565315 12.96626 0.01115 
 2456594.577275 12.91856 0.01135 
 2456594.586341 12.95156 0.01097 
 2456595.516420 12.95927 0.01062 
 2456595.532745 12.95200 0.01070 
 2456595.546876 12.93973 0.01050 
 2456595.567689 12.92770 0.01049 
 2456595.578939 12.94514 0.01054 
 2456595.590186 12.95254 0.01067 
 2456599.516194 12.94374 0.01131 
 2456599.530391 12.94656 0.01120 
 2456599.544496 12.93350 0.01100 
 2456599.560754 12.95430 0.01097 
 2456599.576423 12.96716 0.01099 
 2456600.509223 12.97388 0.01074 
 2456600.530091 12.94294 0.01047 
 2456600.544307 12.96522 0.00975 
 2456600.562786 12.98681 0.01029 
 2456600.580747 12.94199 0.00974 
 2456601.508006 12.96364 0.00957 
 2456601.528900 12.94635 0.01036 
 2456601.543036 12.94129 0.01043 
 2456601.561523 12.95193 0.01049 
 2456601.580306 12.93307 0.01003 
 2456602.504919 12.94698 0.01021 
 2456602.525700 12.95082 0.01020 
 2456602.539792 12.96965 0.00980 
 2456602.577042 12.93667 0.00970 
 2456604.498355 12.93713 0.01069 
 2456604.519177 12.94817 0.01036 
 2456604.533332 12.94603 0.01023 
 2456604.551816 12.94234 0.01048 
 2456604.569748 12.98998 0.01076 
 2456604.586143 12.95953 0.01068 
 2456605.503835 13.00559 0.01071 
 2456605.525592 12.97187 0.00969 
 2456605.541882 12.93145 0.00987 
 2456605.557641 12.95259 0.01085 
 2456605.576345 12.93980 0.00984 
 2456606.519635 12.93321 0.01065 
 2456606.533757 12.96306 0.00981 
 2456606.549512 12.96866 0.01030 
 2456606.565210 12.95434 0.01035 
 2456606.581606 12.94382 0.01055 
 2456607.483704 12.93028 0.01051 
 2456607.500112 12.91469 0.01043 
 2456607.521062 12.97404 0.01018 
 2456607.537455 12.96186 0.01041 
 2456607.553275 12.96525 0.01030 
 2456607.572859 12.94544 0.01031 
 2456608.485945 12.97189 0.01197 
 2456608.500197 12.95826 0.01095 
 2456608.521125 12.93637 0.01087 
 2456608.537490 12.96671 0.01047 
 2456608.553239 12.97489 0.01041 
 2456608.572756 12.95004 0.01056 
 2456609.482046 12.95234 0.01344 
 2456609.497765 12.92481 0.01265 
 2456609.520478 12.96231 0.01166 
 2456609.539139 12.94475 0.01051 
 2456609.557958 12.97615 0.00978 
 2456609.574433 12.94908 0.01018 
 2456610.482434 12.97484 0.01329 
 2456610.497332 12.96894 0.01322 
 2456610.518303 12.93744 0.01334 
 2456610.536861 12.99045 0.01192 
 2456610.555815 13.12073 0.01012 
 2456610.572401 13.13494 0.00973 
 2456612.523036 12.93168 0.01454 
 2456612.538868 12.93878 0.01450 
 2456612.557514 12.97461 0.01331 
 2456612.582696 12.98151 0.01276 
 2456615.466050 12.92859 0.01628 
 2456615.478068 12.97019 0.01524 
 2456615.496379 12.92972 0.01492 
 2456615.506085 12.91315 0.01447 
 2456615.522397 12.97686 0.01543 
 2456615.531560 12.94571 0.01473 
 2456615.541633 12.96403 0.01490 
 2456615.548708 12.97962 0.01436 
 2456615.555794 12.98754 0.01422 
 2456615.565054 12.93804 0.01396 
 2456615.574309 12.94442 0.01425 
 2456616.534708 12.96900 0.01435 
 2456616.551215 12.92623 0.01421 
 2456616.560412 13.01295 0.01708 
 2456618.453385 12.92872 0.01395 
 2456618.463245 12.94951 0.01401 
 2456618.470699 12.94109 0.01271 
 2456618.478168 12.96276 0.01259 
 2456618.485694 12.97065 0.01257 
 2456618.493248 12.92710 0.01255 
 2456618.500722 12.92458 0.01273 
 2456618.514927 12.92457 0.01257 
 2456618.519762 12.90991 0.01269 
 2456618.524693 12.93474 0.01238 
 2456618.529524 12.93944 0.01276 
 2456618.532016 12.92046 0.01154 
 2456618.534495 12.97091 0.01162 
 2456618.536964 12.93481 0.01119 
 2456618.539567 12.95812 0.01149 
 2456618.542088 12.93692 0.01095 
 2456618.544569 12.93962 0.01145 
 2456618.547034 12.97186 0.01128 
 2456618.551918 12.99389 0.01100 
 2456618.556910 12.93353 0.01146 
 2456618.561831 12.94665 0.01118 
 2456618.573845 12.93579 0.01128 
 2456619.452031 13.05225 0.01320 
 2456619.461842 13.07373 0.01265 
 2456619.469314 13.02803 0.01269 
 2456619.476828 12.99977 0.01259 
 2456619.484332 13.00780 0.01240 
 2456619.491811 13.04090 0.01198 
 2456619.499433 13.05391 0.01245 
 2456619.513608 13.04959 0.01196 
 2456619.518496 13.05812 0.01188 
 2456619.523367 13.04224 0.01245 
 2456619.529040 13.04445 0.01071 
 2456619.531565 13.05861 0.01117 
 2456619.534074 13.07010 0.01051 
 2456619.536590 13.04536 0.01063 
 2456619.539147 13.09615 0.01080 
 2456619.541622 13.04683 0.01076 
 2456619.544107 13.03378 0.01056 
 2456619.548982 13.06588 0.01051 
 2456619.553846 13.06330 0.01076 
 2456619.558694 13.03141 0.01040 
 2456619.570645 13.03418 0.01091 
 2456621.455406 12.93516 0.01208 
 2456621.467441 12.95736 0.01122 
 2456621.479476 12.98033 0.01100 
 2456621.491456 12.94629 0.01139 
 2456621.520226 12.94505 0.01100 
 2456621.527989 13.00156 0.01191 
 2456621.569845 13.02323 0.01607 
 2456622.443264 12.97664 0.01127 
 2456622.489356 12.94170 0.01128 
 2456622.501441 12.93012 0.01144 
 2456622.510624 12.93739 0.01151 
 2456622.520712 12.96250 0.01054 
 2456622.528422 12.96962 0.01014 
 2456622.536265 12.96496 0.00993 
 2456622.555165 12.94265 0.00949 
 2456622.569611 12.94563 0.01009 
 2456625.439093 12.96910 0.00993 
 2456625.453431 12.95915 0.00979 
 2456625.474461 12.97862 0.00914 
 2456625.490917 12.94332 0.00962 
 2456625.506832 12.93238 0.00959 
 2456627.440146 12.97016 0.01073 
 2456628.518827 12.95589 0.00907 
 2456628.537690 12.99503 0.00908 
 2456630.434057 12.95967 0.01002 
 2456631.437305 12.96800 0.01008 
 2456632.422010 12.95417 0.01037 
 2456632.436373 12.97343 0.00962 
 2456632.450642 12.95908 0.01030 
 2456632.467088 12.92497 0.01059 
 2456632.490205 12.97561 0.01025 
 2456632.506805 12.96440 0.01027 
 2456632.525664 12.96765 0.01043 
 2456632.549064 12.98322 0.01031 
 2456633.439912 12.94329 0.00983 
 2456633.475998 12.93843 0.01078 
 2456636.424474 12.94260 0.01112 
 2456636.438842 12.94562 0.01051 
 2456636.467470 12.93940 0.00960 
 2456636.492987 12.93746 0.00930 
 2456636.509607 12.93275 0.00965 
 2456636.533061 12.94463 0.00937 
 2456639.408675 12.97622 0.01390 
 2456639.423218 12.94414 0.01298 
 2456639.444405 12.93066 0.01251 
 2456639.472896 12.97336 0.01205 
 2456639.489611 12.98806 0.01458 
 2456639.508636 12.93511 0.01115 
 2456640.492753 12.98150 0.01381 
 2456643.391454 12.98835 0.01916 
 2456643.403616 12.92904 0.01690 
 2456643.413787 12.93824 0.01685 
 2456643.423470 12.98492 0.01697 
 2456643.433245 12.93798 0.01677 
 2456643.443019 12.91224 0.01600 
 2456643.452351 12.94918 0.01576 
 2456643.461745 12.94802 0.01736 
 2456644.384166 12.89839 0.01766 
 2456644.399550 12.94928 0.01786 
 2456644.407215 12.90850 0.01752 
 2456644.414790 12.91572 0.01763 
 2456644.429101 12.96715 0.01668 
 2456644.436747 12.90890 0.01632 
 2456644.441724 12.92236 0.01636 
 2456644.449012 12.94426 0.01651 
 2456644.456217 12.89592 0.01659 
 2456644.461121 12.91863 0.01456 
 2456644.466040 12.92690 0.01438 
 2456644.471027 12.97661 0.01453 
 2456644.475981 12.97145 0.01514 
 2456644.483081 12.97656 0.01446 
 2456644.490282 12.93463 0.01445 
 2456644.504532 12.95042 0.01413 
 2456645.379741 12.97780 0.01599 
 2456645.389622 12.95171 0.01551 
 2456645.397216 12.95524 0.01576 
 2456645.404783 12.93269 0.01574 
 2456645.412328 12.91488 0.01501 
 2456645.419881 12.91945 0.01504 
 2456645.434228 12.93599 0.01504 
 2456645.439133 12.95443 0.01507 
 2456645.446358 12.94677 0.01513 
 2456645.453766 12.92916 0.01540 
 2456645.458658 12.93733 0.01348 
 2456645.463619 12.93206 0.01313 
 2456645.468528 12.95738 0.01291 
 2456645.473498 12.95563 0.01352 
 2456645.480632 12.95376 0.01318 
 2456645.487846 12.97299 0.01344 
 2456645.501989 12.93147 0.01312 
 2456645.516267 12.92606 0.01281 
 2456645.530540 12.92859 0.01291 
 2456646.388197 12.91959 0.01582 
 2456646.395763 12.93087 0.01512 
 2456646.403352 12.96404 0.01509 
 2456646.410965 12.94737 0.01554 
 2456646.418564 12.95482 0.01508 
 2456646.426150 12.94702 0.01474 
 2456646.433743 12.93043 0.01503 
 2456646.443677 12.95317 0.01490 
 2456646.448616 12.94131 0.01475 
 2456646.454385 12.99589 0.01335 
 2456646.457059 12.93835 0.01290 
 2456646.459816 12.98298 0.01342 
 2456646.472033 12.98512 0.01302 
 2456646.477148 12.96622 0.01226 
 2456646.482185 12.97685 0.01294 
 2456646.487313 12.94667 0.01284 
 2456646.499398 12.96438 0.01281 
 2456647.380970 12.93854 0.01444 
 2456647.395302 12.97381 0.01365 
 2456647.402990 12.96229 0.01398 
 2456647.410572 12.96708 0.01412 
 2456647.418166 12.96290 0.01382 
 2456647.425769 12.93003 0.01399 
 2456647.430948 12.93228 0.01366 
 2456647.435941 12.92172 0.01403 
 2456647.441002 12.93121 0.01377 
 2456647.446006 12.90355 0.01420 
 2456647.451913 12.94335 0.01244 
 2456647.454626 12.96305 0.01317 
 2456647.457201 12.94944 0.01272 
 2456647.459876 12.94206 0.01278 
 2456647.504926 12.95563 0.01171 
 2456647.515003 12.92796 0.01233 
 2456647.524966 12.97554 0.01221 
 2456647.534971 12.92764 0.01253 
 2456648.377808 12.95624 0.01297 
 2456648.392549 12.97378 0.01247 
 2456648.401112 12.98179 0.01243 
 2456648.409332 12.95469 0.01407 
 2456648.417112 12.93089 0.01317 
 2456648.424772 12.96905 0.01348 
 2456648.429815 12.97633 0.01336 
 2456648.434792 12.98329 0.01336 
 2456648.439821 12.94942 0.01363 
 2456648.445021 12.95821 0.01327 
 2456648.450827 12.94110 0.01150 
 2456648.453478 12.98957 0.01189 
 2456648.456239 12.94860 0.01142 
 2456648.458937 12.97370 0.01175 
 2456648.479447 12.94715 0.01120 
 2456648.491556 12.97844 0.01125 
 2456648.501592 12.94428 0.01133 
 2456648.511580 12.95553 0.01143 
 2456648.521574 12.98017 0.01140 
 2456648.531690 12.96447 0.01134 
 2456649.373513 12.98793 0.00953 
 2456649.400656 12.94120 0.01184 
 2456649.412819 12.94129 0.01197 
 2456649.458366 12.96145 0.01095 
 2456649.475196 12.92896 0.01118 
 2456649.491977 12.94594 0.01076 
 2456649.506542 12.94880 0.01103 
 2456650.379040 12.93637 0.01068 
 2456650.400086 12.93719 0.01023 
 2456650.414536 12.96741 0.01099 
 2456651.370051 12.93440 0.01039 
 2456652.369301 12.94661 0.01027 
 2456652.383674 12.96983 0.00974 
 2456652.418719 12.96675 0.01027 
 2456652.436903 12.92787 0.01034 
 2456652.453529 12.93715 0.01024 
 2456652.481404 12.96519 0.01010 
 2456652.502837 12.93486 0.01027 
 2456653.358699 12.95141 0.01059 
 2456653.376135 12.96320 0.00968 
 2456653.397293 12.97298 0.00998 
 2456653.413869 12.92378 0.00983 
 2456653.429820 12.93878 0.01040 
 2456653.449491 12.92456 0.00947 
 2456653.477287 12.95648 0.00976 
 2456653.500874 12.96560 0.00983 
 2456654.355969 12.98542 0.00981 
 2456654.373482 12.96073 0.00993 
 2456654.394639 12.95491 0.00939 
 2456654.411313 12.97110 0.00994 
 2456654.427257 12.96313 0.01020 
 2456654.447045 12.93755 0.00996 
 2456654.466009 13.00112 0.00928 
 2456654.489542 12.97758 0.00938 
 2456654.515180 12.96252 0.00923 
 2456655.473335 12.97920 0.00972 
 2456655.497004 12.95705 0.00738 
 2456656.356981 12.94804 0.01032 
 2456656.371443 12.91770 0.01060 
 2456656.392639 12.93524 0.01002 
 2456656.411355 12.92819 0.01015 
 2456656.430468 12.94285 0.00873 
 2456656.447161 12.95832 0.00873 
 2456656.466037 12.93497 0.00897 
 2456656.503688 12.94851 0.00863 
 2456657.432134 12.98543 0.00974 
 2456657.449733 12.98052 0.00957 
 2456657.458835 12.94631 0.00826 
 2456657.464147 12.95781 0.00903 
 2456657.478634 12.98023 0.00962 
 2456657.482410 12.95333 0.00836 
 2456657.489565 12.96837 0.00865 
 2456657.494677 12.95938 0.00922 
 2456657.520323 12.95886 0.00883 
 2456658.347868 12.96588 0.01014 
 2456658.362878 12.94530 0.00977 
 2456658.377696 12.95714 0.00955 
 2456658.401767 12.97452 0.00962 
 2456658.420604 12.96846 0.00957 
 2456658.437793 12.95804 0.00945 
 2456658.469468 12.99570 0.00910 
 2456658.496155 12.94837 0.00919 
 2456659.343782 12.96308 0.01020 
 2456659.361812 12.97269 0.00974 
 2456659.376710 12.94087 0.00990 
 2456659.400811 12.95719 0.00999 
 2456659.419702 12.94864 0.00947 
 2456659.437244 12.94909 0.00998 
 2456659.456800 12.98132 0.01006 
 2456659.481056 12.99518 0.00998 
 2456660.349022 12.99318 0.00990 
 2456660.365029 12.95729 0.00950 
 2456660.381335 12.97813 0.00975 
 2456660.408888 12.97165 0.00980 
 2456660.429239 12.96758 0.00926 
 2456660.448827 12.98031 0.00899 
 2456660.473247 12.98412 0.00943 
 2456660.499689 12.94610 0.00951 
 2456661.349580 12.96720 0.00979 
 2456661.364297 12.98353 0.00899 
 2456661.378921 12.95804 0.00892 
 2456661.404974 12.95248 0.00924 
 2456668.318515 12.95498 0.01269 
 2456668.330744 12.97840 0.01204 
 2456669.315934 12.97512 0.01262 
 2456669.328104 12.98495 0.01193 
 2456669.337987 12.97590 0.01211 
 2456669.347810 12.99413 0.01169 
 2456669.357663 12.94629 0.01168 
 2456669.372105 12.99315 0.01146 
 2456669.394366 12.95421 0.01151 
 2456669.418030 12.95908 0.01106 
 2456669.439598 12.95698 0.01083 
 2456669.461282 12.94207 0.01090 
 2456670.311425 12.94328 0.01350 
 2456670.321197 12.98465 0.01315 
 2456670.331075 13.00404 0.01229 
 2456670.340883 12.99024 0.01254 
 2456670.350817 12.93845 0.01210 
 2456670.360692 12.95527 0.01265 
 2456670.370625 12.98660 0.01196 
 2456670.380121 12.97755 0.01235 
 2456670.396934 12.96657 0.01177 
 2456670.404109 12.94638 0.01168 
 2456670.413661 12.98123 0.01184 
 2456670.423239 13.00202 0.01146 
 2456670.437895 12.94833 0.01165 
 2456670.454836 12.95992 0.01155 
 2456670.471739 12.95058 0.01160 
 2456671.310431 13.00062 0.01357 
 2456671.317491 12.96492 0.01357 
 2456671.325093 12.99380 0.01310 
 2456671.332772 12.96501 0.01291 
 2456671.340415 12.91944 0.01302 
 2456671.348042 12.93984 0.01285 
 2456671.355652 12.95770 0.01276 
 2456671.363304 12.96177 0.01257 
 2456671.368313 12.98126 0.01268 
 2456671.375612 12.95984 0.01262 
 2456671.390166 12.95214 0.01285 
 2456671.395018 12.93173 0.01208 
 2456671.399874 12.95635 0.01195 
 2456671.407061 12.94315 0.01178 
 2456671.414366 12.94062 0.01176 
 2456671.429031 12.96327 0.01201 
 2456671.443625 12.93410 0.01178 
 2456671.458243 12.96717 0.01206 
 2456672.310219 12.96525 0.01521 
 2456672.327387 12.96764 0.01474 
 2456672.332354 12.96114 0.01477 
 2456672.337371 12.95401 0.01431 
 2456672.342294 12.93821 0.01404 
 2456672.347224 12.93656 0.01498 
 2456672.362271 12.97284 0.01458 
 2456672.369606 12.98074 0.01422 
 2456672.376860 12.93131 0.01446 
 2456672.393944 12.96543 0.01433 
 2456672.398827 12.98405 0.01421 
 2456672.456921 12.95055 0.01739 
 2456673.304240 12.97837 0.01699 
 2456673.311322 12.97231 0.01715 
 2456673.329602 12.92679 0.01637 
 2456673.334655 12.95387 0.01609 
 2456673.339618 12.96100 0.01618 
 2456673.344591 12.96645 0.01624 
 2456673.349535 12.96348 0.01583 
 2456673.354546 12.97339 0.01594 
 2456673.359496 12.93159 0.01598 
 2456673.364438 12.92312 0.01565 
 2456673.369485 12.94294 0.01546 
 2456673.374454 12.93134 0.01532 
 2456673.389219 12.95239 0.01529 
 2456673.391685 12.97514 0.01507 
 2456673.394176 12.92136 0.01488 
 2456673.396713 13.00415 0.01537 
 2456673.401643 12.92788 0.01471 
 2456673.406690 12.94742 0.01492 
 2456673.411667 12.97393 0.01474 
 2456673.424047 12.95424 0.01444 
 2456673.436322 12.95590 0.01433 
 2456673.448642 12.94657 0.01479 
 2456673.460951 12.90766 0.01464 
 2456674.303698 13.01721 0.01571 
 2456674.310740 13.00695 0.01564 
 2456674.328500 12.97652 0.01519 
 2456674.333458 12.96173 0.01482 
 2456674.338498 12.96782 0.01486 
 2456674.343391 12.91113 0.01460 
 2456674.348387 12.96572 0.01492 
 2456674.353345 12.98114 0.01513 
 2456674.358293 12.96257 0.01516 
 2456674.363231 12.99040 0.01512 
 2456674.368136 12.95407 0.01500 
 2456674.373155 12.94607 0.01458 
 2456674.388259 12.97831 0.01424 
 2456674.390741 12.94812 0.01406 
 2456674.393206 12.99897 0.01430 
 2456674.398127 12.93570 0.01412 
 2456674.403221 12.94897 0.01399 
 2456674.408262 12.98433 0.01408 
 2456674.413260 12.94737 0.01377 
 2456674.425558 12.97258 0.01384 
 2456674.435647 12.93563 0.01379 
 2456674.445772 12.96435 0.01364 
 2456674.455851 12.92118 0.01380 
 2456676.402459 12.96313 0.01232 
 2456676.419569 12.93761 0.01214 
 2456676.434511 12.98304 0.01184 
 2456676.449398 12.94410 0.01232 
 2456677.303825 12.96397 0.01052 
 2456677.315270 12.96829 0.01048 
 2456677.336914 12.96288 0.01166 
 2456677.348638 12.96965 0.01185 
 2456677.360310 12.93051 0.01181 
 2456677.373041 12.96577 0.01173 
 2456677.394708 12.98941 0.01151 
 2456677.407142 12.95735 0.01169 
 2456677.424246 12.99843 0.01166 
 2456677.439095 12.94826 0.01117 
 2456678.302089 12.97455 0.00945 
 2456678.313663 12.96871 0.00893 
 2456678.335445 12.97264 0.00914 
 2456678.351872 12.94042 0.00999 
 2456678.368165 12.94806 0.01027 
 2456678.382963 12.93598 0.01033 
 2456678.409505 12.95797 0.01065 
 2456678.432302 12.94405 0.01035 
 2456679.302215 12.98034 0.01008 
 2456679.322215 12.96917 0.00961 
 2456679.346109 12.97520 0.00907 
 2456679.362497 12.94766 0.00959 
 2456679.377277 12.96046 0.01000 
 2456679.403919 12.96572 0.01011 
 2456679.425889 12.95223 0.01045 
 2456679.447929 12.90646 0.01062 
 2456680.300720 12.97505 0.00924 
 2456680.312176 12.95956 0.00922 
 2456680.336122 12.93743 0.00888 
 2456681.298984 12.94201 0.01030 
 2456681.310422 12.97378 0.00937 
 2456681.334326 12.95599 0.00933 
 2456681.350689 12.97637 0.00912 
 2456681.373275 12.94637 0.00858 
 2456681.402048 12.97902 0.00902 
 2456681.424891 12.98755 0.00939 
 2456682.346725 12.96200 0.00887 
 2456682.363525 12.96043 0.00836 
 2456682.404017 12.95628 0.00826 
 2456682.428193 12.96922 0.00809 
 2456683.299558 12.95780 0.01019 
 2456683.310960 12.98227 0.00993 
 2456683.334854 12.96633 0.01004 
 2456683.353335 12.94973 0.00948 
 2456683.370187 12.96451 0.00940 
 2456683.398801 12.96334 0.00930 
 2456683.435686 12.93768 0.00955 
 2456684.301075 12.96697 0.00884 
 2456684.312575 12.96600 0.00881 
 2456684.338602 12.95143 0.00910 
 2456684.360426 12.94817 0.00889 
 2456684.379845 12.96468 0.00856 
 2456684.403894 12.97244 0.00849 
 2456684.432435 12.92288 0.00855 
 2456685.299548 12.95243 0.00972 
 2456685.310982 12.94785 0.00973 
 2456685.334731 12.97815 0.00954 
 2456685.354196 12.96192 0.00899 
 2456685.373613 12.97175 0.00899 
 2456685.399961 12.97043 0.00852 
 2456685.428561 12.89805 0.00885 
 2456687.298251 12.95211 0.00953 
 2456687.309639 12.95794 0.00934 
 2456688.299280 12.93968 0.00950 
 2456688.312900 12.95825 0.00893 
 2456688.336573 12.98725 0.00909 
 2456688.356562 12.95274 0.00906 
 2456688.375831 12.94292 0.00884 
 2456688.399962 12.95825 0.00856 
 2456689.352281 12.96256 0.00824 
 2456689.367135 12.95490 0.00830 
 2456689.398444 12.95550 0.00843 
 2456690.297426 12.94921 0.00962 
 2456690.313644 12.96743 0.00975 
 2456690.339868 12.95993 0.00957 
 2456690.359205 12.96720 0.00909 
 2456690.385595 12.95332 0.00899 
 2456690.409611 12.93950 0.00898 
 2456691.297243 12.97433 0.00917 
 2456691.321865 12.95959 0.00918 
 2456691.356056 12.95606 0.00890 
 2456691.382684 12.94589 0.00870 
 2456691.406759 12.96175 0.00898 
 2456692.373919 12.95007 0.00880 
 2456692.397971 12.93362 0.00874 
 2456693.301222 12.93984 0.01082 
 2456693.351347 12.96610 0.00743 
 2456693.405871 12.91147 0.00778 
 2456694.297526 12.95335 0.01019 
 2456694.313674 12.94634 0.00974 
 2456694.347887 12.93752 0.00900 
 2456694.374408 12.94516 0.00906 
 2456694.398557 12.99273 0.00877 
 2456695.293763 12.96396 0.00984 
 2456695.305133 12.94195 0.00945 
 2456695.328938 12.96602 0.00911 
 2456695.342856 12.95720 0.00915 
 2456695.356755 12.95804 0.00904 
 2456695.376217 12.97050 0.00947 
 2456695.400140 12.90593 0.00912 
 2456696.294201 13.44349 0.01016 
 2456696.305608 13.40608 0.01001 
 2456696.329392 13.32526 0.00939 
 2456696.343272 13.22237 0.00939 
 2456696.357202 13.13314 0.00935 
 2456696.376693 13.09284 0.00995 
 2456696.398371 12.97017 0.00943 
 2456697.290545 12.96108 0.01106 
 2456697.297487 12.96307 0.01068 
 2456697.314436 12.97536 0.01038 
 2456697.321510 12.97885 0.01056 
 2456697.328586 12.97062 0.01035 
 2456697.338061 12.96818 0.01028 
 2456697.347483 12.96544 0.01012 
 2456697.364262 12.94907 0.01018 
 2456697.378773 12.97366 0.00973 
 2456697.395752 12.89975 0.00995 
 2456698.288244 12.98106 0.01158 
 2456698.293035 12.95210 0.01097 
 2456698.307546 12.97599 0.01098 
 2456698.315430 12.96381 0.01094 
 2456698.320286 12.95845 0.01061 
 2456698.325042 12.98045 0.01082 
 2456698.329809 12.99240 0.01050 
 2456698.337035 12.99657 0.01060 
 2456698.344106 12.98763 0.01045 
 2456698.358506 12.96039 0.01047 
 2456698.372960 12.95349 0.01025 
 2456698.387374 12.93341 0.01035 
 2456699.287332 12.96776 0.01212 
 2456699.294361 12.98037 0.01213 
 2456699.308823 13.00156 0.01142 
 2456699.313636 12.97314 0.01170 
 2456699.318466 12.95196 0.01142 
 2456699.323282 12.95008 0.01086 
 2456699.330341 12.95053 0.01134 
 2456699.337398 12.94731 0.01080 
 2456699.344541 12.96823 0.01062 
 2456699.356855 12.94746 0.01101 
 2456699.371256 12.97724 0.01061 
 2456699.385781 12.92856 0.01087 
 2456700.287550 12.96289 0.01254 
 2456700.292259 12.96177 0.01262 
 2456700.304580 12.99504 0.01221 
 2456700.307049 12.95818 0.01191 
 2456700.309470 12.99764 0.01255 
 2456700.311916 12.97186 0.01214 
 2456700.314360 12.96568 0.01265 
 2456700.316812 12.96404 0.01215 
 2456700.319247 12.94681 0.01188 
 2456700.321660 12.98875 0.01166 
 2456700.324199 12.96668 0.01163 
 2456700.329095 12.97959 0.01212 
 2456700.353394 12.96618 0.01171 
 2456700.365631 12.94326 0.01157 
 2456700.377824 12.95049 0.01207 
 2456700.390087 12.88791 0.01170 
 2456701.337564 12.95540 0.01428 
 2456704.286598 12.98051 0.01495 
 2456704.296865 12.97966 0.01562 
 2456704.316138 12.96319 0.01522 
 2456704.326150 12.92786 0.01580 
 2456704.343192 12.93437 0.01515 
 2456704.358021 12.98930 0.01551 
 2456704.372825 12.90821 0.01533 
 2456708.298500 12.97421 0.00899 
 2456708.312263 12.96529 0.00847 
 2456708.338623 12.94298 0.00969 
 2456708.360379 12.98847 0.01023 
 2456709.286989 12.96788 0.00887 
 2456709.313359 12.95454 0.00876 
 2456710.287012 12.95819 0.00872 
 2456710.298506 12.96814 0.00891 
 2456710.328374 12.95717 0.00869 
 2456710.352415 12.93773 0.00869 
 2456711.282402 12.95125 0.00903 
 2456711.293745 12.96579 0.00903 
 2456711.322489 12.96114 0.00884 
 2456711.346640 12.95393 0.00872 
 2456712.282991 12.95971 0.00904 
 2456712.296772 12.94475 0.00896 
 2456713.296686 12.97985 0.00908 
 2456713.310537 12.95810 0.00914 
 2456713.335564 12.96083 0.00915 
 2456714.308431 12.95614 0.00913 
 2456714.333818 12.95992 0.00901 
 2456716.319519 12.94726 0.00935 
 2456717.277070 12.97191 0.00916 
 2456717.290899 12.95230 0.00945 
 2456717.315033 12.98808 0.00917 
 2456718.280771 12.96046 0.00914 
 2456718.294541 12.93889 0.00908 
 2456718.318743 12.95865 0.00921 
 2456719.279816 13.00103 0.00931 
 2456719.293675 12.95464 0.00893 
 2456719.318757 12.94809 0.00898 
 2456721.277809 12.95584 0.00874 
 2456721.291791 12.98700 0.00885 
 2456721.315917 12.95258 0.00886 
 2456722.276209 12.96709 0.00916 
 2456722.298645 12.97146 0.00899 
 2456722.327339 12.95600 0.00894 
 2456723.276367 12.97681 0.00938 
 2456723.290167 12.96751 0.00927 
 2456723.309643 12.98280 0.00933 
 2456724.272537 12.95632 0.01015 
 2456724.281854 12.94703 0.00977 
 2456724.296513 12.99548 0.00974 
 2456724.322257 12.92139 0.00945 
 2456725.272075 12.96439 0.00979 
 2456725.281381 12.94006 0.00996 
 2456725.298267 13.01619 0.00998 
 2456725.315348 12.97653 0.00982 
 2456726.268215 12.95086 0.01009 
 2456726.275199 12.97005 0.01009 
 2456726.287476 12.96493 0.00973 
 2456726.301982 12.94831 0.00988 
 2456728.266441 12.96390 0.01231 
 2456728.271240 12.94333 0.01212 
 2456728.293576 12.93873 0.01146 
 2456728.306107 12.96202 0.01127 
 2456729.265798 12.98386 0.01160 
 2456729.270558 12.93786 0.01177 
 2456729.280662 12.97807 0.01199 
 2456729.290756 12.98940 0.01164 
 2456729.300917 12.93607 0.01168 
 2456729.311050 12.94424 0.01134 
 2456730.262574 12.95519 0.01225 
 2456730.267345 12.98289 0.01182 
 2456730.297012 12.97071 0.01226 
 2456731.263634 12.97348 0.01341 
 2456731.268382 12.93691 0.01316 
 2456731.283209 12.94207 0.01335 
 2456731.298026 12.94626 0.01330 
 2456732.267519 12.98101 0.01380 
 2456732.279138 12.94365 0.01373 
 2456732.303379 12.95373 0.01407 
 2456733.267744 12.98557 0.01531 
 2456733.287423 12.94604 0.01515 
 2456734.267658 12.96548 0.01328 
 2456734.289542 12.95242 0.01318 
 2456735.264312 12.97309 0.01174 
 2456735.280034 12.93933 0.01159 
 2456736.276058 12.95209 0.01068 
 2456737.263388 12.95993 0.00919 
 2456738.262054 12.94836 0.00906 
 2456739.266606 12.92089 0.00900 
 2456744.243947 12.97944 0.00936 
 2456744.270515 12.93246 0.00897 
 2456745.255433 12.95933 0.00935 
 2456745.264753 13.01269 0.01034 
 2456746.250711 12.95192 0.00906 
 2456746.260025 12.94445 0.00891 
 2456747.248706 12.94127 0.00916 
 2456747.257957 12.95296 0.00918 
 2456751.245070 12.95861 0.00911 
 2456752.244907 12.94945 0.00923 
 2456753.243562 12.99544 0.00944 
 2456754.242198 12.93846 0.00997 
