\INPUT_FILE = /exodata/ETSS-prep/KELT/doN04/raw/KELT_N04_lc_070323_V01_west_raw.dat
\INPUT_TYPE = "RAW"
\START_DATE = "Fri Oct 27, 11:06:17 2006"               
\STOP_DATE = "Mon Nov 24, 11:50:37 2008"               
\fixlen = T
\NUMRECORDS = 199      
\
\ This file was produced by the NASA Exoplanet Archive  http://exoplanetarchive.ipac.caltech.edu 
\ Wed Mar 02, 01:25:27 2016
\ Documentation for the KELT Survey dataset can be found at http://exoplanetarchive.ipac.caltech.edu/docs/KELT.html
\
|          TIME|     MAG|MAG_ERR|
|          real|    real|   real|
|             d|     mag|    mag|
|          null|    null|   null|
 2454035.962698 14.45326 0.01081 
 2454035.968161 14.43923 0.01091 
 2454035.973626 14.45044 0.01075 
 2454035.979092 14.44906 0.01068 
 2454036.956367 14.47614 0.01034 
 2454036.972757 14.45998 0.01083 
 2454036.978220 14.47234 0.01082 
 2454038.949626 14.45210 0.01133 
 2454038.955089 14.44624 0.01044 
 2454038.960554 14.44839 0.01039 
 2454038.966016 14.44205 0.01032 
 2454038.971479 14.45304 0.01025 
 2454040.943480 14.46608 0.01207 
 2454040.948944 14.45410 0.01108 
 2454040.954407 14.46508 0.01118 
 2454040.959870 14.46574 0.01134 
 2454041.943883 14.74423 0.00911 
 2454041.949397 14.74494 0.00971 
 2454080.834104 14.47043 0.01181 
 2454080.839473 14.45556 0.01087 
 2454080.844836 14.45376 0.01099 
 2454080.850203 14.43554 0.01109 
 2454081.834273 14.45826 0.00993 
 2454081.839633 14.47416 0.00987 
 2454081.844993 14.46383 0.00998 
 2454082.827092 14.46947 0.01120 
 2454082.832460 14.46024 0.00996 
 2454082.837831 14.46832 0.00999 
 2454082.843194 14.45907 0.01002 
 2454082.848562 14.46541 0.00994 
 2454083.829607 14.45372 0.00999 
 2454083.834969 14.44274 0.00960 
 2454083.840340 14.44576 0.00922 
 2454094.799300 14.45652 0.00966 
 2454094.804865 14.46705 0.00955 
 2454094.810431 14.44597 0.00958 
 2454094.815995 14.43964 0.00969 
 2454094.821562 14.43578 0.00966 
 2454094.827128 14.43704 0.00948 
 2454094.832695 14.44347 0.00945 
 2454095.797131 14.48899 0.00972 
 2454095.802698 14.47221 0.00962 
 2454095.808269 14.47737 0.00970 
 2454095.813841 14.47663 0.00971 
 2454095.819412 14.47664 0.01026 
 2454116.736202 14.45167 0.00922 
 2454116.741768 14.46473 0.00918 
 2454116.747335 14.45844 0.00881 
 2454116.752901 14.47810 0.00876 
 2454116.758467 14.49825 0.00861 
 2454116.764032 14.49112 0.00894 
 2454117.736101 14.45610 0.00915 
 2454117.741674 14.44556 0.00916 
 2454117.747251 14.44133 0.00913 
 2454140.678527 14.47975 0.00967 
 2454141.679270 14.48236 0.01029 
 2454152.641413 14.43843 0.00955 
 2454152.646985 14.42349 0.00951 
 2454124.714637 14.44227 0.01029 
 2454124.720209 14.44986 0.00953 
 2454147.657538 14.47947 0.00957 
 2454147.663110 14.46471 0.00971 
 2454148.647932 14.46767 0.00965 
 2454148.653504 14.45544 0.00971 
 2454148.659079 14.44896 0.00966 
 2454387.000016 14.46569 0.00983 
 2454395.974053 14.44769 0.01026 
 2454407.941840 14.47064 0.01055 
 2454408.939859 14.46714 0.01049 
 2454409.936590 14.45407 0.01052 
 2454412.927730 14.44191 0.00987 
 2454413.925298 14.46890 0.01018 
 2454416.916474 14.47040 0.00937 
 2454447.832271 14.42801 0.00875 
 2454465.780080 14.45778 0.00947 
 2454581.634165 14.77721 0.01145 
 2454749.022412 14.44051 0.01664 
 2454753.013569 14.76605 0.00968 
 2454753.023736 14.74838 0.01576 
 2454754.010639 14.46423 0.01598 
 2454754.020822 14.46127 0.01662 
 2454755.005030 14.44283 0.01655 
 2454755.012951 14.45316 0.01650 
 2454755.020870 14.47088 0.01736 
 2454777.949230 14.45263 0.01052 
 2454777.959016 14.48726 0.00995 
 2454777.968798 14.47388 0.01021 
 2454777.978583 14.44582 0.01052 
 2454777.990561 14.47116 0.01011 
 2454778.000168 14.47747 0.01026 
 2454778.947653 14.46543 0.01095 
 2454778.957450 14.45532 0.01026 
 2454778.967268 14.47038 0.01039 
 2454778.977072 14.47258 0.01055 
 2454778.998702 14.46302 0.01032 
 2454779.017953 14.45690 0.01043 
 2454779.939244 14.42355 0.01114 
 2454779.949041 14.40731 0.01167 
 2454779.958866 14.44421 0.01159 
 2454779.978478 14.43582 0.01160 
 2454779.990489 14.44092 0.01151 
 2454789.909302 14.47037 0.01203 
 2454789.916223 14.46578 0.01154 
 2454789.920765 14.46131 0.01142 
 2454789.925300 14.46373 0.01161 
 2454789.929835 14.46444 0.01163 
 2454789.934377 14.46871 0.01136 
 2454789.938917 14.46678 0.01144 
 2454789.943458 14.45810 0.01150 
 2454789.948002 14.44413 0.01171 
 2454789.952539 14.45982 0.01150 
 2454789.957083 14.45537 0.01153 
 2454789.961621 14.43857 0.01145 
 2454789.966163 14.44832 0.01145 
 2454789.970707 14.48042 0.01130 
 2454789.975242 14.47046 0.01140 
 2454789.979788 14.47371 0.01140 
 2454789.988870 14.45752 0.01216 
 2454789.995518 14.44500 0.01174 
 2454789.997625 14.45730 0.01177 
 2454789.999731 14.44203 0.01182 
 2454790.001843 14.45851 0.01170 
 2454790.003953 14.44540 0.01161 
 2454790.006062 14.45626 0.01160 
 2454790.008176 14.45745 0.01155 
 2454790.010287 14.45244 0.01160 
 2454790.012402 14.45802 0.01154 
 2454790.014515 14.46986 0.01148 
 2454790.016624 14.45957 0.01167 
 2454790.018735 14.45311 0.01190 
 2454790.020849 14.46767 0.01199 
 2454790.022956 14.46349 0.01193 
 2454790.905857 14.45242 0.01057 
 2454790.912781 14.44156 0.01031 
 2454790.917318 14.45646 0.01026 
 2454790.921863 14.43676 0.01072 
 2454790.926403 14.44458 0.01036 
 2454790.930930 14.45215 0.01040 
 2454790.935473 14.44413 0.01045 
 2454790.940011 14.43233 0.01061 
 2454790.944543 14.45854 0.01046 
 2454790.949088 14.44152 0.01049 
 2454790.953628 14.44200 0.01046 
 2454790.958167 14.44792 0.01038 
 2454790.962717 14.43832 0.01066 
 2454790.967256 14.45428 0.01049 
 2454790.971808 14.44715 0.01054 
 2454790.976349 14.45946 0.01056 
 2454790.980873 14.45628 0.01059 
 2454790.985422 14.44679 0.01070 
 2454790.992071 14.43860 0.01067 
 2454790.994171 14.44717 0.01087 
 2454790.996285 14.44876 0.01090 
 2454790.998381 14.43314 0.01078 
 2454791.000503 14.44737 0.01085 
 2454791.002599 14.43553 0.01078 
 2454791.004718 14.43636 0.01081 
 2454791.006811 14.43233 0.01078 
 2454791.008929 14.45023 0.01068 
 2454791.011031 14.45689 0.01065 
 2454791.013151 14.44472 0.01085 
 2454791.019470 14.44676 0.01109 
 2454791.021585 14.43243 0.01129 
 2454791.023679 14.43519 0.01138 
 2454791.025796 14.42479 0.01116 
 2454791.908886 14.46004 0.01048 
 2454791.931835 14.45653 0.01157 
 2454791.947125 14.46546 0.01060 
 2454791.954756 14.47197 0.01056 
 2454791.959283 14.45551 0.01038 
 2454791.968354 14.46089 0.01006 
 2454791.972886 14.45948 0.01012 
 2454791.977443 14.46146 0.01015 
 2454791.981983 14.47551 0.01012 
 2454791.993445 14.46528 0.01031 
 2454791.997977 14.44533 0.01041 
 2454792.002496 14.45023 0.01039 
 2454792.007043 14.45994 0.01048 
 2454792.011578 14.44631 0.01049 
 2454792.016103 14.45119 0.01045 
 2454792.020647 14.44947 0.01044 
 2454792.025189 14.45627 0.01055 
 2454792.032440 14.45190 0.01123 
 2454792.039675 14.46978 0.01351 
 2454792.909264 14.47182 0.01082 
 2454792.928856 14.45715 0.01032 
 2454792.938652 14.47328 0.01006 
 2454793.966179 14.43578 0.01265 
 2454793.988672 14.45344 0.01069 
 2454794.003964 14.44718 0.01043 
 2454794.011592 14.44399 0.01040 
 2454794.026868 14.44985 0.01045 
 2454794.031396 14.45436 0.00983 
 2454794.035945 14.45851 0.01009 
 2454794.040486 14.42548 0.01123 
 2454794.913391 14.45870 0.01009 
 2454794.923196 14.45885 0.01020 
 2454794.933000 14.44018 0.01044 
 2454794.993484 14.45465 0.01106 
