\INPUT_FILE = /exodata/ETSS-prep/KELT/s12/raw/KELT_S12_lc_025329_V01_west_raw.dat
\INPUT_TYPE = "RAW"
\START_DATE = "Mon Mar 29, 03:20:20 2010"               
\STOP_DATE = "Sat Sep 13, 18:14:15 2014"               
\fixlen = T
\NUMRECORDS = 1689     
\
\ This file was produced by the NASA Exoplanet Archive  http://exoplanetarchive.ipac.caltech.edu 
\ Wed Jan 08, 16:08:16 2020
\ Documentation for the KELT Survey dataset can be found at http://exoplanetarchive.ipac.caltech.edu/docs/KELT.html
\
|          TIME|     MAG|MAG_ERR|
|          real|    real|   real|
|             d|     mag|    mag|
|          null|    null|   null|
 2455284.639125 14.10250 0.04262 
 2455285.626163 14.08215 0.05104 
 2455285.644870 14.12959 0.05240 
 2455293.602629 14.27095 0.03090 
 2455293.613388 14.17309 0.03061 
 2455293.622096 14.21207 0.03060 
 2455293.630752 14.23684 0.02991 
 2455293.637303 14.17512 0.02958 
 2455293.641652 14.27614 0.03013 
 2455294.611253 14.08223 0.02815 
 2455294.619921 14.09963 0.02814 
 2455294.628518 14.12356 0.02842 
 2455294.635137 14.14742 0.02792 
 2455294.639495 14.10749 0.02758 
 2455294.643831 14.12514 0.02807 
 2455297.601532 14.04099 0.02740 
 2455298.599892 14.09329 0.02526 
 2455298.613586 14.06183 0.02615 
 2455298.629350 14.09361 0.02699 
 2455298.645174 14.04843 0.02729 
 2455299.596718 14.08839 0.02504 
 2455299.610421 14.11411 0.02639 
 2455299.626170 14.09748 0.02746 
 2455299.642010 14.08960 0.02702 
 2455299.655631 14.07852 0.02793 
 2455300.597833 14.07904 0.02758 
 2455300.611529 14.14061 0.02559 
 2455300.627365 14.12582 0.02697 
 2455300.641002 14.11221 0.02735 
 2455300.654615 14.06682 0.02748 
 2455304.591337 14.25521 0.02415 
 2455304.605039 14.23588 0.02403 
 2455304.620883 14.26425 0.02412 
 2455304.634503 14.24265 0.02448 
 2455304.645911 14.22694 0.02501 
 2455305.587911 14.13003 0.02367 
 2455305.601614 14.06690 0.02425 
 2455305.617449 14.14139 0.02402 
 2455305.631071 14.12740 0.02327 
 2455305.644845 14.11501 0.02389 
 2455305.656258 14.14388 0.02479 
 2455312.552038 14.12922 0.04041 
 2455312.570607 14.10738 0.03923 
 2455312.582002 14.05837 0.03856 
 2455312.595513 14.09923 0.03764 
 2455312.609015 14.04956 0.03343 
 2455312.622532 14.13878 0.03907 
 2455312.633844 14.22800 0.02925 
 2455312.647380 14.17414 0.02890 
 2455324.536023 14.07808 0.02363 
 2455324.549752 14.09704 0.02465 
 2455324.563473 14.07901 0.02589 
 2455324.574992 14.10298 0.02441 
 2455324.586484 14.08386 0.02570 
 2455324.595710 14.12256 0.02717 
 2455324.607157 14.15964 0.02620 
 2455324.618614 14.14312 0.03043 
 2455332.497433 14.11776 0.02564 
 2455332.518331 14.11881 0.02463 
 2455332.534154 14.14956 0.02486 
 2455332.550006 14.12952 0.02739 
 2455332.563642 14.09536 0.02925 
 2455337.496878 14.21272 0.02560 
 2455337.510599 14.25937 0.02564 
 2455337.526467 14.14317 0.02753 
 2455337.540108 14.17278 0.02672 
 2455337.553755 14.14326 0.02782 
 2455337.565195 14.12666 0.02869 
 2455337.578833 14.11779 0.03000 
 2455338.495717 14.13883 0.02380 
 2455338.509442 14.13064 0.02345 
 2455338.525295 14.09642 0.02591 
 2455338.538946 14.11851 0.02354 
 2455338.552754 14.13015 0.02488 
 2455338.564194 14.10555 0.02516 
 2455338.579887 14.12894 0.02678 
 2455339.489490 14.11519 0.03286 
 2455339.501005 14.14343 0.02964 
 2455339.514578 14.11281 0.02644 
 2455339.528227 14.09970 0.02239 
 2455339.541872 14.16074 0.02156 
 2455339.553306 14.14370 0.02235 
 2455339.566963 14.16197 0.02178 
 2455339.582663 14.12744 0.02427 
 2455340.491832 14.07338 0.03107 
 2455340.499231 14.12275 0.03760 
 2455340.506634 14.14909 0.03567 
 2455340.518222 14.11998 0.03536 
 2455340.529817 14.09696 0.03466 
 2455340.541434 14.12670 0.03133 
 2455340.550803 14.15507 0.03205 
 2455340.562411 14.10305 0.02868 
 2455340.576060 14.11639 0.02597 
 2455348.461004 14.20583 0.03531 
 2455348.469706 14.22837 0.03636 
 2455348.478423 14.18145 0.03855 
 2455348.487123 14.15936 0.03687 
 2455348.493715 14.14522 0.04339 
 2455348.498092 14.09082 0.04187 
 2455348.502467 14.15677 0.03879 
 2455348.506840 14.12039 0.03989 
 2455348.511213 14.14626 0.03851 
 2455348.515588 14.13500 0.04082 
 2455348.519958 14.22035 0.03921 
 2455348.524327 14.10899 0.03978 
 2455348.528701 14.09933 0.03768 
 2455348.533075 14.17545 0.03954 
 2455353.453524 14.08958 0.02125 
 2455353.467257 14.08379 0.01997 
 2455353.483140 14.12420 0.02084 
 2455353.496801 14.11320 0.02161 
 2455353.510466 14.12526 0.02203 
 2455353.521906 14.09789 0.02325 
 2455353.535574 14.13923 0.02341 
 2455359.434034 14.13285 0.01908 
 2455359.447848 14.13023 0.01806 
 2455359.463743 14.14510 0.01784 
 2455359.479706 14.08738 0.01755 
 2455359.493467 14.13636 0.01630 
 2455359.504967 14.11881 0.01819 
 2455359.518719 14.12250 0.01791 
 2455365.424681 14.11782 0.01048 
 2455365.454501 14.12915 0.01687 
 2455365.468336 14.10310 0.01982 
 2455365.479832 14.12048 0.02096 
 2455365.493555 14.10479 0.02032 
 2455365.509320 14.12164 0.02144 
 2455368.398500 14.10085 0.03039 
 2455368.410444 14.07931 0.02914 
 2455368.417901 14.08343 0.03013 
 2455368.425355 14.06091 0.02988 
 2455368.434908 14.07731 0.02811 
 2455368.446588 14.17807 0.02752 
 2455368.458315 14.10740 0.03053 
 2455368.469983 14.07980 0.02760 
 2455368.479439 14.07651 0.02812 
 2455368.491105 14.10544 0.02839 
 2455368.504843 14.05668 0.02669 
 2455378.388925 14.22523 0.02819 
 2455378.402740 14.23094 0.02762 
 2455378.416541 14.29218 0.02738 
 2455378.428136 14.24551 0.02664 
 2455378.439765 14.20397 0.02709 
 2455378.449085 14.22389 0.02930 
 2455378.460692 14.28608 0.02811 
 2455378.472231 14.23672 0.02980 
 2455379.382388 14.11297 0.02763 
 2455379.396144 14.05145 0.02759 
 2455379.409909 14.11398 0.02728 
 2455379.421443 14.07730 0.02911 
 2455379.432983 14.07133 0.02972 
 2455379.442262 14.07350 0.02855 
 2455379.453758 14.08427 0.02980 
 2455379.467320 14.12129 0.02955 
 2455380.384677 14.12376 0.02071 
 2455380.398434 14.12091 0.02100 
 2455380.414334 14.10242 0.02407 
 2455380.428019 14.07532 0.02629 
 2455380.439485 14.12087 0.02453 
 2455380.453188 14.09362 0.02718 
 2455380.468931 14.10316 0.02800 
 2455385.370093 14.10949 0.01891 
 2455385.383863 14.08559 0.01969 
 2455385.399795 14.08370 0.01803 
 2455385.413486 14.12652 0.01701 
 2455385.424954 14.08635 0.01739 
 2455385.438644 14.12640 0.01667 
 2455391.351626 14.09722 0.02001 
 2455391.365395 14.08493 0.02078 
 2455391.381298 14.04115 0.02007 
 2455391.394980 14.08256 0.01892 
 2455391.408823 14.09858 0.01990 
 2455391.436031 14.09684 0.02013 
 2455394.339473 14.09167 0.01955 
 2455394.351082 14.09744 0.01894 
 2455394.364759 14.09978 0.02012 
 2455394.378533 14.08164 0.01997 
 2455394.392366 14.09618 0.01883 
 2455394.403894 14.07468 0.02118 
 2455394.417749 14.09960 0.02010 
 2455394.433619 14.07423 0.02044 
 2455395.324985 14.11711 0.02167 
 2455395.337014 14.12379 0.02089 
 2455395.344503 14.12299 0.02140 
 2455395.351981 14.11159 0.02187 
 2455395.361532 14.05305 0.02237 
 2455395.373231 14.10772 0.02063 
 2455395.385046 14.14590 0.02062 
 2455395.396759 14.07110 0.02186 
 2455395.406245 14.09404 0.02108 
 2455395.417943 14.07522 0.02183 
 2455396.332353 14.13263 0.02626 
 2455396.339842 14.08292 0.02850 
 2455396.347324 14.06676 0.02835 
 2455396.356872 14.13426 0.02765 
 2455396.368596 14.08795 0.02598 
 2455396.380323 14.11518 0.02821 
 2455396.392054 14.10514 0.02813 
 2455396.401515 14.11673 0.02691 
 2455396.413226 14.07189 0.02820 
 2455396.427023 14.09981 0.02789 
 2455406.295583 14.08835 0.04019 
 2455406.316608 14.10770 0.04423 
 2455406.332461 14.18736 0.04206 
 2455406.346250 14.04538 0.04651 
 2455406.357819 14.08981 0.04445 
 2455406.367128 14.20997 0.04605 
 2455406.378656 14.18885 0.04655 
 2455408.306418 14.08089 0.02155 
 2455408.320218 14.11252 0.01995 
 2455408.336158 14.10123 0.02188 
 2455408.349860 14.06191 0.02610 
 2455408.363728 14.14444 0.02943 
 2455409.306608 14.06276 0.01940 
 2455409.322486 14.11412 0.01859 
 2455409.338441 14.11656 0.01943 
 2455409.352160 14.04650 0.02086 
 2455409.363660 14.05697 0.01947 
 2455409.377370 14.08433 0.02300 
 2455409.391080 14.10888 0.02537 
 2455410.302304 14.07952 0.01966 
 2455410.316105 14.07538 0.01862 
 2455410.332046 14.15367 0.01860 
 2455410.345779 14.06551 0.01964 
 2455410.357275 14.09510 0.01860 
 2455410.371006 14.10708 0.01860 
 2455410.386775 14.08461 0.01825 
 2455411.281706 14.23987 0.02137 
 2455411.302769 14.21072 0.01943 
 2455411.318638 14.30028 0.01988 
 2455411.334578 14.24997 0.01910 
 2455411.348307 14.26471 0.01903 
 2455411.359813 14.26592 0.01927 
 2455411.373542 14.26293 0.01928 
 2455411.387264 14.26007 0.01972 
 2455412.289665 14.11583 0.01743 
 2455412.303503 14.12167 0.01647 
 2455412.319431 14.13021 0.01625 
 2455412.335508 14.10156 0.01691 
 2455412.349290 14.12193 0.01621 
 2455412.360849 14.14065 0.01719 
 2455412.374678 14.12961 0.01743 
 2455413.292016 14.09652 0.02081 
 2455413.305856 14.14289 0.01997 
 2455413.321864 14.08254 0.02023 
 2455413.335642 14.12461 0.02046 
 2455413.349599 14.11400 0.02143 
 2455413.361231 14.10985 0.02128 
 2455413.377101 14.08143 0.01979 
 2455415.288948 14.07516 0.02046 
 2455415.302752 14.11985 0.02009 
 2455415.318689 14.06501 0.02109 
 2455415.332404 14.08500 0.01969 
 2455415.343889 14.09926 0.01955 
 2455415.357615 14.08706 0.01919 
 2455415.373398 14.06000 0.02003 
 2455416.268050 14.05841 0.02035 
 2455416.289085 14.07850 0.01962 
 2455416.304961 14.12003 0.01843 
 2455416.320895 14.08158 0.01896 
 2455416.334613 14.08669 0.01850 
 2455416.346106 14.08866 0.01786 
 2455416.359823 14.10957 0.01792 
 2455416.373545 14.10258 0.01933 
 2455418.281496 14.13045 0.01698 
 2455418.295389 14.09698 0.01724 
 2455418.311407 14.09595 0.01636 
 2455418.325274 14.17140 0.01711 
 2455418.336917 14.09991 0.01779 
 2455418.350783 14.14079 0.01736 
 2455419.278984 14.12102 0.01611 
 2455419.292847 14.09210 0.01612 
 2455419.308852 14.10662 0.01673 
 2455419.322681 14.10964 0.01600 
 2455419.334342 14.09209 0.01572 
 2455419.348195 14.10918 0.01609 
 2455419.364161 14.12713 0.01610 
 2455421.264166 14.08101 0.01866 
 2455421.275809 14.11424 0.01759 
 2455421.287452 14.10593 0.01654 
 2455421.301229 14.08261 0.01628 
 2455421.315004 14.07241 0.01755 
 2455421.326563 14.10576 0.02839 
 2455421.340418 14.09303 0.05528 
 2455422.259975 14.21033 0.01855 
 2455422.267472 14.26349 0.01802 
 2455422.274958 14.26195 0.01716 
 2455422.282453 14.24035 0.01817 
 2455422.294178 14.21490 0.01786 
 2455422.305908 14.24972 0.01683 
 2455422.317659 14.29172 0.01787 
 2455422.327190 14.23701 0.01909 
 2455422.338915 14.23066 0.01812 
 2455422.352711 14.21868 0.01771 
 2455423.248423 14.08111 0.02071 
 2455423.260478 14.08394 0.02475 
 2455423.267963 14.12162 0.02174 
 2455423.275465 14.11407 0.02137 
 2455423.285031 14.13904 0.02185 
 2455423.296737 14.09001 0.02057 
 2455423.308452 14.11470 0.01992 
 2455423.320181 14.15449 0.02076 
 2455423.329660 14.10182 0.01947 
 2455423.341405 14.10758 0.02066 
 2455437.243273 14.11233 0.01963 
 2455437.259373 14.08437 0.01917 
 2455437.273241 14.09365 0.01915 
 2455437.284816 14.11397 0.01865 
 2455437.298695 14.08847 0.01930 
 2455437.314649 14.12611 0.01942 
 2455438.245960 14.10998 0.02121 
 2455438.262036 14.13035 0.01968 
 2455438.275822 14.06400 0.01922 
 2455438.287403 14.11319 0.01936 
 2455438.301208 14.07584 0.01965 
 2455441.252631 14.18002 0.02079 
 2455441.266384 14.16943 0.02029 
 2455441.277910 14.18489 0.02020 
 2455441.291649 14.23144 0.02029 
 2455441.305382 14.24422 0.02058 
 2455442.251458 14.10695 0.02101 
 2455442.265192 14.14084 0.02001 
 2455442.276699 14.08623 0.02008 
 2455442.290443 14.07962 0.02024 
 2455443.252269 14.08457 0.02987 
 2455443.277671 14.03220 0.03301 
 2455443.293468 14.09626 0.02220 
 2455444.252442 14.29901 0.02124 
 2455444.263948 14.25350 0.01991 
 2455444.277668 14.23869 0.02128 
 2455444.293457 14.23397 0.02016 
 2455446.248365 14.15022 0.02081 
 2455449.252498 14.09970 0.02287 
 2455449.266265 14.10496 0.02375 
 2455449.282063 14.10467 0.02230 
 2455450.255411 14.10449 0.02402 
 2455450.267078 14.10188 0.02191 
 2455450.280834 14.09543 0.02246 
 2455459.246665 14.05523 0.03528 
 2455648.639959 14.11302 0.02490 
 2455648.648931 14.05343 0.02425 
 2455648.657782 14.13896 0.02968 
 2455649.638299 14.11262 0.02278 
 2455649.647164 14.11118 0.02375 
 2455649.656008 14.11116 0.02743 
 2455650.634154 14.08046 0.02273 
 2455650.646145 14.08337 0.02208 
 2455650.654988 14.10695 0.02406 
 2455654.632482 14.12206 0.01755 
 2455654.646500 14.03542 0.02240 
 2455654.653202 14.11809 0.02197 
 2455654.657637 14.14029 0.02354 
 2455655.628485 14.05924 0.02117 
 2455655.642513 14.07580 0.02135 
 2455655.649191 14.07437 0.02130 
 2455655.653605 14.07411 0.02149 
 2455655.658040 14.10042 0.02466 
 2455656.626247 14.06249 0.02391 
 2455656.640280 14.05343 0.02327 
 2455656.646971 14.10234 0.02345 
 2455656.651563 14.08386 0.02322 
 2455656.655992 14.07375 0.02410 
 2455656.660417 14.09298 0.02626 
 2455657.623036 14.25183 0.02045 
 2455657.637037 14.24969 0.02003 
 2455657.653252 14.24669 0.01982 
 2455657.657672 14.27041 0.01992 
 2455657.662094 14.22652 0.02431 
 2455659.631138 14.05965 0.02238 
 2455659.647355 14.12233 0.02224 
 2455659.651776 14.18086 0.02140 
 2455659.656214 14.12615 0.02224 
 2455659.660638 14.11826 0.02567 
 2455660.624491 14.09896 0.01329 
 2455660.640677 14.10359 0.02794 
 2455660.654694 14.14784 0.02322 
 2455660.659145 14.16395 0.02391 
 2455661.611559 14.06762 0.02158 
 2455661.625614 14.09310 0.02237 
 2455661.641912 14.12615 0.02382 
 2455661.655931 14.08617 0.02472 
 2455661.660383 14.15321 0.02687 
 2455664.644775 14.09973 0.02390 
 2455664.649188 14.11658 0.02326 
 2455664.653640 14.10952 0.02475 
 2455664.660526 14.05334 0.02612 
 2455666.598197 14.07579 0.02381 
 2455666.612141 14.10521 0.02383 
 2455666.628204 14.10894 0.02342 
 2455666.642045 14.08604 0.02210 
 2455682.554146 14.09382 0.02510 
 2455682.568167 14.09729 0.02334 
 2455682.584443 14.11797 0.02364 
 2455682.598354 14.12126 0.02403 
 2455682.612445 14.09240 0.02468 
 2455682.624083 14.11373 0.02788 
 2455682.640089 14.11855 0.02645 
 2455692.510828 14.13822 0.02159 
 2455692.532257 14.06043 0.02439 
 2455692.548349 14.07099 0.02452 
 2455692.564527 14.09963 0.02451 
 2455692.578433 14.08709 0.02637 
 2455692.590093 14.09891 0.02615 
 2455692.604007 14.12330 0.02689 
 2455692.620072 14.11881 0.03054 
 2455693.525982 14.09357 0.02325 
 2455693.540046 14.03251 0.02326 
 2455693.556282 14.07503 0.02309 
 2455693.570225 14.08220 0.02282 
 2455693.581878 14.09912 0.02357 
 2455693.595785 14.10704 0.02478 
 2455693.611813 14.09128 0.02518 
 2455694.517727 14.11971 0.02537 
 2455694.531772 14.09643 0.02232 
 2455694.547893 14.09412 0.02300 
 2455694.561851 14.09253 0.02470 
 2455694.575800 14.10952 0.02492 
 2455694.587453 14.16362 0.02618 
 2455694.601374 14.09417 0.02519 
 2455695.501917 14.09726 0.03091 
 2455695.521091 14.11725 0.03009 
 2455695.532828 14.14972 0.02938 
 2455695.546746 14.10266 0.02725 
 2455695.560664 14.06108 0.02537 
 2455695.574787 14.10559 0.02249 
 2455695.586503 14.12634 0.02295 
 2455695.602604 14.12353 0.02251 
 2455713.527870 14.12089 0.01937 
 2455713.582092 14.14851 0.02111 
 2455714.449787 14.11217 0.01817 
 2455714.471194 14.08421 0.01897 
 2455714.487327 14.08375 0.01921 
 2455714.503575 14.09962 0.01978 
 2455714.517574 14.10727 0.02050 
 2455714.529258 14.10152 0.01993 
 2455714.543228 14.11357 0.02075 
 2455714.557256 14.10498 0.02066 
 2455715.447327 14.08468 0.01870 
 2455715.468660 14.07656 0.01963 
 2455715.484787 14.07977 0.01674 
 2455715.500988 14.07062 0.01912 
 2455715.514914 14.11281 0.01857 
 2455715.526627 14.13187 0.02585 
 2455715.540600 14.09856 0.01913 
 2455715.554554 14.10165 0.02085 
 2455717.457667 14.10514 0.02041 
 2455717.471778 14.04819 0.02070 
 2455717.488171 14.08490 0.02110 
 2455717.502124 14.11020 0.02061 
 2455717.516187 14.11331 0.01904 
 2455719.438440 14.10506 0.02050 
 2455719.459801 14.09132 0.02098 
 2455719.475912 14.04342 0.02140 
 2455719.492094 14.06179 0.01998 
 2455719.506047 14.15518 0.01941 
 2455719.517773 14.13012 0.02000 
 2455719.531755 14.10369 0.02084 
 2455731.405430 14.09293 0.03498 
 2455731.416704 14.10651 0.03624 
 2455731.425774 14.04995 0.03522 
 2455731.446479 14.17182 0.03494 
 2455731.451059 14.12298 0.03381 
 2455731.455665 14.17068 0.03481 
 2455731.460254 14.26996 0.03503 
 2455731.464854 14.16916 0.03493 
 2455731.469460 14.13704 0.03457 
 2455731.474055 14.15805 0.03372 
 2455731.478645 14.22573 0.03428 
 2455731.483229 14.18636 0.03353 
 2455731.487935 14.21721 0.03525 
 2455731.490276 14.17464 0.03561 
 2455731.492566 14.24560 0.03430 
 2455733.417815 14.07832 0.02533 
 2455733.431851 14.05867 0.02443 
 2455733.445907 14.10587 0.02459 
 2455733.457722 14.15227 0.02398 
 2455733.469673 14.11155 0.02531 
 2455733.479153 14.10054 0.02582 
 2455733.490920 14.09596 0.02564 
 2455733.502706 14.12578 0.02665 
 2455734.415549 14.22348 0.02246 
 2455734.429591 14.22380 0.02320 
 2455734.443666 14.16503 0.02394 
 2455734.455480 14.23639 0.02628 
 2455734.467436 14.10927 0.02647 
 2455734.476936 14.14358 0.02523 
 2455734.488672 14.18880 0.02702 
 2455734.500434 14.08694 0.02354 
 2455739.400476 14.05156 0.01681 
 2455739.414551 14.07834 0.01778 
 2455739.430813 14.09094 0.01944 
 2455740.398204 14.08469 0.01906 
 2455740.412275 14.09638 0.02034 
 2455740.428527 14.09246 0.01945 
 2455740.442565 14.13710 0.01960 
 2455740.454342 14.12100 0.02010 
 2455740.468359 14.09605 0.02222 
 2455740.484498 14.07417 0.02393 
 2455743.370475 14.10190 0.01495 
 2455743.523383 14.11619 0.01673 
 2455744.370168 14.08232 0.01555 
 2455744.391593 14.07697 0.01636 
 2455744.407816 14.06771 0.01592 
 2455744.424058 14.07327 0.01584 
 2455744.438056 14.11672 0.01534 
 2455744.449811 14.12301 0.01579 
 2455744.463846 14.10770 0.01628 
 2455749.435748 14.08790 0.02000 
 2455749.449691 14.12967 0.02014 
 2455751.350770 14.15976 0.02764 
 2455751.362915 14.11056 0.02642 
 2455751.370543 14.06055 0.02557 
 2455751.378176 14.07876 0.02522 
 2455751.387879 14.09178 0.02502 
 2455751.399777 14.08311 0.02530 
 2455751.411674 14.13560 0.02608 
 2455751.423587 14.14554 0.02663 
 2455751.433243 14.09805 0.02448 
 2455751.445116 14.11466 0.02653 
 2455761.338303 14.07609 0.02846 
 2455761.352629 14.07174 0.02953 
 2455761.367121 14.08495 0.02904 
 2455761.379123 14.09091 0.03278 
 2455761.391259 14.16224 0.03148 
 2455761.400961 14.16062 0.03090 
 2455761.413000 14.10707 0.02923 
 2455761.425018 14.08437 0.02972 
 2455762.320175 14.12998 0.01956 
 2455762.341780 14.09831 0.02049 
 2455762.358121 14.08900 0.02496 
 2455762.374647 14.08382 0.02683 
 2455762.388731 14.12677 0.02549 
 2455762.400516 14.12239 0.02584 
 2455762.414583 14.12815 0.02669 
 2455763.333662 14.05141 0.01962 
 2455763.347807 14.07678 0.01950 
 2455763.364185 14.07222 0.01955 
 2455763.378355 14.12903 0.02006 
 2455763.390148 14.11971 0.02235 
 2455763.404213 14.12373 0.02276 
 2455763.420427 14.09437 0.02552 
 2455764.330163 14.14539 0.01769 
 2455764.344341 14.14727 0.01776 
 2455764.360877 14.23524 0.01746 
 2455764.374975 14.31182 0.01774 
 2455764.389206 14.25184 0.01769 
 2455764.401061 14.22704 0.01695 
 2455764.417394 14.23416 0.01945 
 2455765.331747 14.07473 0.01820 
 2455765.348080 14.08420 0.01725 
 2455765.364434 14.10294 0.01772 
 2455765.378501 14.08840 0.01735 
 2455765.390313 14.08727 0.01785 
 2455765.404388 14.10280 0.01895 
 2455765.418556 14.12256 0.01850 
 2455772.293695 14.07534 0.01921 
 2455772.314930 14.08149 0.01880 
 2455772.330965 14.10394 0.02016 
 2455772.347062 14.13018 0.01967 
 2455772.360920 14.11159 0.01951 
 2455772.372563 14.12268 0.02049 
 2455772.386396 14.10375 0.01936 
 2455773.307406 14.07133 0.01986 
 2455773.321334 14.01783 0.02070 
 2455773.337396 14.06323 0.02069 
 2455773.351227 14.13220 0.02213 
 2455773.362841 14.08408 0.02234 
 2455773.376798 14.09233 0.02096 
 2455773.392811 14.06644 0.01990 
 2455774.304505 14.05062 0.02027 
 2455774.318465 14.07507 0.01937 
 2455774.334572 14.10739 0.01938 
 2455774.348431 14.07388 0.01975 
 2455774.360052 14.08881 0.01955 
 2455774.373927 14.13043 0.01977 
 2455774.389842 14.10723 0.01936 
 2455775.297122 14.25617 0.01978 
 2455775.311056 14.22250 0.01821 
 2455775.329297 14.23133 0.01765 
 2455775.343133 14.23870 0.01832 
 2455775.357199 14.22716 0.01831 
 2455775.368829 14.27633 0.01991 
 2455775.384858 14.21996 0.01905 
 2455776.280353 14.11313 0.02184 
 2455776.299449 14.08758 0.02147 
 2455776.311144 14.07073 0.02072 
 2455776.325035 14.10864 0.02046 
 2455776.338876 14.10873 0.02004 
 2455776.352728 14.14236 0.02169 
 2455776.378214 14.09241 0.01613 
 2455777.280406 14.07993 0.02399 
 2455777.299530 14.06433 0.02407 
 2455777.311187 14.08410 0.02242 
 2455777.338829 14.08475 0.01993 
 2455777.352770 14.08593 0.02002 
 2455777.364322 14.09436 0.02039 
 2455777.380218 14.05966 0.02012 
 2455787.266370 14.15133 0.04249 
 2455787.280525 14.10899 0.04422 
 2455787.292576 14.10731 0.04274 
 2455788.264706 14.08396 0.03513 
 2455788.278672 14.12470 0.03533 
 2455788.292621 14.04096 0.03550 
 2455788.304303 14.07260 0.03558 
 2455788.315957 14.06129 0.03643 
 2455788.325355 14.08473 0.03556 
 2455788.336963 14.16770 0.03737 
 2455788.350653 14.11004 0.03625 
 2455790.244673 14.09566 0.02079 
 2455790.265783 14.06719 0.01927 
 2455790.281757 14.07857 0.01961 
 2455790.297798 14.06237 0.02625 
 2455790.311605 14.06770 0.02801 
 2455790.323147 14.10641 0.02904 
 2455790.336945 14.05942 0.02964 
 2455791.255500 14.11974 0.02105 
 2455791.269657 14.07487 0.02040 
 2455791.300122 14.15035 0.02179 
 2455791.314429 14.12869 0.01562 
 2455791.326268 14.09122 0.01953 
 2455791.342468 14.11384 0.02498 
 2455793.321651 14.12459 0.01868 
 2455793.337839 14.12335 0.02018 
 2455794.232654 14.07920 0.02332 
 2455794.254199 14.07427 0.02191 
 2455794.270532 14.08293 0.02241 
 2455794.286906 14.05689 0.02256 
 2455794.300979 14.13772 0.02174 
 2455794.312792 14.13361 0.02197 
 2455794.326871 14.12812 0.02086 
 2455798.234754 14.14214 0.02130 
 2455798.236921 14.12050 0.02095 
 2455798.239081 14.12851 0.02086 
 2455798.241246 14.10090 0.02149 
 2455798.243420 14.14647 0.02164 
 2455798.245590 14.11579 0.02148 
 2455798.247750 14.16243 0.02125 
 2455798.249909 14.15730 0.02252 
 2455798.252071 14.13585 0.02451 
 2455798.254232 14.15514 0.02204 
 2455798.256388 14.08139 0.02118 
 2455798.258560 14.14651 0.05126 
 2455798.260747 14.17667 0.02405 
 2455798.262935 14.13754 0.02177 
 2455798.265092 14.13176 0.02303 
 2455798.267248 14.11335 0.01992 
 2455798.275917 14.09545 0.02074 
 2455798.282428 14.06978 0.03079 
 2455798.284587 14.11864 0.01837 
 2455798.286763 14.09319 0.01935 
 2455798.291089 14.15115 0.01931 
 2455798.293266 14.07254 0.01688 
 2455799.234275 14.12863 0.01898 
 2455799.236443 14.10620 0.01899 
 2455799.238600 14.11315 0.01905 
 2455799.240773 14.12304 0.01926 
 2455799.242938 14.10870 0.01780 
 2455799.245111 14.09376 0.01817 
 2455799.247278 14.10184 0.01834 
 2455799.249439 14.11338 0.01824 
 2455799.251620 14.11271 0.01850 
 2455799.253787 14.10781 0.01829 
 2455799.255963 14.05850 0.01890 
 2455799.258138 14.09179 0.01883 
 2455799.260316 14.14053 0.01993 
 2455799.262490 14.12143 0.01934 
 2455799.264672 14.08931 0.01962 
 2455799.266837 14.12880 0.01910 
 2455799.269005 14.11735 0.02061 
 2455799.271175 14.13310 0.01974 
 2455799.273351 14.08554 0.01898 
 2455799.275526 14.08750 0.01963 
 2455799.277694 14.13095 0.01929 
 2455799.279874 14.13021 0.01914 
 2455799.282036 14.14443 0.01864 
 2455799.284197 14.12081 0.01979 
 2455799.286378 14.10932 0.01933 
 2455799.288575 14.13419 0.01913 
 2455799.290751 14.11677 0.01877 
 2455799.292909 14.10410 0.01929 
 2455799.295074 14.12657 0.02050 
 2455799.297253 14.10483 0.02013 
 2455799.299410 14.11472 0.01958 
 2455799.301576 14.09373 0.02009 
 2455799.303744 14.10736 0.01998 
 2455799.305937 14.09206 0.01973 
 2455799.308118 14.10573 0.01971 
 2455799.310287 14.10267 0.01867 
 2455799.312449 14.11585 0.01886 
 2455799.314618 14.12665 0.01929 
 2455803.236417 14.24224 0.03262 
 2455803.238595 14.13581 0.01805 
 2455803.240763 14.15383 0.02624 
 2455803.242930 14.14069 0.02400 
 2455803.245106 14.14179 0.01931 
 2455803.247281 14.15808 0.03203 
 2455803.249452 14.11487 0.02025 
 2455803.298839 14.17264 0.02117 
 2455803.301061 14.18139 0.02302 
 2455803.303234 14.17022 0.02069 
 2455803.307301 14.11566 0.02100 
 2455804.247219 14.16738 0.02695 
 2455804.249394 14.09980 0.02331 
 2455804.251566 14.09749 0.02198 
 2455804.253735 14.14456 0.02376 
 2455804.255911 14.13578 0.02235 
 2455804.258080 14.11974 0.02153 
 2455804.260242 14.08855 0.02369 
 2455804.262418 14.12281 0.02161 
 2455804.264582 14.15155 0.02340 
 2455804.266749 14.12962 0.02329 
 2455804.268915 14.14406 0.02197 
 2455804.271108 14.11512 0.02393 
 2455804.273289 14.09325 0.02481 
 2455804.282308 14.11510 0.02075 
 2455804.289618 14.12824 0.02068 
 2455804.305721 14.09549 0.02467 
 2455805.241457 14.13737 0.02229 
 2455805.248758 14.12309 0.02266 
 2455805.256034 14.10209 0.02249 
 2455805.263320 14.10269 0.02193 
 2455805.270615 14.10327 0.02082 
 2455805.277946 14.09028 0.02128 
 2455805.285273 14.12470 0.02245 
 2455805.292581 14.12210 0.02296 
 2455805.302029 14.15343 0.02129 
 2455813.244185 14.07769 0.04276 
 2455815.248917 14.14763 0.04491 
 2455815.258356 14.12766 0.04595 
 2455815.267785 14.01196 0.04179 
 2455815.277232 14.21160 0.04883 
 2455818.249355 14.20218 0.03010 
 2455818.258774 14.10477 0.03472 
 2455820.249612 14.12462 0.02151 
 2455820.259110 14.13388 0.02267 
 2455821.251840 14.12082 0.02126 
 2455821.261305 14.14923 0.02294 
 2456006.654681 14.10515 0.03104 
 2456007.651485 14.13827 0.02666 
 2456007.653626 14.12182 0.02919 
 2456012.634182 14.15711 0.02103 
 2456012.639531 14.12402 0.02270 
 2456012.646316 14.14985 0.02343 
 2456012.648472 14.18335 0.02258 
 2456012.655209 14.13335 0.02611 
 2456013.631068 14.30932 0.02181 
 2456015.628496 14.12194 0.02319 
 2456015.633908 14.12056 0.02207 
 2456015.640721 14.10337 0.02232 
 2456015.643026 14.10605 0.02276 
 2456015.649827 14.04160 0.02438 
 2456015.651989 14.10381 0.02304 
 2456018.617157 14.17687 0.02037 
 2456018.622515 14.12943 0.02084 
 2456018.629246 14.13879 0.02207 
 2456018.634623 14.10558 0.02079 
 2456018.641364 14.12934 0.02127 
 2456018.643505 14.13371 0.02139 
 2456018.650196 14.11260 0.02190 
 2456018.652315 14.12157 0.02158 
 2456018.656777 14.15380 0.02391 
 2456018.658916 14.11310 0.02615 
 2456018.663376 14.14822 0.03655 
 2456019.617292 14.11939 0.02301 
 2456019.622702 14.13934 0.02305 
 2456019.629628 14.14299 0.02312 
 2456019.635038 14.08092 0.02354 
 2456019.641816 14.14185 0.02326 
 2456020.614936 14.07890 0.02501 
 2456020.620258 14.15652 0.02532 
 2456020.627003 14.08601 0.02387 
 2456020.632335 14.13589 0.02371 
 2456020.639065 14.11361 0.02514 
 2456020.646511 14.12856 0.02404 
 2456020.650948 14.11115 0.02372 
 2456020.653066 14.11596 0.02414 
 2456020.657493 14.12633 0.02627 
 2456020.659606 14.15732 0.02897 
 2456020.664043 14.10874 0.03854 
 2456021.609308 14.19139 0.02553 
 2456021.614607 14.19029 0.02538 
 2456021.621359 14.17377 0.02472 
 2456021.626685 14.19573 0.02417 
 2456021.633425 14.18238 0.02369 
 2456021.640840 14.23435 0.02351 
 2456021.645311 14.17804 0.02383 
 2456021.647437 14.20536 0.02318 
 2456021.651858 14.24200 0.02353 
 2456021.653977 14.20932 0.02455 
 2456021.658381 14.23010 0.02682 
 2456021.660504 14.17370 0.02792 
 2456021.664929 14.22888 0.04236 
 2456131.314346 14.27428 0.01778 
 2456131.324327 14.24562 0.01609 
 2456132.315566 14.14792 0.01897 
 2456132.320040 14.10444 0.01860 
 2456132.330004 14.13305 0.01734 
 2456132.334461 14.09801 0.02249 
 2456132.348743 14.12218 0.01856 
 2456132.353210 14.13273 0.01613 
 2456132.369642 14.04183 0.02661 
 2456132.374082 14.07849 0.01630 
 2456132.388351 14.12918 0.01652 
 2456132.392813 14.12606 0.01748 
 2456133.309828 14.14549 0.02054 
 2456133.311989 14.12268 0.02014 
 2456133.321952 14.13914 0.01943 
 2456133.324123 14.11792 0.01993 
 2456133.336335 14.16131 0.02028 
 2456133.338522 14.14130 0.02058 
 2456133.355062 14.16665 0.02010 
 2456133.357234 14.14407 0.01904 
 2456133.374487 14.13313 0.01910 
 2456133.378948 14.13044 0.01916 
 2456133.393221 14.14926 0.01882 
 2456133.397669 14.15806 0.01842 
 2456134.304639 14.17739 0.02448 
 2456134.306808 14.18720 0.02333 
 2456134.316787 14.14737 0.02229 
 2456134.318957 14.13049 0.02214 
 2456134.328946 14.14713 0.02279 
 2456134.347637 14.15719 0.02232 
 2456134.349821 14.12331 0.03005 
 2456134.366323 14.17509 0.02109 
 2456134.370806 14.09501 0.02358 
 2456143.280085 14.08563 0.03474 
 2456143.286821 14.06142 0.03473 
 2456143.296838 14.18264 0.03449 
 2456143.303567 14.11798 0.03407 
 2456143.315801 14.04974 0.03593 
 2456143.320263 14.13418 0.03658 
 2456143.332498 14.10026 0.03588 
 2456143.336979 14.13836 0.03539 
 2456143.346823 14.11666 0.03638 
 2456143.353589 14.09809 0.03706 
 2456143.363383 14.14432 0.03875 
 2456143.367847 14.14699 0.03648 
 2456149.267364 14.08254 0.01896 
 2456149.277378 14.09699 0.01845 
 2456149.284178 14.11228 0.01823 
 2456149.298545 14.09595 0.01757 
 2456149.303031 14.05968 0.01762 
 2456149.319584 14.13432 0.01629 
 2456149.324070 14.07309 0.01770 
 2456149.336144 14.06300 0.01823 
 2456149.342913 14.11743 0.01737 
 2456157.248971 14.13746 0.01968 
 2456157.255704 14.11622 0.01974 
 2456157.265682 14.09208 0.01947 
 2456157.272404 14.11834 0.01932 
 2456157.288925 14.09388 0.01905 
 2456157.293409 14.12046 0.01942 
 2456157.307752 14.11609 0.01865 
 2456157.314497 14.17711 0.01840 
 2456157.328789 14.12270 0.01832 
 2456157.333291 14.13911 0.01800 
 2456158.242581 14.12243 0.01995 
 2456158.249327 14.08972 0.02052 
 2456158.259335 14.11211 0.02022 
 2456158.266061 14.13951 0.02061 
 2456158.282569 14.10830 0.01933 
 2456158.287048 14.06775 0.01911 
 2456158.304320 14.14225 0.01845 
 2456158.311040 14.14119 0.01753 
 2456158.325323 14.11602 0.01729 
 2456158.329786 14.10772 0.01711 
 2456161.281202 14.26783 0.01890 
 2456161.297623 14.25062 0.01875 
 2456161.302067 14.29413 0.01933 
 2456161.316328 14.28082 0.01905 
 2456161.320797 14.26599 0.01870 
 2456170.253909 14.11666 0.04061 
 2456170.258313 14.10309 0.04126 
 2456173.264361 14.13150 0.02336 
 2456173.271038 14.06654 0.02457 
 2456173.285185 14.07705 0.02989 
 2456173.289606 14.17110 0.02809 
 2456176.252850 14.11886 0.02028 
 2456176.259564 14.09021 0.01976 
 2456176.273738 14.09045 0.01934 
 2456176.278157 14.11779 0.01962 
 2456177.260360 14.13859 0.02038 
 2456177.267045 14.08255 0.02055 
 2456178.258611 14.09131 0.02137 
 2456178.265321 14.11482 0.02148 
 2456182.259261 14.11305 0.02092 
 2456182.263674 14.14848 0.02031 
 2456183.251444 14.27855 0.01977 
 2456183.255859 14.26473 0.01997 
 2456185.253358 14.13829 0.02021 
 2456185.257858 14.12697 0.02005 
 2456372.654489 14.03760 0.02987 
 2456373.651952 14.13769 0.02313 
 2456373.654075 14.13681 0.02654 
 2456374.646500 14.13317 0.02177 
 2456374.653227 14.16821 0.02390 
 2456388.612135 14.23734 0.01973 
 2456388.622110 14.26917 0.01898 
 2456388.628841 14.25772 0.01937 
 2456388.638865 14.25807 0.01889 
 2456388.643342 14.26090 0.01939 
 2456388.645484 14.25855 0.01972 
 2456388.649937 14.18440 0.02061 
 2456388.656523 14.27886 0.02770 
 2456388.658649 14.31023 0.02212 
 2456389.605439 14.16966 0.03142 
 2456389.612192 14.14381 0.02198 
 2456389.622222 14.12417 0.03137 
 2456389.628981 14.12846 0.02047 
 2456389.641227 14.08244 0.02712 
 2456389.645693 14.11449 0.02404 
 2456389.647825 14.12372 0.02877 
 2456389.652271 14.13334 0.02531 
 2456389.654412 14.15346 0.02166 
 2456389.658872 14.12331 0.02117 
 2456423.510861 14.10741 0.02077 
 2456423.516221 14.08035 0.02070 
 2456423.522930 14.09151 0.02035 
 2456423.535081 14.08238 0.02136 
 2456423.541810 14.12186 0.02124 
 2456423.560538 14.10906 0.02123 
 2456423.564990 14.12652 0.02140 
 2456423.579253 14.11316 0.02333 
 2456423.588269 14.11799 0.02487 
 2456423.602529 14.09120 0.02524 
 2456424.507683 14.10656 0.02096 
 2456424.519768 14.07966 0.02254 
 2456424.526474 14.08235 0.02278 
 2456424.540909 14.11963 0.02183 
 2456424.545362 14.09713 0.02202 
 2456424.564080 14.08077 0.02190 
 2456424.568536 14.11865 0.02179 
 2456424.582831 14.09569 0.02328 
 2456424.591884 14.09789 0.02453 
 2456425.512593 14.13254 0.02202 
 2456425.519336 14.14219 0.02228 
 2456425.531443 14.12698 0.02308 
 2456425.538155 14.15190 0.02247 
 2456425.556841 14.16350 0.02290 
 2456425.561280 14.10737 0.02327 
 2456425.575552 14.16340 0.02682 
 2456425.584581 14.10889 0.02608 
 2456425.601032 14.11081 0.02669 
 2456427.504171 14.15194 0.02284 
 2456427.510967 14.13164 0.02242 
 2456427.523130 14.11947 0.02459 
 2456427.529843 14.10767 0.02454 
 2456427.548559 14.12383 0.02365 
 2456427.553005 14.10666 0.02326 
 2456427.570286 14.13413 0.02272 
 2456427.579375 14.14629 0.02455 
 2456427.595949 14.15053 0.02280 
 2456428.497945 14.11410 0.02274 
 2456428.503371 14.09255 0.02242 
 2456428.510164 14.09631 0.02289 
 2456428.522528 14.13186 0.02244 
 2456428.531583 14.08459 0.02356 
 2456428.548084 14.11307 0.02344 
 2456428.554810 14.11860 0.02299 
 2456428.569048 14.09962 0.02385 
 2456428.578064 14.07851 0.02511 
 2456431.493365 14.14394 0.01836 
 2456431.500100 14.16453 0.01913 
 2456431.512319 14.13198 0.01854 
 2456431.521311 14.15404 0.02521 
 2456431.544594 14.13244 0.01194 
 2456431.570750 14.16663 0.01879 
 2456431.577485 14.13104 0.02038 
 2456432.491622 14.18570 0.02640 
 2456432.498367 14.18668 0.02517 
 2456432.510662 14.20153 0.02263 
 2456432.519660 14.15783 0.02269 
 2456432.548155 14.14581 0.02212 
 2456433.487901 14.06675 0.03526 
 2456433.492375 14.11977 0.03386 
 2456433.504701 14.01553 0.03252 
 2456433.511435 14.11375 0.03144 
 2456433.527924 14.15430 0.02756 
 2456433.534652 14.10410 0.02522 
 2456433.551947 14.12275 0.02334 
 2456433.560920 14.12228 0.02346 
 2456433.575197 14.14009 0.02264 
 2456441.459905 14.05188 0.03279 
 2456441.465489 14.05749 0.03193 
 2456441.472242 14.05160 0.03277 
 2456441.477872 14.10072 0.03176 
 2456441.484695 14.11314 0.03134 
 2456441.487073 14.08505 0.03179 
 2456441.496272 14.06807 0.03133 
 2456441.498584 14.08408 0.03172 
 2456441.505464 14.08587 0.03302 
 2456441.508001 14.15731 0.03348 
 2456441.517166 14.09040 0.03337 
 2456441.524099 14.07375 0.03333 
 2456441.526431 14.06712 0.03352 
 2456441.533159 14.06146 0.03442 
 2456441.535529 14.08138 0.03750 
 2456442.463192 14.12441 0.03033 
 2456442.468783 14.14081 0.03155 
 2456442.475516 14.16327 0.03382 
 2456443.549552 14.09788 0.03236 
 2456449.440244 14.14698 0.01997 
 2456449.452468 14.15216 0.02109 
 2456449.459233 14.14518 0.01922 
 2456449.471421 14.14842 0.01967 
 2456449.478118 14.18033 0.02053 
 2456449.494600 14.15084 0.02094 
 2456449.501313 14.09496 0.02084 
 2456449.515557 14.15686 0.02110 
 2456449.524552 14.07921 0.02253 
 2456453.429827 14.14745 0.01255 
 2456453.455347 14.12108 0.02004 
 2456453.464372 14.14845 0.02100 
 2456453.480906 14.11025 0.01988 
 2456453.487708 14.07123 0.01984 
 2456453.501999 14.13779 0.01952 
 2456453.511016 14.10724 0.01866 
 2456454.425030 14.20215 0.01902 
 2456454.437225 14.16972 0.01891 
 2456454.443974 14.16367 0.01853 
 2456454.453964 14.11338 0.02126 
 2456454.463019 14.12731 0.02138 
 2456454.479528 14.16132 0.01903 
 2456454.486250 14.14025 0.01936 
 2456454.500520 14.15919 0.02049 
 2456454.509523 14.10745 0.02182 
 2456455.431421 14.14966 0.01877 
 2456455.438196 14.12240 0.01874 
 2456455.450401 14.13050 0.01919 
 2456455.459370 14.11133 0.01865 
 2456456.419840 14.11178 0.02228 
 2456456.432035 14.12316 0.02065 
 2456456.438757 14.16823 0.02007 
 2456456.456103 14.10911 0.02110 
 2456456.462831 14.09865 0.02074 
 2456456.479242 14.10301 0.01978 
 2456456.485963 14.09974 0.01862 
 2456461.409223 14.10891 0.02625 
 2456461.411415 14.11162 0.02618 
 2456461.423958 14.09928 0.02683 
 2456461.426159 14.12099 0.02631 
 2456461.438510 14.10579 0.02602 
 2456461.443216 14.13198 0.02626 
 2456461.459801 14.11120 0.02737 
 2456461.464548 14.13547 0.02747 
 2456461.479021 14.11180 0.02603 
 2456461.485931 14.12288 0.02363 
 2456461.502564 14.11060 0.02131 
 2456462.402839 14.23214 0.03527 
 2456462.408314 14.24224 0.03408 
 2456462.410487 14.30264 0.03586 
 2456462.422771 14.24623 0.03054 
 2456462.424980 14.38127 0.04477 
 2456462.471541 14.27891 0.03105 
 2456462.478303 14.27170 0.03089 
 2456471.415376 14.12653 0.02765 
 2456471.422077 14.12832 0.02789 
 2456471.434327 14.17915 0.06363 
 2456471.450740 14.10770 0.02550 
 2456471.459677 14.07131 0.03241 
 2456471.469433 14.12410 0.02880 
 2456471.476201 14.10266 0.02869 
 2456475.369710 14.12933 0.01727 
 2456475.375275 14.11171 0.01763 
 2456475.382193 14.11821 0.01754 
 2456475.395021 14.07800 0.02470 
 2456475.409934 14.12965 0.01697 
 2456475.432078 14.10033 0.01936 
 2456475.441568 14.08365 0.01664 
 2456475.456457 14.10559 0.00913 
 2456480.364684 14.08889 0.01890 
 2456480.371439 14.08958 0.01902 
 2456480.386777 14.09460 0.01882 
 2456480.393515 14.10843 0.01956 
 2456480.410094 14.11320 0.01942 
 2456480.416846 14.06729 0.01969 
 2456483.351763 14.14233 0.02182 
 2456483.358556 14.14325 0.02159 
 2456483.371521 14.08734 0.02298 
 2456483.380861 14.11526 0.01902 
 2456483.397780 14.12556 0.02119 
 2456483.404594 14.09820 0.02173 
 2456483.419030 14.12502 0.02039 
 2456483.428110 14.12358 0.02015 
 2456484.348773 14.30009 0.02130 
 2456484.355559 14.32853 0.02140 
 2456484.367876 14.27392 0.02011 
 2456484.376914 14.28745 0.01897 
 2456484.393583 14.30154 0.01898 
 2456484.400354 14.30270 0.02027 
 2456484.414738 14.34524 0.02066 
 2456484.423780 14.25412 0.01963 
 2456484.440378 14.28192 0.01967 
 2456485.346672 14.11097 0.02129 
 2456485.353558 14.07899 0.02083 
 2456485.366023 14.09419 0.01819 
 2456485.375179 14.10905 0.01914 
 2456485.392221 14.11581 0.02022 
 2456485.399058 14.12159 0.02102 
 2456485.413585 14.07508 0.02038 
 2456485.422778 14.09467 0.01916 
 2456486.339590 14.10743 0.01973 
 2456486.345023 14.10039 0.02033 
 2456486.351789 14.14376 0.02280 
 2456486.412672 14.10196 0.02111 
 2456486.421735 14.10529 0.01256 
 2456487.372124 14.16126 0.02018 
 2456487.378905 14.13627 0.02000 
 2456487.395580 14.17079 0.02006 
 2456487.402389 14.13578 0.01969 
 2456498.359241 14.12237 0.03219 
 2456498.365989 14.13940 0.03397 
 2456498.368397 14.15598 0.03363 
 2456498.375123 14.15066 0.03356 
 2456498.377540 14.17875 0.03373 
 2456498.384287 14.18011 0.03322 
 2456498.386665 14.14468 0.03225 
 2456498.391236 14.14130 0.03259 
 2456498.393656 14.07466 0.03340 
 2456500.305545 14.11366 0.01961 
 2456500.314535 14.13682 0.02108 
 2456500.326897 14.13980 0.02326 
 2456503.360745 14.11203 0.02009 
 2456503.369873 14.13613 0.02017 
 2456504.294481 14.16806 0.01910 
 2456504.301284 14.16339 0.01949 
 2456504.313657 14.16982 0.01954 
 2456504.322726 14.16277 0.01765 
 2456504.339334 14.16467 0.02092 
 2456504.346118 14.09802 0.01920 
 2456504.360441 14.15057 0.02082 
 2456504.369461 14.12258 0.01940 
 2456505.291843 14.09125 0.02171 
 2456505.298622 14.13603 0.02078 
 2456505.310943 14.12905 0.02033 
 2456505.320033 14.13961 0.01896 
 2456505.336606 14.15597 0.02081 
 2456505.343364 14.14400 0.01919 
 2456505.357732 14.15168 0.02157 
 2456505.366748 14.11259 0.01949 
 2456506.292147 14.30459 0.01880 
 2456506.298925 14.26742 0.01913 
 2456506.311278 14.30817 0.02082 
 2456506.320291 14.30018 0.01794 
 2456506.336844 14.31503 0.02076 
 2456506.343605 14.30052 0.01873 
 2456506.357928 14.28687 0.02020 
 2456506.366958 14.25057 0.01762 
 2456507.279966 14.14709 0.02149 
 2456507.292191 14.13322 0.02242 
 2456507.298955 14.13393 0.02294 
 2456507.314297 14.06390 0.02240 
 2456507.321173 14.10350 0.01997 
 2456507.337881 14.13722 0.02247 
 2456507.344669 14.11284 0.02017 
 2456507.359010 14.10478 0.02162 
 2456507.368025 14.06927 0.01955 
 2456508.289822 14.11038 0.02122 
 2456508.296618 14.11903 0.02190 
 2456508.311949 14.10824 0.02060 
 2456508.318737 14.11504 0.01863 
 2456508.335384 14.13643 0.02141 
 2456508.342176 14.10493 0.01915 
 2456508.356611 14.09808 0.02190 
 2456508.365662 14.09546 0.01925 
 2456509.279928 14.10855 0.02143 
 2456509.286740 14.16913 0.02304 
 2456509.299085 14.11617 0.02160 
 2456509.308132 14.11441 0.01849 
 2456509.331609 14.12438 0.01908 
 2456509.346065 14.18261 0.02200 
 2456509.355102 14.12615 0.01926 
 2456510.278970 14.09269 0.02116 
 2456510.285765 14.10988 0.02145 
 2456510.298055 14.12646 0.02079 
 2456510.307095 14.12292 0.01870 
 2456510.323684 14.17005 0.02086 
 2456510.330446 14.17453 0.01890 
 2456510.344840 14.16135 0.02168 
 2456510.353909 14.12637 0.01890 
 2456511.275792 14.16698 0.01957 
 2456511.288076 14.13675 0.01997 
 2456511.297150 14.11578 0.01855 
 2456514.263008 14.13146 0.02301 
 2456514.268434 14.12596 0.02212 
 2456514.272945 14.07752 0.02333 
 2456514.285281 14.11755 0.02125 
 2456514.292071 14.09804 0.01821 
 2456514.308684 14.14787 0.01983 
 2456514.315506 14.09692 0.01897 
 2456514.329893 14.15095 0.01906 
 2456514.338973 14.14653 0.01695 
 2456514.353338 14.17270 0.01927 
 2456515.266354 14.12190 0.02034 
 2456515.268649 14.13056 0.01887 
 2456515.280911 14.15792 0.02059 
 2456515.285513 14.13184 0.01868 
 2456515.299988 14.12267 0.02016 
 2456515.304595 14.13108 0.01822 
 2456515.321187 14.12087 0.01938 
 2456515.325805 14.10538 0.01680 
 2456515.340145 14.13304 0.01912 
 2456515.346932 14.12869 0.01686 
 2456524.248227 14.09208 0.04481 
 2456524.263055 14.06678 0.04091 
 2456524.265489 14.11066 0.04088 
 2456524.272249 14.11821 0.04072 
 2456524.274697 14.10184 0.03804 
 2456524.281531 14.08649 0.03854 
 2456524.284053 14.12222 0.03863 
 2456524.290944 14.11694 0.03859 
 2456524.293382 14.13786 0.03882 
 2456524.300172 14.08269 0.04255 
 2456524.302607 14.02837 0.04296 
 2456524.309366 14.10707 0.04335 
 2456524.311835 14.06565 0.04309 
 2456524.318597 14.09180 0.04269 
 2456524.321123 14.06325 0.04360 
 2456524.325733 14.03883 0.04337 
 2456524.328167 14.10054 0.04381 
 2456527.250271 14.12503 0.02523 
 2456527.259436 14.14857 0.02633 
 2456527.276060 14.09803 0.03450 
 2456527.282845 14.10588 0.02956 
 2456527.297250 14.14338 0.03641 
 2456527.306273 14.18065 0.03219 
 2456527.322879 14.14642 0.03902 
 2456528.251711 14.31237 0.02063 
 2456528.260769 14.29870 0.01949 
 2456528.277419 14.31697 0.02080 
 2456528.284215 14.30005 0.01879 
 2456528.298624 14.23162 0.02561 
 2456528.307642 14.24290 0.02496 
 2456529.261134 14.10453 0.01956 
 2456529.277736 14.15199 0.02092 
 2456529.284531 14.14614 0.01872 
 2456529.298947 14.09902 0.02090 
 2456529.308044 14.09365 0.01870 
 2456530.257918 14.12109 0.01676 
 2456530.274631 14.09017 0.02162 
 2456531.254814 14.11978 0.02220 
 2456531.261604 14.11855 0.01952 
 2456531.278326 14.15032 0.02247 
 2456531.285100 14.14531 0.01910 
 2456531.306400 14.13779 0.01969 
 2456532.258738 14.16206 0.02421 
 2456532.265535 14.13277 0.02291 
 2456532.282919 14.16575 0.02272 
 2456532.291926 14.11391 0.01707 
 2456532.308505 14.16527 0.02246 
 2456537.263425 14.13842 0.02073 
 2456537.273019 14.12440 0.01867 
 2456537.288480 14.14032 0.02238 
 2456537.295239 14.10565 0.01981 
 2456538.262550 14.10534 0.02251 
 2456538.271541 14.14705 0.02059 
 2456538.292570 14.11472 0.02106 
 2456539.262023 14.22810 0.02037 
 2456539.270967 14.18807 0.01968 
 2456539.285219 14.18245 0.02321 
 2456541.262664 14.13361 0.02222 
 2456541.273876 14.13323 0.02265 
 2456542.262747 14.17871 0.02227 
 2456542.274032 14.11096 0.02093 
 2456544.265464 14.15245 0.01702 
 2456552.243278 14.11952 0.04046 
 2456552.249985 14.12094 0.03984 
 2456552.252172 14.13663 0.03784 
 2456744.638461 14.12546 0.02349 
 2456744.647833 14.06621 0.02350 
 2456744.650085 14.11655 0.02363 
 2456745.635117 14.19977 0.02164 
 2456745.647849 14.12051 0.02119 
 2456745.659533 14.14226 0.02857 
 2456746.634363 14.16756 0.02339 
 2456746.643641 14.16983 0.02296 
 2456746.645878 14.18404 0.02370 
 2456746.657556 14.16394 0.02806 
 2456747.627606 14.15328 0.02282 
 2456747.636906 14.16178 0.02228 
 2456747.649651 14.15394 0.02122 
 2456747.658980 14.14173 0.02779 
 2456753.615167 14.12190 0.02133 
 2456753.627999 14.12471 0.02137 
 2456753.639726 14.14018 0.02218 
 2456753.657013 14.09515 0.02540 
 2456753.666380 14.18032 0.04366 
 2456755.607357 14.12055 0.02309 
 2456755.616660 14.12257 0.02355 
 2456755.629527 14.12212 0.02386 
 2456755.638924 14.11606 0.02391 
 2456755.656152 14.13214 0.02476 
 2456755.665540 14.12349 0.02898 
 2456756.615496 14.12659 0.02299 
 2456756.624843 14.16844 0.02396 
 2456756.639818 14.12506 0.02271 
 2456756.649204 14.17727 0.02251 
 2456756.651449 14.17912 0.02314 
 2456756.660879 14.15399 0.02650 
 2456756.663130 14.13896 0.02898 
 2456757.601995 14.12728 0.02288 
 2456757.614767 14.13752 0.02227 
 2456757.624059 14.12737 0.02217 
 2456757.641284 14.15698 0.02281 
 2456757.650802 14.15902 0.02261 
 2456757.653032 14.16332 0.02286 
 2456757.662384 14.15199 0.02680 
 2456758.594626 14.13352 0.02179 
 2456758.607408 14.15685 0.02310 
 2456758.616695 14.13610 0.02313 
 2456758.631669 14.17521 0.02265 
 2456758.641050 14.14929 0.02278 
 2456758.658359 14.15650 0.02499 
 2456758.670042 14.19163 0.04929 
 2456759.592700 14.08712 0.02370 
 2456759.605517 14.05103 0.02265 
 2456759.614810 14.04470 0.02298 
 2456759.629738 14.13615 0.02308 
 2456759.639130 14.11408 0.02308 
 2456759.656388 14.10433 0.02276 
 2456759.668065 14.07115 0.03969 
 2456772.561622 14.10157 0.02625 
 2456772.570962 14.13914 0.02463 
 2456772.586869 14.07994 0.02400 
 2456772.596259 14.10238 0.02476 
 2456772.609094 14.13524 0.02453 
 2456772.618447 14.15521 0.02355 
 2456772.628672 14.15540 0.02361 
 2456772.638121 14.15580 0.02313 
 2456772.648361 14.11335 0.02333 
 2456774.556559 14.32365 0.02456 
 2456775.549376 14.13735 0.02575 
 2456775.558685 14.20904 0.02862 
 2456775.571509 14.12962 0.02629 
 2456775.580919 14.13750 0.02680 
 2456775.598159 14.11725 0.02548 
 2456775.607561 14.10335 0.02628 
 2456775.622509 14.10922 0.02722 
 2456775.631997 14.13082 0.02531 
 2456776.550705 14.16715 0.02468 
 2456776.560162 14.12815 0.04848 
 2456776.576114 14.14827 0.02452 
 2456776.585520 14.17965 0.02319 
 2456776.602811 14.21047 0.02132 
 2456776.612349 14.14486 0.02282 
 2456776.627261 14.17878 0.02307 
 2456776.636767 14.16445 0.02316 
 2456778.544138 14.07377 0.02201 
 2456778.557135 14.09179 0.02282 
 2456778.566484 14.12668 0.02251 
 2456778.583824 14.13509 0.02280 
 2456778.593208 14.13678 0.02294 
 2456778.608359 14.11457 0.02422 
 2456778.620128 14.07298 0.02513 
 2456779.542578 14.12782 0.02385 
 2456779.555430 14.10597 0.02304 
 2456779.567284 14.11768 0.02374 
 2456779.584607 14.08138 0.02517 
 2456779.593999 14.12695 0.02498 
 2456779.608971 14.09911 0.02430 
 2456779.620692 14.11897 0.02446 
 2456780.569322 14.16938 0.02556 
 2456780.578703 14.16132 0.02642 
 2456780.595994 14.11195 0.02697 
 2456780.607757 14.10918 0.02661 
 2456780.622830 14.10616 0.02618 
 2456781.529970 14.16933 0.02137 
 2456781.535568 14.13625 0.02020 
 2456781.544870 14.11731 0.02222 
 2456781.557683 14.16730 0.02192 
 2456781.567151 14.17014 0.02164 
 2456781.593809 14.13016 0.02304 
 2456781.608846 14.13891 0.02183 
 2456781.618318 14.12326 0.02182 
 2456783.531885 14.16307 0.02162 
 2456783.544592 14.13537 0.02211 
 2456783.556250 14.14633 0.02115 
 2456783.573416 14.11467 0.02199 
 2456783.582706 14.14688 0.02225 
 2456783.597497 14.14769 0.02184 
 2456783.609105 14.12107 0.02233 
 2456789.516948 14.18059 0.03564 
 2456789.521724 14.12619 0.03526 
 2456789.534357 14.09124 0.03290 
 2456789.541389 14.13004 0.03584 
 2456789.558517 14.11971 0.03474 
 2456789.565577 14.16303 0.04005 
 2456789.580439 14.10129 0.03138 
 2456789.589828 14.13626 0.03236 
 2456799.485648 14.15791 0.02369 
 2456799.494851 14.17546 0.02478 
 2456799.507543 14.16677 0.02424 
 2456799.516835 14.18081 0.02358 
 2456799.527160 14.19281 0.02388 
 2456799.536465 14.16909 0.02385 
 2456799.546701 14.17064 0.02536 
 2456799.558305 14.16286 0.02534 
 2456799.566161 14.18396 0.02521 
 2456799.575461 14.15825 0.02420 
 2456800.486641 14.19611 0.02661 
 2456800.499523 14.13458 0.04179 
 2456800.512167 14.18353 0.02105 
 2456800.530267 14.12279 0.02383 
 2456800.539978 14.15812 0.02371 
 2456800.555173 14.11840 0.02469 
 2456800.564500 14.11740 0.02399 
 2456801.478013 14.07247 0.02058 
 2456801.487397 14.11394 0.02793 
 2456801.500025 14.13559 0.02045 
 2456801.511655 14.11894 0.01762 
 2456801.552292 14.17918 0.02356 
 2456801.567017 14.13016 0.02354 
 2456802.520775 14.10013 0.02054 
 2456802.530099 14.10538 0.02156 
 2456802.544894 14.10402 0.01702 
 2456802.556508 14.09194 0.01401 
 2456803.476360 14.13578 0.02264 
 2456803.485527 14.12560 0.02269 
 2456803.548592 14.11969 0.02583 
 2456803.557943 14.14295 0.02440 
 2456804.529854 14.42027 0.05254 
 2456807.469567 14.29384 0.01833 
 2456807.478839 14.27486 0.01816 
 2456808.464073 14.14488 0.02042 
 2456808.473289 14.10266 0.02125 
 2456808.488883 14.07487 0.02236 
 2456808.498099 14.10271 0.02134 
 2456808.514997 14.10519 0.02205 
 2456808.524254 14.16251 0.02571 
 2456808.538893 14.14641 0.02897 
 2456808.548184 14.11870 0.02417 
 2456812.514565 14.12041 0.01916 
 2456812.526219 14.10115 0.02015 
 2456815.438605 14.15885 0.02028 
 2456815.451165 14.16066 0.02047 
 2456815.458096 14.15335 0.02181 
 2456815.470749 14.25596 0.01960 
 2456815.480067 14.22697 0.01943 
 2456815.497136 14.27587 0.01857 
 2456815.506428 14.24913 0.01758 
 2456815.521167 14.23161 0.01923 
 2456815.530508 14.25283 0.01978 
 2456816.442167 14.19297 0.03061 
 2456816.446875 14.11611 0.02749 
 2456816.459489 14.16152 0.04178 
 2456816.466629 14.19100 0.02987 
 2456816.483674 14.15258 0.05074 
 2456816.505528 14.16365 0.03181 
 2456816.531934 14.13439 0.02513 
 2456825.495180 14.11187 0.02937 
 2456826.492606 14.28072 0.02810 
 2456826.502054 14.25180 0.03001 
 2456828.461524 14.11285 0.01806 
 2456828.479838 14.09254 0.01873 
 2456830.404749 14.12988 0.01933 
 2456830.417362 14.08199 0.02017 
 2456830.429011 14.08584 0.01938 
 2456830.446153 14.11793 0.01912 
 2456830.455452 14.11886 0.01893 
 2456830.471311 14.10908 0.01952 
 2456830.480626 14.12084 0.02030 
 2456831.401596 14.09147 0.01974 
 2456831.414270 14.12072 0.01929 
 2456831.425963 14.11907 0.01961 
 2456831.443085 14.16820 0.01940 
 2456831.452384 14.16437 0.01975 
 2456831.467143 14.11187 0.01865 
 2456831.478698 14.14773 0.01902 
 2456832.400685 14.09472 0.02364 
 2456832.409925 14.13603 0.02339 
 2456832.422522 14.11982 0.02380 
 2456832.431859 14.13431 0.02273 
 2456832.448975 14.13765 0.02186 
 2456832.463855 14.11012 0.01986 
 2456833.391305 14.11501 0.02224 
 2456833.400594 14.10718 0.01924 
 2456833.413342 14.14632 0.01857 
 2456833.422659 14.13381 0.01828 
 2456833.439748 14.08049 0.01805 
 2456833.449229 14.12578 0.01730 
 2456833.463975 14.15267 0.01832 
 2456833.473307 14.10922 0.01808 
 2456836.477068 14.10030 0.01533 
 2456837.383256 14.23847 0.01884 
 2456837.395900 14.24568 0.01795 
 2456837.405144 14.25517 0.01748 
 2456837.420063 14.23318 0.01722 
 2456837.429441 14.25732 0.01720 
 2456837.447361 14.23505 0.01573 
 2456837.458995 14.25441 0.01608 
 2456839.381679 14.12968 0.01924 
 2456839.390994 14.15315 0.01903 
 2456839.403664 14.14723 0.01936 
 2456839.412991 14.12379 0.01964 
 2456839.430119 14.13743 0.02152 
 2456839.439455 14.17211 0.01828 
 2456839.454260 14.08227 0.05048 
 2456841.395524 14.13050 0.01821 
 2456841.404913 14.07404 0.01943 
 2456841.422118 14.15033 0.01848 
 2456841.431458 14.14768 0.01903 
 2456841.446276 14.12678 0.01792 
 2456841.455679 14.13672 0.01831 
 2456842.364517 14.16025 0.02056 
 2456842.377146 14.07750 0.03103 
 2456842.384172 14.14984 0.01771 
 2456842.396870 14.20509 0.02685 
 2456842.406202 14.15736 0.01832 
 2456842.423291 14.14373 0.01745 
 2456842.432611 14.13941 0.01902 
 2456842.447407 14.14661 0.01266 
 2456842.456774 14.13213 0.01465 
 2456852.398374 14.15338 0.04293 
 2456852.400814 14.18081 0.04118 
 2456852.410123 14.09037 0.03938 
 2456852.412551 14.14748 0.04096 
 2456852.419618 14.18126 0.04131 
 2456852.422085 14.11553 0.04058 
 2456852.429168 14.12253 0.04134 
 2456852.431596 14.13667 0.03955 
 2456853.340812 14.16363 0.03407 
 2456853.350066 14.13193 0.03304 
 2456853.363577 14.13943 0.03365 
 2456853.372927 14.09450 0.03382 
 2456853.383265 14.12026 0.03585 
 2456853.392585 14.12812 0.03389 
 2456853.401612 14.13907 0.03476 
 2456853.430802 14.01755 0.04659 
 2456854.338665 14.10804 0.02705 
 2456854.351507 14.14909 0.02755 
 2456854.363254 14.16935 0.04091 
 2456854.375945 14.13409 0.03469 
 2456854.385290 14.13767 0.04186 
 2456854.397811 14.04513 0.04169 
 2456854.409476 14.09450 0.03253 
 2456854.419598 14.09049 0.03042 
 2456855.337638 14.13405 0.02618 
 2456855.364900 14.06717 0.04417 
 2456855.391254 14.14554 0.03081 
 2456859.325012 14.23061 0.02052 
 2456859.337698 14.25904 0.02071 
 2456859.349422 14.20886 0.01992 
 2456859.366617 14.24039 0.01973 
 2456859.376044 14.25607 0.01976 
 2456859.390867 14.21852 0.01919 
 2456859.402517 14.28190 0.01829 
 2456860.328783 14.10501 0.02108 
 2456860.341501 14.11672 0.02155 
 2456860.350865 14.08816 0.02175 
 2456860.367955 14.09497 0.01993 
 2456860.377291 14.11058 0.02512 
 2456860.389804 14.12503 0.01938 
 2456860.399196 14.10852 0.02321 
 2456861.318783 14.10085 0.01988 
 2456861.328037 14.12675 0.01928 
 2456861.343878 14.10821 0.01985 
 2456861.353223 14.12723 0.01958 
 2456861.370381 14.11094 0.02002 
 2456861.379806 14.11831 0.01894 
 2456861.394709 14.13237 0.01850 
 2456861.404206 14.11743 0.01860 
 2456862.317825 14.14205 0.01494 
 2456862.330537 14.14445 0.01670 
 2456862.342230 14.10255 0.02076 
 2456862.359461 14.14783 0.02018 
 2456862.368806 14.10712 0.01356 
 2456862.393154 14.12219 0.01206 
 2456863.310801 14.11513 0.01947 
 2456863.320071 14.13161 0.01979 
 2456863.332839 14.15368 0.01832 
 2456863.342191 14.12244 0.01857 
 2456863.359445 14.18605 0.01935 
 2456863.368770 14.04945 0.01986 
 2456866.307884 14.10361 0.01703 
 2456866.317333 14.15432 0.01712 
 2456866.330088 14.11190 0.01689 
 2456866.339451 14.12371 0.01511 
 2456866.356661 14.12173 0.01538 
 2456866.366086 14.13319 0.01531 
 2456866.381014 14.12288 0.01634 
 2456866.390439 14.13017 0.01582 
 2456867.296587 14.13673 0.01786 
 2456867.302161 14.11182 0.01716 
 2456867.311466 14.14389 0.01706 
 2456867.327380 14.10096 0.01752 
 2456867.336762 14.16238 0.01772 
 2456867.353969 14.12071 0.01834 
 2456867.363360 14.12208 0.01633 
 2456867.378283 14.13837 0.01630 
 2456867.387716 14.14145 0.01644 
 2456868.293866 14.12391 0.02235 
 2456868.306555 14.14397 0.02046 
 2456868.315857 14.13166 0.02129 
 2456868.330776 14.15520 0.02113 
 2456868.340156 14.13943 0.02073 
 2456868.357308 14.14154 0.02035 
 2456868.368992 14.10791 0.02084 
 2456868.383918 14.16566 0.02000 
 2456869.294710 14.11286 0.01850 
 2456869.301709 14.12278 0.01736 
 2456869.314517 14.13868 0.01727 
 2456869.323866 14.13888 0.01713 
 2456869.353227 14.13613 0.01633 
 2456869.364930 14.11680 0.01637 
 2456869.379801 14.10485 0.01661 
 2456870.320701 14.25312 0.01919 
 2456870.363091 14.02486 0.04047 
 2456870.379120 14.27137 0.02031 
 2456871.366467 14.17927 0.01871 
 2456871.375857 14.12517 0.03345 
 2456881.264836 14.35156 0.04625 
 2456881.322785 14.21750 0.04455 
 2456881.334626 14.25239 0.04288 
 2456881.342665 14.23977 0.04219 
 2456881.352190 14.28880 0.04127 
 2456882.323722 14.09541 0.03485 
 2456884.254979 14.07265 0.02066 
 2456884.264279 14.09823 0.01919 
 2456884.277122 14.13443 0.01964 
 2456884.286500 14.16139 0.01957 
 2456884.303751 14.10408 0.01850 
 2456884.313198 14.07783 0.01956 
 2456884.328142 14.14543 0.01924 
 2456884.337582 14.16092 0.01970 
 2456885.255584 14.08738 0.02133 
 2456885.264840 14.10113 0.02062 
 2456885.291516 14.09060 0.02270 
 2456885.300895 14.15481 0.02036 
 2456885.315835 14.14104 0.02061 
 2456885.327603 14.09588 0.02108 
 2456886.243237 14.16614 0.02239 
 2456886.255939 14.12499 0.01999 
 2456886.265251 14.11284 0.02085 
 2456886.280206 14.12786 0.02028 
 2456886.289586 14.20237 0.01956 
 2456886.306741 14.14949 0.01889 
 2456886.318415 14.13009 0.01996 
 2456886.333301 14.10089 0.01886 
 2456887.317327 14.16242 0.01969 
 2456887.326741 14.13449 0.01954 
 2456889.251887 14.11834 0.02404 
 2456889.261112 14.10661 0.02335 
 2456889.276132 14.12855 0.02130 
 2456889.285448 14.12199 0.02157 
 2456889.303465 14.10139 0.02087 
 2456889.315110 14.07495 0.02050 
 2456889.332301 14.10702 0.01793 
 2456892.252251 14.25482 0.02419 
 2456892.261768 14.26783 0.02419 
 2456892.278965 14.23193 0.02311 
 2456892.288383 14.22674 0.02381 
 2456892.303301 14.24139 0.02166 
 2456892.312721 14.22868 0.02249 
 2456893.243367 14.09737 0.02320 
 2456893.252652 14.12039 0.02263 
 2456893.270017 14.08183 0.02258 
 2456893.279388 14.12691 0.02136 
 2456893.294344 14.07717 0.02074 
 2456893.306039 14.07350 0.02118 
 2456894.255257 14.12247 0.02115 
 2456894.264651 14.11523 0.02103 
 2456894.281953 14.14141 0.02044 
 2456894.291343 14.11884 0.02034 
 2456894.306363 14.15984 0.02047 
 2456894.315805 14.09293 0.02099 
 2456895.252123 14.11820 0.02201 
 2456895.261531 14.15287 0.02115 
 2456895.278797 14.13136 0.02028 
 2456895.288137 14.10986 0.01986 
 2456895.303105 14.15490 0.01922 
 2456895.312547 14.14781 0.01960 
 2456896.254832 14.14875 0.02057 
 2456896.264223 14.11445 0.01957 
 2456896.281469 14.10606 0.01904 
 2456896.293210 14.12340 0.01842 
 2456896.308118 14.12233 0.01865 
 2456899.260239 14.08084 0.02111 
 2456899.265176 14.14330 0.01947 
 2456899.280123 14.09002 0.01795 
 2456899.287293 14.10043 0.01887 
 2456908.251721 14.12397 0.04241 
 2456908.263378 14.14871 0.04437 
 2456910.260995 14.10379 0.04142 
 2456910.270403 14.20752 0.04187 
 2456911.261643 14.15741 0.02684 
 2456911.271034 14.27122 0.03146 
 2456912.258715 14.09574 0.01953 
 2456912.268125 14.11307 0.01538 
 2456914.259898 14.23136 0.02163 
