\INPUT_FILE = /stage/nexsci-exo-data-prep/ETSS-prep/KELT/s38/raw/KELT_S38_lc_077688_V01_west_tfa.dat
\INPUT_TYPE = "RAW"
\START_DATE = "Mon Feb 03, 02:39:48 2014"               
\STOP_DATE = "Tue Aug 11, 17:50:59 2015"               
\fixlen = T
\NUMRECORDS = 1324     
\
\ This file was produced by the NASA Exoplanet Archive  http://exoplanetarchive.ipac.caltech.edu 
\ Fri Nov 01, 20:32:14 2019
\ Documentation for the KELT Survey dataset can be found at http://exoplanetarchive.ipac.caltech.edu/docs/KELT.html
\
|          TIME|     MAG|MAG_ERR|
|          real|    real|   real|
|             d|     mag|    mag|
|          null|    null|   null|
 2456691.610981 14.40239 0.02688 
 2456691.620367 14.41096 0.02939 
 2456693.602869 14.43970 0.02410 
 2456696.609203 14.52739 0.02712 
 2456696.618462 14.50857 0.02931 
 2456696.627695 14.46588 0.03295 
 2456697.593064 14.40785 0.02564 
 2456697.605347 14.42628 0.02579 
 2456697.614683 14.38668 0.02716 
 2456697.623932 14.43626 0.02850 
 2456698.594268 14.40346 0.02783 
 2456698.611126 14.42815 0.02823 
 2456698.620430 14.37195 0.02919 
 2456698.629747 14.41635 0.03516 
 2456699.593003 14.40189 0.02840 
 2456699.609908 14.35378 0.02780 
 2456699.619278 14.38719 0.02912 
 2456699.628576 14.37164 0.03317 
 2456700.597094 14.40596 0.02804 
 2456700.613980 14.41424 0.02726 
 2456700.623266 14.44828 0.02856 
 2456701.586927 14.45802 0.03740 
 2456705.570438 14.48037 0.04846 
 2456705.580474 14.44855 0.05173 
 2456705.590763 14.37897 0.04900 
 2456705.603223 14.44634 0.05013 
 2456705.615776 14.44194 0.04990 
 2456705.620513 14.42158 0.05014 
 2456705.625248 14.45887 0.05078 
 2456705.629985 14.38483 0.05179 
 2456705.634713 14.39375 0.05377 
 2456706.572722 14.45301 0.05067 
 2456706.582775 14.44721 0.04952 
 2456706.592875 14.37366 0.04904 
 2456706.605332 14.43965 0.04705 
 2456706.617778 14.44280 0.04774 
 2456706.622515 14.40927 0.04884 
 2456706.627239 14.45745 0.04821 
 2456706.632068 14.40204 0.04929 
 2456711.553566 14.37015 0.03022 
 2456711.558335 14.43119 0.02922 
 2456711.567763 14.42325 0.02973 
 2456711.577196 14.43399 0.03003 
 2456711.586653 14.41664 0.03055 
 2456711.596144 14.44626 0.03093 
 2456711.605635 14.42255 0.03105 
 2456711.615147 14.41049 0.03012 
 2456711.622272 14.40427 0.03125 
 2456711.626898 14.42194 0.03199 
 2456711.631489 14.38661 0.03262 
 2456711.636080 14.43937 0.03515 
 2456712.553807 14.46540 0.02751 
 2456712.563355 14.40247 0.02737 
 2456712.572937 14.40355 0.02856 
 2456712.582522 14.41898 0.02799 
 2456712.592041 14.43115 0.02822 
 2456712.601534 14.41560 0.02935 
 2456712.611081 14.48936 0.02789 
 2456712.618400 14.43895 0.02793 
 2456712.625369 14.39971 0.02826 
 2456712.629995 14.46667 0.02810 
 2456712.634592 14.42590 0.03012 
 2456715.547954 14.43165 0.02681 
 2456715.565783 14.41556 0.02602 
 2456715.586742 14.40624 0.02532 
 2456715.606151 14.39061 0.02617 
 2456715.623236 14.42505 0.02609 
 2456715.630112 14.43780 0.02641 
 2456715.636940 14.43977 0.02838 
 2456716.628691 14.41216 0.02602 
 2456716.635675 14.40977 0.02712 
 2456717.552801 14.44477 0.02782 
 2456717.569800 14.45442 0.02680 
 2456717.586782 14.39804 0.02678 
 2456717.614448 14.41569 0.02617 
 2456717.633661 14.42639 0.02689 
 2456718.535295 14.40976 0.02457 
 2456718.547599 14.40026 0.02504 
 2456718.564476 14.42722 0.02575 
 2456718.581503 14.41908 0.02559 
 2456718.600875 14.39685 0.02590 
 2456718.617899 14.46147 0.02535 
 2456718.637193 14.45417 0.02618 
 2456719.543852 14.44827 0.02713 
 2456719.560744 14.39776 0.02709 
 2456719.580782 14.43349 0.02658 
 2456719.600148 14.41327 0.02702 
 2456719.619361 14.38097 0.02625 
 2456721.626117 14.44456 0.02756 
 2456721.643517 14.44216 0.03153 
 2456722.525506 14.42658 0.02719 
 2456722.542565 14.44976 0.02673 
 2456722.561977 14.40458 0.02726 
 2456722.581437 14.42352 0.02732 
 2456722.598509 14.43242 0.02790 
 2456722.617894 14.39818 0.02909 
 2456722.632623 14.41138 0.02897 
 2456722.644261 14.38991 0.03268 
 2456723.522641 14.42728 0.02673 
 2456723.534879 14.41697 0.02614 
 2456723.551797 14.45514 0.02696 
 2456723.568820 14.43200 0.02567 
 2456723.588107 14.42679 0.02709 
 2456723.607421 14.43489 0.02603 
 2456723.627539 14.43784 0.02719 
 2456723.639178 14.40555 0.02786 
 2456724.592322 14.51731 0.02710 
 2456724.611592 14.45758 0.02667 
 2456724.626265 14.43262 0.02886 
 2456724.637893 14.41545 0.02873 
 2456727.514422 14.44803 0.02569 
 2456727.616661 14.42381 0.02815 
 2456727.650539 14.44994 0.03499 
 2456729.649849 14.38667 0.03514 
 2456730.525175 14.46064 0.04158 
 2456730.559524 14.57398 0.03393 
 2456731.498863 14.45169 0.04047 
 2456731.511236 14.41546 0.04126 
 2456731.523696 14.44816 0.04177 
 2456731.538704 14.45270 0.04039 
 2456731.553636 14.39657 0.04025 
 2456731.568545 14.43245 0.04092 
 2456731.585595 14.43036 0.04127 
 2456731.603480 14.40648 0.03994 
 2456731.620674 14.40048 0.03915 
 2456731.642330 14.44601 0.03159 
 2456732.504884 14.35367 0.04818 
 2456732.517369 14.43757 0.05006 
 2456732.532280 14.42860 0.04850 
 2456732.544847 14.35869 0.04953 
 2456732.559728 14.42113 0.04909 
 2456732.574626 14.44610 0.04820 
 2456732.591777 14.43756 0.05022 
 2456732.606626 14.46407 0.04849 
 2456732.623891 14.38390 0.04817 
 2456732.647942 14.43740 0.04717 
 2456733.497229 14.44470 0.05764 
 2456733.517685 14.40470 0.05657 
 2456733.530190 14.42130 0.05793 
 2456733.542762 14.45874 0.05730 
 2456733.555311 14.43246 0.05786 
 2456733.567885 14.44605 0.05575 
 2456733.582711 14.45564 0.05758 
 2456733.598290 14.44420 0.05986 
 2456733.613277 14.41618 0.05869 
 2456733.630757 14.39366 0.05828 
 2456733.637884 14.42640 0.05847 
 2456733.644917 14.40464 0.05858 
 2456733.651946 14.40309 0.06111 
 2456738.483014 14.41522 0.03523 
 2456738.492672 14.41477 0.03552 
 2456738.502358 14.39199 0.03607 
 2456738.512079 14.38707 0.03625 
 2456738.521791 14.46653 0.03691 
 2456738.531630 14.42354 0.03683 
 2456738.541281 14.44664 0.03715 
 2456738.548787 14.43783 0.03680 
 2456738.553860 14.47151 0.03629 
 2456738.558857 14.43077 0.03650 
 2456738.564023 14.41703 0.03570 
 2456738.569008 14.42522 0.03619 
 2456738.574117 14.39459 0.03663 
 2456738.579575 14.42396 0.03765 
 2456738.584692 14.44506 0.03733 
 2456738.589674 14.39255 0.03826 
 2456738.594729 14.48419 0.03722 
 2456738.599753 14.46489 0.03877 
 2456738.604788 14.44362 0.03941 
 2456738.624451 14.43617 0.03959 
 2456738.629899 14.40365 0.04004 
 2456738.635280 14.43968 0.03903 
 2456739.501044 14.48047 0.03232 
 2456739.510804 14.48063 0.03246 
 2456739.520438 14.46930 0.03146 
 2456739.530047 14.47662 0.03219 
 2456739.539709 14.43092 0.03351 
 2456739.547086 14.43092 0.03259 
 2456739.552041 14.48745 0.03236 
 2456739.609830 14.46917 0.03539 
 2456739.620250 14.47728 0.06624 
 2456739.631233 14.37354 0.03591 
 2456739.633954 14.39565 0.03611 
 2456743.548926 14.35095 0.02598 
 2456744.476567 14.41414 0.02591 
 2456744.493720 14.43065 0.02578 
 2456744.511277 14.40150 0.02658 
 2456744.530827 14.41338 0.02832 
 2456744.550280 14.44949 0.02751 
 2456744.570494 14.46292 0.02940 
 2456744.590158 14.44810 0.03020 
 2456744.616582 14.42016 0.03024 
 2456745.462343 14.50019 0.02506 
 2456745.474737 14.52037 0.02570 
 2456745.491861 14.48632 0.02539 
 2456745.521245 14.51216 0.02633 
 2456745.538416 14.51278 0.02616 
 2456745.557839 14.50116 0.02618 
 2456745.577478 14.48178 0.02705 
 2456745.601672 14.48347 0.02782 
 2456745.625807 14.48090 0.02681 
 2456746.471281 14.39995 0.02463 
 2456746.488442 14.38677 0.02553 
 2456746.505731 14.43566 0.02552 
 2456746.525425 14.45990 0.02633 
 2456746.544982 14.39812 0.02720 
 2456746.566310 14.41103 0.02701 
 2456746.585903 14.41272 0.02879 
 2456746.612369 14.33747 0.02965 
 2456747.471743 14.38778 0.02685 
 2456747.491266 14.40123 0.02655 
 2456747.510897 14.40797 0.02716 
 2456747.530476 14.39380 0.02673 
 2456747.549877 14.40291 0.02723 
 2456747.579171 14.43000 0.02920 
 2456747.605692 14.38150 0.03089 
 2456748.478533 14.44721 0.02002 
 2456748.497953 14.42391 0.01667 
 2456748.517375 14.39668 0.03450 
 2456748.534526 14.43874 0.02595 
 2456749.479365 14.38012 0.02313 
 2456749.546810 14.42049 0.02995 
 2456752.447380 14.43674 0.02266 
 2456752.464655 14.45836 0.02327 
 2456752.484382 14.44051 0.02374 
 2456753.448078 14.42542 0.02394 
 2456753.465329 14.43816 0.02409 
 2456753.486242 14.39995 0.02548 
 2456753.517990 14.38443 0.02583 
 2456753.537569 14.42053 0.02653 
 2456753.557431 14.37884 0.02821 
 2456753.581737 14.40434 0.02885 
 2456753.605944 14.41256 0.02893 
 2456755.448160 14.43342 0.02365 
 2456755.465367 14.42752 0.02524 
 2456755.482699 14.40687 0.02575 
 2456755.502334 14.41951 0.02450 
 2456755.521884 14.48344 0.02633 
 2456755.539098 14.44150 0.02801 
 2456755.558809 14.42849 0.02747 
 2456755.585334 14.42102 0.03095 
 2456757.438046 14.41193 0.03384 
 2456757.452891 14.46416 0.03179 
 2456757.470289 14.41879 0.03130 
 2456757.487531 14.45431 0.03188 
 2456757.504874 14.42318 0.02917 
 2456757.524462 14.46040 0.02607 
 2456757.544337 14.42047 0.02746 
 2456757.568575 14.42031 0.02790 
 2456757.592763 14.50436 0.02829 
 2456758.435333 14.44237 0.03643 
 2456758.450165 14.46993 0.03428 
 2456758.472566 14.43828 0.03673 
 2456758.489858 14.50627 0.03422 
 2456758.507204 14.45605 0.03565 
 2456758.538959 14.42339 0.03175 
 2456758.561138 14.45062 0.02847 
 2456758.585421 14.42274 0.02928 
 2456759.421727 14.41100 0.03846 
 2456759.434177 14.46106 0.04095 
 2456759.446808 14.42221 0.03923 
 2456759.461864 14.42606 0.03890 
 2456759.474611 14.39874 0.03895 
 2456759.489681 14.41920 0.04094 
 2456759.504647 14.43663 0.04142 
 2456759.521937 14.40153 0.03963 
 2456759.539453 14.40606 0.03994 
 2456759.559188 14.41976 0.03960 
 2456759.583465 14.42885 0.03208 
 2456760.419651 14.43904 0.04329 
 2456760.429788 14.42490 0.04851 
 2456760.440275 14.44426 0.04772 
 2456765.438989 14.45807 0.04594 
 2456765.464122 14.38278 0.04905 
 2456765.471475 14.44741 0.04753 
 2456765.478923 14.43051 0.04723 
 2456765.483987 14.43964 0.04860 
 2456765.489093 14.40601 0.04416 
 2456765.494169 14.45493 0.04759 
 2456765.499215 14.45654 0.04860 
 2456765.504275 14.44023 0.04780 
 2456765.514373 14.47194 0.04936 
 2456765.524605 14.42433 0.04977 
 2456765.540888 14.46800 0.04891 
 2456765.546452 14.40239 0.05006 
 2456765.551893 14.46232 0.05262 
 2456765.557355 14.38807 0.05142 
 2456765.562779 14.47518 0.05226 
 2456765.568186 14.47773 0.05330 
 2456766.426624 14.40288 0.05030 
 2456766.436341 14.39193 0.05679 
 2456766.446072 14.40238 0.04859 
 2456766.455873 14.41774 0.05143 
 2456766.465684 14.41987 0.04713 
 2456766.473222 14.42724 0.04544 
 2456766.478229 14.37671 0.04263 
 2456766.483250 14.42788 0.04078 
 2456766.488344 14.47018 0.04275 
 2456766.493375 14.42730 0.04037 
 2456766.498550 14.36531 0.04309 
 2456766.503622 14.45467 0.04240 
 2456766.508788 14.37872 0.04801 
 2456766.513833 14.44314 0.04189 
 2456766.518947 14.43164 0.04263 
 2456766.523982 14.44336 0.04099 
 2456766.529006 14.40795 0.04146 
 2456766.534012 14.42611 0.04341 
 2456766.539086 14.42974 0.04365 
 2456766.541827 14.38416 0.04283 
 2456766.544581 14.42259 0.04250 
 2456766.547374 14.41025 0.04398 
 2456766.562647 14.37850 0.04616 
 2456766.565461 14.45628 0.04637 
 2456766.568220 14.43227 0.04650 
 2456767.406503 14.39658 0.03453 
 2456767.419459 14.41034 0.04174 
 2456767.451454 14.44409 0.03430 
 2456767.463637 14.46777 0.03444 
 2456767.473505 14.45573 0.03485 
 2456767.480929 14.46576 0.03479 
 2456768.400977 14.44834 0.02953 
 2456768.423146 14.43697 0.03109 
 2456768.440375 14.41715 0.03113 
 2456768.457733 14.46151 0.03199 
 2456768.472702 14.36720 0.03289 
 2456768.485477 14.41620 0.03256 
 2456768.498309 14.45148 0.03202 
 2456768.510440 14.46289 0.03217 
 2456768.522576 14.38900 0.03403 
 2456768.534741 14.46670 0.03493 
 2456768.544497 14.44773 0.03545 
 2456768.554430 14.45177 0.03650 
 2456768.564266 14.39226 0.03823 
 2456769.477245 14.42028 0.01691 
 2456772.400014 14.40323 0.02433 
 2456772.417364 14.41638 0.02514 
 2456772.446884 14.40306 0.02508 
 2456772.464136 14.41264 0.02512 
 2456772.493466 14.40426 0.02779 
 2456772.513133 14.42507 0.02753 
 2456772.539666 14.39230 0.02960 
 2456775.387162 14.43436 0.02459 
 2456775.404426 14.43605 0.02546 
 2456775.424214 14.43826 0.02530 
 2456775.443909 14.42525 0.02632 
 2456775.461375 14.41770 0.02731 
 2456775.480972 14.41148 0.02780 
 2456775.500696 14.38487 0.02821 
 2456775.524940 14.41411 0.03087 
 2456776.390137 14.41965 0.02039 
 2456778.385069 14.41641 0.02512 
 2456778.402349 14.39239 0.02417 
 2456778.419751 14.44153 0.02523 
 2456778.439424 14.43596 0.02569 
 2456778.459060 14.41152 0.02653 
 2456778.486181 14.41732 0.02658 
 2456778.510592 14.39140 0.02837 
 2456778.534883 14.41228 0.03018 
 2456779.381874 14.50728 0.02535 
 2456780.377394 14.37850 0.02239 
 2456780.394703 14.44396 0.02594 
 2456780.415118 14.40665 0.02602 
 2456780.434798 14.40430 0.02934 
 2456780.492072 14.39580 0.02947 
 2456781.377720 14.43436 0.02706 
 2456781.436190 14.44089 0.02530 
 2456781.455693 14.41301 0.02584 
 2456781.473889 14.42781 0.02661 
 2456781.510397 14.46106 0.02709 
 2456783.362485 14.38384 0.02515 
 2456783.379495 14.40000 0.02421 
 2456783.398982 14.41145 0.02317 
 2456783.418391 14.41181 0.02395 
 2456783.435553 14.43824 0.02488 
 2456783.454874 14.44760 0.02556 
 2456783.474592 14.43979 0.02586 
 2456783.498702 14.42880 0.02669 
 2456783.522684 14.41438 0.02944 
 2456795.324434 14.41433 0.03395 
 2456795.334552 14.43494 0.03362 
 2456795.349402 14.44820 0.03476 
 2456795.364177 14.43897 0.03479 
 2456795.379042 14.43877 0.03505 
 2456796.389897 14.42764 0.03260 
 2456796.437368 14.37366 0.03333 
 2456796.449355 14.39363 0.03084 
 2456799.328349 14.43981 0.02594 
 2456799.345321 14.36908 0.02545 
 2456799.362366 14.50409 0.02505 
 2456799.381774 14.41693 0.02579 
 2456799.401083 14.42056 0.02532 
 2456799.418076 14.40150 0.02648 
 2456799.437582 14.40676 0.02802 
 2456799.463928 14.41190 0.02707 
 2456800.317428 14.45304 0.02384 
 2456800.334388 14.46866 0.02445 
 2456800.353942 14.45883 0.02381 
 2456800.373339 14.48768 0.02309 
 2456800.390550 14.51094 0.02309 
 2456800.429442 14.42752 0.02410 
 2456800.453546 14.47676 0.02599 
 2456800.477485 14.47488 0.02207 
 2456801.317810 14.39598 0.02581 
 2456801.334708 14.41524 0.02369 
 2456801.354772 14.40720 0.02361 
 2456801.374070 14.44371 0.02258 
 2456801.391048 14.40695 0.02517 
 2456801.410294 14.39952 0.02371 
 2456801.429725 14.45512 0.02546 
 2456801.453706 14.42501 0.02605 
 2456802.317624 14.42496 0.02541 
 2456802.334588 14.42710 0.02522 
 2456802.354777 14.44745 0.02598 
 2456802.374108 14.40680 0.02666 
 2456802.393396 14.40286 0.02672 
 2456802.410259 14.42966 0.02636 
 2456803.303741 14.41988 0.02581 
 2456803.316032 14.42058 0.02451 
 2456803.333026 14.44224 0.02387 
 2456803.350046 14.42461 0.02465 
 2456803.369463 14.41805 0.02570 
 2456803.388766 14.37163 0.02546 
 2456803.408887 14.42182 0.02594 
 2456803.428391 14.46686 0.02703 
 2456803.454633 14.45149 0.02819 
 2456804.328400 14.44492 0.02761 
 2456804.348833 14.43114 0.02981 
 2456804.368494 14.44507 0.02551 
 2456804.387913 14.39338 0.02679 
 2456804.404894 14.39381 0.02628 
 2456805.340779 14.42774 0.03185 
 2456808.288303 14.41189 0.02740 
 2456808.301581 14.44660 0.02660 
 2456808.319478 14.41634 0.02692 
 2456808.337831 14.43887 0.02571 
 2456808.358991 14.42388 0.02583 
 2456808.379389 14.40524 0.02542 
 2456808.397038 14.38400 0.02575 
 2456808.416314 14.41282 0.02535 
 2456808.442507 14.40736 0.02912 
 2456809.287210 14.38730 0.02890 
 2456809.299375 14.42309 0.02636 
 2456809.316236 14.42606 0.02249 
 2456809.333084 14.40314 0.02743 
 2456809.352314 14.40199 0.02548 
 2456809.369199 14.40452 0.02721 
 2456809.388459 14.36714 0.02127 
 2456809.407870 14.45954 0.02905 
 2456812.291092 14.38178 0.02466 
 2456812.306947 14.38066 0.02448 
 2456812.325705 14.41250 0.02527 
 2456812.344380 14.42584 0.02514 
 2456812.361442 14.40451 0.02441 
 2456815.277894 14.41288 0.02997 
 2456815.287942 14.39585 0.03199 
 2456815.298033 14.41420 0.03441 
 2456815.322178 14.39392 0.03348 
 2456815.346610 14.46216 0.03002 
 2456815.361237 14.43733 0.02836 
 2456815.389430 14.40052 0.02825 
 2456815.410068 14.42815 0.02922 
 2456815.431632 14.44907 0.02963 
 2456820.255853 14.38771 0.05063 
 2456820.260692 14.39254 0.05157 
 2456820.270153 14.44824 0.05237 
 2456820.279595 14.46659 0.05241 
 2456820.289076 14.43176 0.05245 
 2456820.298525 14.43759 0.05201 
 2456820.307985 14.46053 0.05327 
 2456820.317417 14.38214 0.05453 
 2456820.324493 14.37727 0.05470 
 2456820.329245 14.41495 0.05418 
 2456820.334001 14.40924 0.05439 
 2456820.338788 14.44403 0.05460 
 2456820.343565 14.42527 0.05396 
 2456820.348435 14.38240 0.05516 
 2456820.353220 14.45214 0.05538 
 2456820.358032 14.39359 0.05578 
 2456820.362813 14.46413 0.05572 
 2456820.367562 14.43359 0.05615 
 2456820.372310 14.36518 0.05585 
 2456820.377149 14.42800 0.05628 
 2456820.381946 14.45092 0.05752 
 2456820.389409 14.43708 0.05897 
 2456820.396774 14.37670 0.05976 
 2456820.401908 14.46211 0.05937 
 2456820.407038 14.47936 0.06016 
 2456820.412171 14.41056 0.06019 
 2456820.417359 14.38920 0.05910 
 2456820.422494 14.44272 0.06141 
 2456821.257829 14.39910 0.05789 
 2456821.267327 14.38373 0.05772 
 2456821.276747 14.42111 0.05813 
 2456821.286130 14.40065 0.05779 
 2456821.295570 14.37564 0.05708 
 2456821.305072 14.45760 0.06090 
 2456821.314517 14.39658 0.05833 
 2456821.321653 14.43143 0.06023 
 2456821.326462 14.40420 0.06008 
 2456821.331365 14.45315 0.06052 
 2456821.336185 14.40629 0.06045 
 2456821.340991 14.42031 0.06129 
 2456821.345755 14.47849 0.06234 
 2456821.350546 14.41624 0.06363 
 2456821.355429 14.42579 0.06427 
 2456821.360259 14.44897 0.06386 
 2456821.364979 14.39940 0.06518 
 2456821.369771 14.42548 0.06475 
 2456821.374552 14.37532 0.06479 
 2456821.379297 14.39581 0.06882 
 2456821.384098 14.37295 0.06731 
 2456821.388880 14.38613 0.06664 
 2456821.391360 14.40219 0.06706 
 2456821.393834 14.39260 0.06902 
 2456821.396340 14.42828 0.07024 
 2456821.398829 14.42866 0.06930 
 2456821.401302 14.37556 0.06871 
 2456821.403834 14.43124 0.06983 
 2456821.406281 14.41385 0.07102 
 2456821.408700 14.40763 0.07023 
 2456821.411187 14.42090 0.07002 
 2456821.413700 14.44035 0.07218 
 2456821.416125 14.43708 0.06961 
 2456821.418628 14.43068 0.06926 
 2456821.421152 14.43742 0.07367 
 2456822.282657 14.50320 0.06139 
 2456822.294375 14.52603 0.06172 
 2456822.306160 14.43246 0.06155 
 2456822.317948 14.46515 0.06420 
 2456822.325011 14.38696 0.06317 
 2456822.332265 14.43217 0.06449 
 2456822.339982 14.45929 0.06553 
 2456822.347614 14.44718 0.06624 
 2456822.355231 14.37452 0.06727 
 2456825.252340 14.42936 0.02621 
 2456825.269449 14.40196 0.02564 
 2456825.289589 14.40749 0.02616 
 2456825.308976 14.44876 0.02609 
 2456825.328197 14.41856 0.03008 
 2456825.348219 14.44208 0.03365 
 2456825.376259 14.45055 0.03605 
 2456825.393347 14.46886 0.03820 
 2456826.240938 14.45486 0.01770 
 2456826.253284 14.42524 0.02628 
 2456830.252333 14.41688 0.02727 
 2456830.272030 14.41602 0.02722 
 2456830.291582 14.41828 0.02833 
 2456830.308625 14.42344 0.02834 
 2456830.328057 14.43262 0.02833 
 2456830.347632 14.41594 0.02736 
 2456830.371646 14.47542 0.02795 
 2456830.395602 14.42313 0.02953 
 2456831.233108 14.37668 0.02997 
 2456831.250011 14.42781 0.02967 
 2456831.269418 14.44902 0.02877 
 2456831.288746 14.41328 0.02883 
 2456831.305792 14.44375 0.02881 
 2456831.325031 14.41921 0.02833 
 2456831.344441 14.42894 0.02806 
 2456831.368496 14.45443 0.02835 
 2456831.392420 14.43694 0.02912 
 2456832.227190 14.41174 0.02859 
 2456832.245071 14.42943 0.02866 
 2456832.264632 14.48631 0.02878 
 2456832.296047 14.39893 0.02992 
 2456832.315313 14.45816 0.03006 
 2456832.333139 14.45346 0.03042 
 2456832.352566 14.43563 0.03194 
 2456832.378878 14.41126 0.03215 
 2456833.221157 14.43034 0.02779 
 2456833.233492 14.41030 0.02724 
 2456833.250527 14.42138 0.02785 
 2456833.267598 14.44207 0.02446 
 2456833.287007 14.42373 0.01257 
 2456833.304119 14.42410 0.02799 
 2456833.323500 14.43322 0.02892 
 2456833.342992 14.40195 0.02957 
 2456833.367008 14.42970 0.02950 
 2456836.211804 14.38417 0.02347 
 2456836.243114 14.41950 0.02444 
 2456836.260202 14.43982 0.02541 
 2456836.279640 14.43738 0.02590 
 2456837.231034 14.50041 0.02665 
 2456837.250596 14.44152 0.02695 
 2456837.270045 14.44628 0.02672 
 2456837.287102 14.35857 0.02740 
 2456837.306435 14.41015 0.02811 
 2456837.325880 14.44421 0.02889 
 2456837.350020 14.39746 0.02865 
 2456837.374004 14.39634 0.02848 
 2456838.226339 14.38285 0.02555 
 2456839.227878 14.37224 0.02637 
 2456839.244956 14.42184 0.02847 
 2456839.262046 14.43693 0.02728 
 2456839.279141 14.38824 0.02476 
 2456839.298549 14.40335 0.02772 
 2456839.313478 14.45111 0.02836 
 2456839.333165 14.40129 0.02868 
 2456839.359762 14.44041 0.02866 
 2456842.224224 14.41331 0.02942 
 2456842.236727 14.45494 0.02774 
 2456842.249211 14.40773 0.03197 
 2456842.261763 14.44166 0.02694 
 2456842.274280 14.40184 0.02980 
 2456842.289042 14.44004 0.02840 
 2456842.301465 14.43022 0.02900 
 2456842.316408 14.43106 0.02532 
 2456842.335868 14.45821 0.03025 
 2456842.357550 14.36234 0.03218 
 2456843.220974 14.53041 0.03009 
 2456843.231264 14.46391 0.02881 
 2456843.251511 14.49449 0.02947 
 2456843.261707 14.48900 0.03006 
 2456843.272016 14.47344 0.03075 
 2456843.297799 14.47576 0.03091 
 2456848.219439 14.44872 0.04172 
 2456848.229000 14.40133 0.04214 
 2456848.238575 14.41749 0.04201 
 2456848.245839 14.44081 0.04138 
 2456848.253059 14.43905 0.04228 
 2456848.257995 14.44616 0.04246 
 2456848.262871 14.45607 0.04241 
 2456848.267785 14.42410 0.04246 
 2456848.272648 14.41432 0.04315 
 2456848.277543 14.43604 0.04214 
 2456848.294924 14.38050 0.04459 
 2456848.299984 14.41709 0.04483 
 2456848.304850 14.39511 0.04481 
 2456848.312362 14.45383 0.04519 
 2456848.319900 14.39147 0.04639 
 2456848.325148 14.42018 0.04598 
 2456848.330506 14.44283 0.04660 
 2456848.335741 14.37950 0.04728 
 2456848.341146 14.44339 0.04684 
 2456848.346400 14.43354 0.04769 
 2456849.244480 14.50475 0.06024 
 2456849.251656 14.46067 0.06146 
 2456849.258795 14.48587 0.06421 
 2456850.255221 14.41198 0.06578 
 2456850.265704 14.36276 0.05840 
 2456850.272929 14.42949 0.06090 
 2456850.282699 14.46437 0.06080 
 2456850.292357 14.44041 0.05983 
 2456850.301940 14.30706 0.06147 
 2456850.311526 14.40704 0.06044 
 2456850.318758 14.41800 0.06210 
 2456850.325990 14.45782 0.06148 
 2456850.333245 14.47834 0.06197 
 2456850.340495 14.44643 0.06586 
 2456852.245367 14.43988 0.03956 
 2456852.264746 14.43213 0.04396 
 2456853.233205 14.43977 0.02967 
 2456853.252541 14.47666 0.02894 
 2456853.272754 14.41816 0.03360 
 2456854.233926 14.39576 0.03026 
 2456854.253376 14.47731 0.02989 
 2456854.271296 14.44986 0.03183 
 2456854.290861 14.40185 0.03225 
 2456854.329373 14.45226 0.03664 
 2456855.232374 14.42577 0.02816 
 2456855.251777 14.42940 0.04577 
 2456859.239777 14.42246 0.02798 
 2456859.257839 14.43991 0.02815 
 2456859.277431 14.42234 0.02965 
 2456859.315801 14.38408 0.03151 
 2456860.234352 14.40871 0.03062 
 2456860.251443 14.40120 0.02653 
 2456860.271109 14.42731 0.02567 
 2456860.297525 14.46782 0.03240 
 2456861.270407 14.43696 0.02480 
 2456861.296838 14.43906 0.02919 
 2456862.242981 14.43622 0.02653 
 2456862.262584 14.43630 0.02765 
 2456862.286741 14.44465 0.02839 
 2456863.242850 14.43120 0.02795 
 2456863.262426 14.43628 0.02830 
 2456863.288831 14.46170 0.02906 
 2456866.285812 14.46419 0.02687 
 2456868.240705 14.42411 0.02876 
 2456868.260407 14.41093 0.02901 
 2456868.284572 14.42151 0.02957 
 2456869.238038 14.43129 0.02760 
 2456869.253135 14.40464 0.02779 
 2456869.275026 14.44058 0.02678 
 2456870.268417 14.43787 0.02715 
 2456877.227817 14.47890 0.04355 
 2456877.237609 14.49233 0.04382 
 2456877.252472 14.50091 0.04511 
 2456877.259868 14.46247 0.04512 
 2456877.267226 14.48070 0.04534 
 2456878.230133 14.42558 0.06153 
 2456878.239929 14.39792 0.06130 
 2456881.255623 14.40107 0.05201 
 2456882.243524 14.39285 0.03937 
 2457077.545094 14.43995 0.02476 
 2457084.525397 14.42275 0.03542 
 2457084.537750 14.45035 0.03804 
 2457084.552457 14.46312 0.03843 
 2457084.569601 14.41320 0.03727 
 2457084.584436 14.41457 0.03493 
 2457084.619013 14.42463 0.02921 
 2457084.640072 14.41491 0.03160 
 2457087.646029 14.41593 0.05733 
 2457097.491316 14.44593 0.02425 
 2457097.503753 14.44307 0.02555 
 2457097.520795 14.43082 0.02535 
 2457097.552076 14.41097 0.02551 
 2457097.569223 14.45693 0.02585 
 2457097.581808 14.45372 0.02653 
 2457097.594497 14.39677 0.02675 
 2457097.606434 14.42669 0.02647 
 2457097.618562 14.39431 0.02690 
 2457097.630543 14.42415 0.02662 
 2457097.639880 14.37898 0.02658 
 2457097.649214 14.46774 0.02964 
 2457101.479125 14.43088 0.02458 
 2457101.491449 14.45602 0.02661 
 2457101.508539 14.44975 0.02689 
 2457101.528198 14.41032 0.02773 
 2457101.547710 14.43525 0.02777 
 2457101.564877 14.42411 0.02906 
 2457101.585085 14.42777 0.02651 
 2457101.604694 14.44758 0.02654 
 2457101.628829 14.42905 0.02643 
 2457101.638193 14.42805 0.02607 
 2457101.647543 14.45560 0.02728 
 2457102.491316 14.47288 0.02586 
 2457103.475318 14.41760 0.02420 
 2457103.487696 14.37378 0.02717 
 2457103.504792 14.39964 0.02713 
 2457103.544257 14.44524 0.02822 
 2457103.561376 14.41633 0.02815 
 2457103.581587 14.45392 0.02792 
 2457103.610305 14.42107 0.02898 
 2457105.522934 14.42281 0.02848 
 2457106.487504 14.43423 0.02440 
 2457106.504674 14.44759 0.02427 
 2457106.521957 14.43024 0.02568 
 2457106.541456 14.43684 0.02676 
 2457106.560833 14.39739 0.02763 
 2457106.578806 14.43656 0.03065 
 2457106.598401 14.45848 0.02794 
 2457106.624859 14.39966 0.02335 
 2457107.486761 14.42302 0.02513 
 2457110.456426 14.40584 0.02456 
 2457110.468729 14.43171 0.02593 
 2457110.485865 14.46143 0.02530 
 2457110.506116 14.43086 0.02563 
 2457110.525808 14.41415 0.02592 
 2457110.543117 14.40490 0.02544 
 2457110.563310 14.37581 0.02656 
 2457110.583094 14.41815 0.02626 
 2457110.607346 14.46259 0.02744 
 2457111.455681 14.43565 0.02937 
 2457111.468061 14.45533 0.03301 
 2457111.482990 14.47369 0.03205 
 2457111.500310 14.40017 0.03164 
 2457111.517559 14.37911 0.02946 
 2457111.532613 14.45860 0.02957 
 2457111.552024 14.40904 0.03033 
 2457111.569959 14.42484 0.03091 
 2457111.589585 14.46397 0.03141 
 2457111.616029 14.43260 0.03158 
 2457112.453648 14.40244 0.03098 
 2457112.466009 14.42035 0.03519 
 2457112.480811 14.42295 0.03456 
 2457112.498114 14.44442 0.03458 
 2457112.515436 14.44210 0.03401 
 2457112.532671 14.39801 0.03286 
 2457112.552081 14.46902 0.03085 
 2457112.599854 14.45554 0.03292 
 2457113.528898 14.42615 0.04080 
 2457113.546118 14.41307 0.03952 
 2457113.572292 14.39009 0.03585 
 2457113.594189 14.40977 0.02967 
 2457113.618476 14.45569 0.02975 
 2457120.571553 14.38790 0.04594 
 2457120.576939 14.43153 0.04522 
 2457120.589242 14.36794 0.04542 
 2457120.594644 14.41633 0.04557 
 2457120.600048 14.46267 0.04537 
 2457121.484100 14.51947 0.03732 
 2457121.493832 14.50000 0.03725 
 2457121.501265 14.40416 0.03775 
 2457121.506349 14.43062 0.03772 
 2457121.511454 14.44237 0.03821 
 2457121.516574 14.42402 0.03824 
 2457121.521665 14.46189 0.03871 
 2457121.526813 14.39866 0.03845 
 2457121.531875 14.36078 0.03906 
 2457121.536932 14.43451 0.03945 
 2457121.542050 14.43777 0.03935 
 2457121.547192 14.42915 0.03919 
 2457121.552308 14.44044 0.03922 
 2457121.557463 14.43884 0.03931 
 2457121.565117 14.44028 0.04007 
 2457121.572764 14.46496 0.03953 
 2457121.578267 14.42705 0.04052 
 2457121.583712 14.42032 0.04016 
 2457121.589173 14.41990 0.04120 
 2457121.594611 14.45717 0.04071 
 2457122.421721 14.39520 0.03095 
 2457122.440266 14.40183 0.03415 
 2457122.453090 14.38035 0.03479 
 2457122.465948 14.39416 0.03542 
 2457122.478015 14.43469 0.03565 
 2457122.490127 14.40531 0.03586 
 2457122.499888 14.49778 0.03674 
 2457122.507294 14.43830 0.03657 
 2457122.514636 14.37655 0.03625 
 2457122.522065 14.40176 0.03650 
 2457122.529432 14.43045 0.03647 
 2457122.536855 14.38416 0.03660 
 2457122.544207 14.36870 0.03692 
 2457122.551531 14.37771 0.03725 
 2457122.558930 14.44676 0.03730 
 2457122.566239 14.44066 0.03740 
 2457122.571439 14.42875 0.03742 
 2457122.576471 14.36647 0.03823 
 2457122.581671 14.43787 0.03873 
 2457122.586904 14.45375 0.03886 
 2457122.592127 14.41607 0.03839 
 2457124.418369 14.40209 0.02550 
 2457124.430924 14.40132 0.02848 
 2457124.448278 14.44714 0.02860 
 2457124.465589 14.43339 0.03036 
 2457124.482986 14.45275 0.03064 
 2457124.497950 14.39265 0.03124 
 2457124.510760 14.42123 0.03239 
 2457124.523645 14.45883 0.03251 
 2457124.535838 14.40786 0.03297 
 2457124.548020 14.46203 0.03321 
 2457124.560338 14.40704 0.03331 
 2457124.570219 14.40261 0.03356 
 2457124.580147 14.41130 0.03433 
 2457124.589939 14.43519 0.03517 
 2457125.415808 14.39436 0.02225 
 2457125.428236 14.42561 0.02573 
 2457125.445589 14.41025 0.02612 
 2457125.465960 14.44209 0.02707 
 2457125.485581 14.40306 0.02783 
 2457125.502873 14.45121 0.02936 
 2457125.523129 14.39898 0.03014 
 2457125.542826 14.42677 0.03107 
 2457125.562525 14.44542 0.03242 
 2457125.579832 14.43095 0.03272 
 2457126.419267 14.42190 0.02338 
 2457126.431744 14.40720 0.02346 
 2457126.450012 14.44335 0.02359 
 2457126.467364 14.45249 0.02598 
 2457126.487199 14.42581 0.02528 
 2457126.506869 14.45431 0.02636 
 2457126.524972 14.38878 0.02706 
 2457126.544737 14.41983 0.02727 
 2457126.564446 14.39455 0.02886 
 2457126.581873 14.40845 0.04380 
 2457128.409419 14.45496 0.02246 
 2457128.421897 14.37742 0.02446 
 2457128.439216 14.42795 0.02529 
 2457128.459664 14.40443 0.02451 
 2457128.479389 14.44868 0.02415 
 2457128.498970 14.42921 0.02495 
 2457129.424076 14.41477 0.02375 
 2457131.408290 14.39543 0.02303 
 2457131.548348 14.43629 0.03066 
 2457133.393206 14.41630 0.02249 
 2457133.405666 14.42693 0.02487 
 2457133.422890 14.41107 0.02395 
 2457133.443226 14.42205 0.02474 
 2457133.462978 14.39635 0.02504 
 2457133.480298 14.44029 0.02533 
 2457133.500710 14.39374 0.02574 
 2457133.520443 14.43093 0.02647 
 2457133.544648 14.52091 0.02774 
 2457134.389399 14.42610 0.02285 
 2457134.401753 14.40054 0.02552 
 2457134.418990 14.44774 0.02434 
 2457134.438670 14.42867 0.02480 
 2457134.458305 14.41215 0.02598 
 2457134.475639 14.40566 0.02595 
 2457134.495964 14.39847 0.02610 
 2457134.515687 14.44483 0.02711 
 2457134.540016 14.40679 0.02833 
 2457134.564206 14.39073 0.02902 
 2457135.396433 14.42698 0.02649 
 2457135.413709 14.41926 0.02594 
 2457135.433415 14.39003 0.02553 
 2457135.453164 14.43798 0.02655 
 2457135.470556 14.42399 0.02611 
 2457135.502294 14.43929 0.02761 
 2457135.522056 14.46492 0.02844 
 2457136.391979 14.52632 0.02532 
 2457136.404413 14.49492 0.02565 
 2457136.421655 14.47741 0.02438 
 2457137.389182 14.41774 0.02616 
 2457137.401607 14.43491 0.02613 
 2457137.418864 14.38494 0.02690 
 2457137.436202 14.40497 0.02698 
 2457137.455929 14.38458 0.02782 
 2457137.475412 14.39381 0.02793 
 2457137.492512 14.41562 0.02981 
 2457138.452756 14.40295 0.01894 
 2457138.472379 14.44685 0.02606 
 2457138.489690 14.36715 0.02712 
 2457138.509539 14.43999 0.02748 
 2457138.536206 14.39782 0.02900 
 2457139.411344 14.42288 0.03031 
 2457139.429373 14.41996 0.02994 
 2457139.446750 14.47224 0.02899 
 2457139.464102 14.43726 0.02735 
 2457139.528554 14.41673 0.02996 
 2457140.383170 14.43929 0.03105 
 2457140.398112 14.41383 0.03132 
 2457140.415482 14.46917 0.03342 
 2457140.430494 14.40515 0.03213 
 2457140.447848 14.41960 0.03182 
 2457140.467305 14.43018 0.03184 
 2457140.485650 14.41539 0.03054 
 2457140.505300 14.40028 0.02893 
 2457140.531857 14.44857 0.01771 
 2457143.371327 14.39012 0.04235 
 2457143.379299 14.42030 0.04299 
 2457143.387569 14.46117 0.04510 
 2457143.395860 14.39215 0.04351 
 2457143.406267 14.42950 0.04422 
 2457143.416639 14.45858 0.04450 
 2457143.427054 14.35974 0.04489 
 2457143.437439 14.49718 0.04462 
 2457143.447977 14.43915 0.04452 
 2457143.460723 14.41960 0.04580 
 2457143.474293 14.47023 0.04692 
 2457143.487183 14.44795 0.04633 
 2457143.500070 14.41322 0.04654 
 2457143.529703 14.40908 0.04762 
 2457149.359577 14.36322 0.03933 
 2457149.369501 14.42350 0.03897 
 2457149.388422 14.41725 0.03973 
 2457149.410637 14.39258 0.04025 
 2457149.422250 14.45195 0.03958 
 2457149.429733 14.36659 0.04051 
 2457149.434896 14.42582 0.04130 
 2457149.452612 14.46611 0.04124 
 2457149.457850 14.39452 0.04185 
 2457149.463029 14.42711 0.04218 
 2457149.468244 14.47520 0.04204 
 2457149.473518 14.41627 0.04205 
 2457149.478673 14.42709 0.04260 
 2457149.483934 14.43780 0.04275 
 2457149.489111 14.37382 0.04272 
 2457149.491949 14.42155 0.04340 
 2457149.494898 14.43508 0.04333 
 2457149.497883 14.41607 0.04406 
 2457149.500673 14.40705 0.04404 
 2457149.503499 14.42819 0.04369 
 2457149.506348 14.45642 0.04391 
 2457149.509207 14.39804 0.04406 
 2457149.512211 14.48914 0.04376 
 2457149.515234 14.39383 0.04418 
 2457149.518032 14.37071 0.04485 
 2457149.520924 14.40284 0.04531 
 2457150.348114 14.41091 0.04447 
 2457150.381116 14.43185 0.05096 
 2457150.405554 14.43267 0.03657 
 2457150.444372 14.38627 0.04393 
 2457150.451906 14.43144 0.04186 
 2457150.459397 14.42751 0.04167 
 2457150.466841 14.36565 0.04091 
 2457150.474334 14.42624 0.04761 
 2457150.494478 14.41024 0.04379 
 2457150.499669 14.39368 0.05050 
 2457151.375581 14.41530 0.03412 
 2457151.393634 14.45002 0.03538 
 2457151.410791 14.45215 0.03482 
 2457151.423422 14.41525 0.03541 
 2457151.435980 14.46185 0.03563 
 2457151.460613 14.49064 0.03613 
 2457151.472497 14.43712 0.03672 
 2457151.484413 14.38846 0.03773 
 2457151.493989 14.43793 0.04885 
 2457151.503577 14.42787 0.04414 
 2457152.354425 14.41530 0.02526 
 2457152.371381 14.39756 0.02730 
 2457152.388335 14.44898 0.02899 
 2457152.405369 14.38873 0.02947 
 2457152.420129 14.41163 0.02935 
 2457152.449116 14.46345 0.03051 
 2457152.466230 14.42654 0.03209 
 2457152.494935 14.43602 0.03271 
 2457152.509638 14.41438 0.03398 
 2457153.347659 14.40077 0.02711 
 2457153.364603 14.43529 0.02636 
 2457153.384038 14.43238 0.02481 
 2457153.415414 14.43722 0.02707 
 2457153.434675 14.42687 0.02834 
 2457155.350479 14.42327 0.02495 
 2457155.378164 14.42215 0.02573 
 2457155.409651 14.42060 0.02635 
 2457155.428926 14.37210 0.02741 
 2457155.446825 14.41952 0.02741 
 2457155.483036 14.44502 0.02969 
 2457155.506905 14.41922 0.03125 
 2457156.330367 14.41377 0.02445 
 2457156.342618 14.41386 0.02760 
 2457156.364427 14.37814 0.02725 
 2457156.384553 14.43047 0.02794 
 2457156.423442 14.42745 0.02723 
 2457156.440407 14.38869 0.03315 
 2457156.476454 14.50262 0.02838 
 2457156.500355 14.45513 0.02655 
 2457159.331055 14.36917 0.02568 
 2457159.348183 14.40179 0.02560 
 2457159.367667 14.49356 0.02499 
 2457159.387034 14.42816 0.02493 
 2457159.404147 14.46021 0.02631 
 2457159.423501 14.41008 0.01873 
 2457159.440665 14.43980 0.02391 
 2457159.462598 14.46578 0.02390 
 2457159.486583 14.40956 0.02376 
 2457160.320158 14.43138 0.02372 
 2457160.341017 14.46799 0.02785 
 2457160.360543 14.42039 0.02424 
 2457160.411071 14.41948 0.02031 
 2457160.434154 14.42118 0.02183 
 2457160.453704 14.46862 0.02160 
 2457160.488457 14.43269 0.02319 
 2457161.319890 14.42920 0.02317 
 2457161.332185 14.40050 0.02402 
 2457161.349268 14.41983 0.02435 
 2457161.369375 14.41653 0.02412 
 2457161.388818 14.44983 0.02380 
 2457161.417980 14.41894 0.02660 
 2457161.458934 14.43803 0.01828 
 2457161.483177 14.41135 0.02471 
 2457162.421175 14.43961 0.03075 
 2457162.466240 14.39712 0.04757 
 2457163.337924 14.43601 0.02697 
 2457163.394229 14.46468 0.06270 
 2457163.413743 14.44120 0.02529 
 2457163.433299 14.43021 0.02933 
 2457164.329042 14.42574 0.02771 
 2457164.346215 14.45054 0.02722 
 2457164.375187 14.43378 0.03355 
 2457164.393238 14.41652 0.02670 
 2457164.414761 14.39868 0.02743 
 2457165.314175 14.43717 0.02668 
 2457165.331204 14.44355 0.02545 
 2457165.350738 14.40109 0.02500 
 2457165.418720 14.46277 0.02487 
 2457165.438207 14.43864 0.02416 
 2457167.301291 14.38211 0.02611 
 2457167.313769 14.37741 0.02835 
 2457167.340799 14.42478 0.02641 
 2457167.355629 14.41470 0.02698 
 2457167.372803 14.40684 0.05632 
 2457167.404352 14.41014 0.01973 
 2457167.423909 14.46745 0.04411 
 2457167.473833 14.43951 0.02264 
 2457168.340151 14.42757 0.02800 
 2457168.352789 14.40901 0.02702 
 2457168.376228 14.45210 0.02724 
 2457168.393311 14.40320 0.02675 
 2457168.417884 14.43468 0.02624 
 2457168.453612 14.43018 0.02388 
 2457169.293655 14.41403 0.02641 
 2457170.318524 14.56684 0.03141 
 2457170.367622 14.48918 0.03945 
 2457170.380210 14.44778 0.03329 
 2457170.395751 14.42039 0.03337 
 2457170.408498 14.47121 0.03286 
 2457170.452242 14.39979 0.03293 
 2457180.284471 14.37780 0.02406 
 2457180.301487 14.40316 0.02357 
 2457180.318530 14.46003 0.02446 
 2457180.337963 14.48179 0.02806 
 2457180.357411 14.42435 0.03026 
 2457180.378323 14.41168 0.03080 
 2457180.397774 14.43387 0.03162 
 2457180.417284 14.39573 0.03259 
 2457180.434431 14.42737 0.03339 
 2457181.262652 14.41723 0.02153 
 2457181.274942 14.40112 0.02335 
 2457181.292045 14.42222 0.02438 
 2457181.312179 14.46931 0.02428 
 2457181.331553 14.40467 0.02471 
 2457181.348630 14.38538 0.02449 
 2457181.368699 14.40497 0.02572 
 2457181.388253 14.39666 0.02790 
 2457181.409957 14.40958 0.02964 
 2457181.431552 14.45308 0.03145 
 2457182.259964 14.42924 0.02307 
 2457182.272297 14.43018 0.02491 
 2457182.289304 14.39452 0.02504 
 2457182.309673 14.41790 0.02496 
 2457182.329125 14.44487 0.02463 
 2457182.346196 14.39548 0.02446 
 2457182.366333 14.45036 0.02418 
 2457182.385853 14.49542 0.02352 
 2457183.348088 14.43077 0.01860 
 2457183.380806 14.39689 0.02546 
 2457183.410124 14.41337 0.02510 
 2457185.279028 14.46426 0.02445 
 2457185.298523 14.40331 0.02491 
 2457185.317868 14.45014 0.02467 
 2457185.335014 14.46486 0.02452 
 2457185.355118 14.39800 0.02401 
 2457185.407360 14.36671 0.02437 
 2457186.266059 14.36804 0.02508 
 2457186.283075 14.41890 0.02526 
 2457186.303249 14.42362 0.02385 
 2457186.322640 14.43040 0.02528 
 2457186.341974 14.41697 0.02540 
 2457186.360010 14.43147 0.02614 
 2457186.379554 14.40688 0.02655 
 2457186.405931 14.44051 0.02527 
 2457187.255955 14.41147 0.02645 
 2457187.274803 14.44190 0.02781 
 2457187.296685 14.40362 0.02471 
 2457187.369488 14.42794 0.02580 
 2457188.264448 14.44272 0.02816 
 2457188.286369 14.42007 0.02679 
 2457188.307216 14.45401 0.02735 
 2457188.325483 14.47246 0.02720 
 2457188.348196 14.43162 0.02730 
 2457188.370411 14.45436 0.02863 
 2457188.398804 14.34256 0.02966 
 2457191.238639 14.46594 0.02236 
 2457191.250843 14.50542 0.02488 
 2457191.267794 14.45968 0.02509 
 2457191.287805 14.51475 0.02336 
 2457191.341338 14.49201 0.02344 
 2457191.360750 14.49403 0.02383 
 2457191.384736 14.44845 0.02350 
 2457191.408567 14.45171 0.02365 
 2457192.249895 14.41070 0.02692 
 2457192.266752 14.42031 0.02667 
 2457192.286846 14.43685 0.02601 
 2457192.306163 14.42326 0.02584 
 2457192.325352 14.42732 0.02550 
 2457192.342281 14.43678 0.02462 
 2457192.361706 14.44349 0.02385 
 2457192.387948 14.40916 0.02357 
 2457193.233888 14.44189 0.02344 
 2457193.246094 14.44422 0.02604 
 2457193.260688 14.40711 0.02531 
 2457193.278455 14.46243 0.02537 
 2457193.295553 14.42895 0.02488 
 2457193.312516 14.41131 0.02366 
 2457193.331739 14.41681 0.02416 
 2457193.351176 14.38978 0.02434 
 2457193.375085 14.42700 0.02416 
 2457194.244572 14.41922 0.02475 
 2457194.259112 14.38965 0.02531 
 2457194.276815 14.43898 0.02520 
 2457194.293873 14.44284 0.02584 
 2457194.310913 14.39806 0.02571 
 2457194.330887 14.38466 0.02518 
 2457194.350296 14.44370 0.02536 
 2457194.374232 14.41543 0.02587 
 2457194.398029 14.42758 0.02731 
 2457195.231869 14.45429 0.02958 
 2457195.244255 14.40886 0.02899 
 2457195.256666 14.42059 0.02949 
 2457195.271533 14.39794 0.02973 
 2457195.286278 14.40146 0.02899 
 2457195.300980 14.45861 0.02828 
 2457195.317882 14.39740 0.02815 
 2457195.336401 14.40328 0.02773 
 2457195.353438 14.37465 0.02729 
 2457195.375040 14.41218 0.02781 
 2457196.221968 14.44279 0.02663 
 2457196.234231 14.42525 0.02977 
 2457196.246695 14.42824 0.02878 
 2457196.259068 14.40072 0.02911 
 2457196.274587 14.45863 0.02893 
 2457196.289387 14.38765 0.02939 
 2457196.304128 14.46401 0.02946 
 2457196.321111 14.39811 0.02984 
 2457196.336642 14.42817 0.03063 
 2457196.353717 14.43694 0.02944 
 2457196.377630 14.37670 0.02853 
 2457197.218688 14.43398 0.02863 
 2457197.228651 14.43942 0.03130 
 2457197.238880 14.43123 0.03196 
 2457197.249011 14.47672 0.03099 
 2457197.261525 14.45894 0.03057 
 2457197.273986 14.47996 0.03104 
 2457197.299001 14.46382 0.02980 
 2457197.313645 14.52018 0.02932 
 2457197.329985 14.46583 0.02944 
 2457197.344811 14.41816 0.02918 
 2457197.364263 14.46147 0.02909 
 2457197.385916 14.42097 0.02940 
 2457203.216879 14.41191 0.04748 
 2457203.226460 14.39027 0.05664 
 2457203.235998 14.41787 0.04702 
 2457203.245515 14.43590 0.04539 
 2457203.255065 14.41462 0.04659 
 2457203.264626 14.42554 0.04610 
 2457203.274143 14.41990 0.04569 
 2457203.281320 14.47025 0.04601 
 2457203.286219 14.41798 0.04610 
 2457203.291103 14.44064 0.04685 
 2457203.296007 14.40516 0.04688 
 2457203.300916 14.40470 0.04599 
 2457203.305928 14.37155 0.04695 
 2457203.310787 14.45616 0.04674 
 2457203.315731 14.43126 0.04640 
 2457203.320641 14.37865 0.04606 
 2457203.325517 14.46169 0.04638 
 2457203.330393 14.48779 0.04707 
 2457203.335335 14.42316 0.04734 
 2457203.342778 14.40044 0.04776 
 2457203.348150 14.46788 0.04862 
 2457203.353437 14.46667 0.04759 
 2457203.358724 14.45308 0.04810 
 2457203.363935 14.45398 0.04872 
 2457203.369164 14.38499 0.04786 
 2457203.374392 14.41410 0.04844 
 2457204.219528 14.36240 0.04965 
 2457204.232056 14.37693 0.04911 
 2457204.244579 14.44531 0.04911 
 2457204.268263 14.43985 0.04909 
 2457204.277880 14.42670 0.05420 
 2457204.285035 14.42177 0.06081 
 2457204.292177 14.37299 0.05347 
 2457204.299318 14.40100 0.05111 
 2457204.306432 14.42344 0.05177 
 2457204.313624 14.43743 0.05000 
 2457204.320868 14.40016 0.06134 
 2457204.327992 14.42652 0.05692 
 2457204.335111 14.49387 0.07345 
 2457204.342288 14.40071 0.05162 
 2457204.347220 14.35670 0.05228 
 2457204.352156 14.44800 0.03454 
 2457204.357042 14.47594 0.03903 
 2457204.361998 14.35998 0.05294 
 2457204.366897 14.49480 0.05351 
 2457204.371825 14.43359 0.05279 
 2457205.225156 14.38637 0.05431 
 2457205.240056 14.44595 0.05292 
 2457205.254896 14.38056 0.05232 
 2457205.269705 14.37921 0.05249 
 2457205.280009 14.36047 0.05300 
 2457205.299615 14.37059 0.05425 
 2457205.309205 14.41976 0.05486 
 2457205.318832 14.38046 0.05604 
 2457205.328435 14.41511 0.05555 
 2457205.338091 14.53421 0.05580 
 2457205.345429 14.47519 0.05674 
 2457205.352651 14.41939 0.05677 
 2457205.359853 14.40364 0.05762 
 2457205.367103 14.50844 0.05853 
 2457206.235934 14.48195 0.05050 
 2457206.252892 14.44275 0.05053 
 2457206.269894 14.35024 0.05172 
 2457206.282410 14.47742 0.05277 
 2457206.295079 14.40425 0.05331 
 2457206.307010 14.47690 0.05467 
 2457206.318883 14.51156 0.05507 
 2457206.330744 14.43884 0.05360 
 2457206.342604 14.38528 0.05623 
 2457206.352331 14.46435 0.05571 
 2457206.361856 14.40763 0.05556 
 2457207.232701 14.39439 0.03602 
 2457207.252126 14.45076 0.04023 
 2457207.271532 14.36293 0.04287 
 2457207.290787 14.47035 0.04424 
 2457207.305475 14.42406 0.04598 
 2457207.324890 14.44381 0.04703 
 2457207.344415 14.40118 0.04816 
 2457207.361587 14.45933 0.04811 
 2457208.266016 14.41250 0.02724 
 2457209.247385 14.45615 0.02867 
 2457209.266799 14.41354 0.02843 
 2457209.286014 14.46531 0.02697 
 2457209.303174 14.43074 0.02680 
 2457209.322631 14.43228 0.02910 
 2457209.346617 14.44144 0.03406 
 2457210.304988 14.41678 0.03683 
 2457210.329148 14.42342 0.02286 
 2457210.353087 14.41232 0.02746 
 2457212.307484 14.43221 0.02560 
 2457212.333775 14.37250 0.02729 
 2457214.236851 14.44106 0.02631 
 2457214.298659 14.42349 0.02283 
 2457216.237541 14.41889 0.02838 
 2457216.254683 14.42476 0.02613 
 2457216.274819 14.40904 0.02805 
 2457216.294295 14.38045 0.02691 
 2457216.318299 14.40567 0.02793 
 2457217.259388 14.40381 0.02365 
 2457217.278983 14.42780 0.02448 
 2457218.232097 14.41889 0.02612 
 2457218.249285 14.39442 0.02582 
 2457218.269395 14.42764 0.02589 
 2457218.289011 14.41752 0.02560 
 2457218.313027 14.41901 0.02605 
 2457219.234348 14.41166 0.02576 
 2457219.253709 14.42973 0.02601 
 2457219.271757 14.40951 0.02575 
 2457219.291250 14.42830 0.02465 
 2457219.317638 14.44375 0.02395 
 2457221.240719 14.40600 0.02429 
 2457222.235640 14.44520 0.02521 
 2457222.255765 14.44930 0.02489 
 2457222.275304 14.42000 0.02467 
 2457235.236793 14.43775 0.04483 
 2457235.256410 14.37690 0.04730 
 2457235.273670 14.37172 0.04878 
 2457236.236821 14.42046 0.03133 
 2457236.260970 14.39940 0.03742 
 2457236.285019 14.36589 0.04277 
 2457237.237841 14.43842 0.02577 
 2457237.264311 14.40319 0.02729 
 2457238.239880 14.43274 0.02813 
 2457238.266298 14.43579 0.02794 
 2457240.242001 14.45021 0.02633 
 2457240.266132 14.46823 0.02707 
 2457241.245563 14.38067 0.02707 
 2457241.269654 14.44590 0.02751 
 2457242.244872 14.37138 0.02650 
 2457242.269029 14.43204 0.02761 
 2457243.249498 14.39563 0.02837 
 2457244.253009 14.41073 0.02592 
 2457246.243742 14.48867 0.02206 
