\INPUT_FILE = /exodata/ETSS-prep/KELT/doN04/raw/KELT_N04_lc_012502_V01_west_tfa.dat
\INPUT_TYPE = "RAW"
\START_DATE = "Fri Oct 27, 11:06:17 2006"               
\STOP_DATE = "Mon Nov 24, 11:50:37 2008"               
\fixlen = T
\NUMRECORDS = 192      
\
\ This file was produced by the NASA Exoplanet Archive  http://exoplanetarchive.ipac.caltech.edu 
\ Wed Mar 02, 05:44:46 2016
\ Documentation for the KELT Survey dataset can be found at http://exoplanetarchive.ipac.caltech.edu/docs/KELT.html
\
|          TIME|     MAG|MAG_ERR|
|          real|    real|   real|
|             d|     mag|    mag|
|          null|    null|   null|
 2454035.962698 15.35064 0.02370 
 2454035.968161 15.33643 0.02374 
 2454035.973626 15.38140 0.02367 
 2454035.979092 15.36877 0.02302 
 2454038.949626 15.37422 0.02248 
 2454038.955089 15.34837 0.02098 
 2454038.960554 15.37960 0.02069 
 2454038.966016 15.36585 0.02093 
 2454038.971479 15.37210 0.02138 
 2454040.943480 15.35951 0.02597 
 2454040.948944 15.40105 0.02475 
 2454040.954407 15.39838 0.02563 
 2454040.959870 15.37643 0.02520 
 2454041.943883 15.37070 0.02126 
 2454041.949397 15.38775 0.02186 
 2454081.834273 15.40708 0.02482 
 2454081.839633 15.37624 0.02502 
 2454081.844993 15.38211 0.02453 
 2454082.827092 15.40114 0.02591 
 2454082.832460 15.36397 0.02383 
 2454082.837831 15.37886 0.02407 
 2454082.843194 15.38963 0.02450 
 2454082.848562 15.37680 0.02432 
 2454083.829607 15.40018 0.02286 
 2454083.834969 15.38794 0.02281 
 2454083.840340 15.35055 0.02108 
 2454094.799300 15.38471 0.02414 
 2454094.804865 15.41261 0.02426 
 2454094.810431 15.37246 0.02423 
 2454094.815995 15.37901 0.02577 
 2454094.821562 15.37681 0.02491 
 2454094.827128 15.36164 0.02429 
 2454094.832695 15.37048 0.02501 
 2454095.797131 15.40682 0.02432 
 2454095.802698 15.37891 0.02389 
 2454095.808269 15.38081 0.02281 
 2454095.813841 15.36836 0.02303 
 2454095.819412 15.38695 0.02671 
 2454116.736202 15.36334 0.02211 
 2454116.741768 15.37648 0.02199 
 2454116.747335 15.34657 0.02291 
 2454116.752901 15.38617 0.02302 
 2454116.758467 15.35789 0.02242 
 2454116.764032 15.38105 0.02231 
 2454117.736101 15.35507 0.02287 
 2454117.741674 15.38068 0.02309 
 2454117.747251 15.34679 0.02332 
 2454124.714637 15.40108 0.02572 
 2454124.720209 15.44521 0.02485 
 2454140.678527 15.41195 0.02201 
 2454141.679270 15.39589 0.02553 
 2454147.657538 15.40538 0.02421 
 2454147.663110 15.39071 0.02426 
 2454148.647932 15.38206 0.02281 
 2454148.653504 15.36985 0.02243 
 2454148.659079 15.36051 0.02250 
 2454152.641413 15.38749 0.02232 
 2454152.646985 15.38239 0.02268 
 2454387.000016 15.37709 0.02187 
 2454395.974053 15.35775 0.02549 
 2454407.941840 15.38076 0.02577 
 2454408.939859 15.42041 0.02454 
 2454409.936590 15.39410 0.02587 
 2454412.927730 15.35843 0.02307 
 2454413.925298 15.40848 0.02424 
 2454416.916474 15.38950 0.02269 
 2454447.832271 15.34915 0.02045 
 2454465.780080 15.41258 0.02260 
 2454581.634165 15.38413 0.02732 
 2454749.022412 15.36935 0.04683 
 2454753.013569 15.39709 0.02552 
 2454753.023736 15.39502 0.04651 
 2454754.010639 15.41577 0.04488 
 2454754.020822 15.36698 0.04539 
 2454755.005030 15.39274 0.04934 
 2454755.012951 15.40307 0.04937 
 2454755.020870 15.35205 0.05463 
 2454777.949230 15.45472 0.02505 
 2454777.959016 15.43144 0.02626 
 2454777.968798 15.42812 0.02540 
 2454777.978583 15.37215 0.02601 
 2454777.990561 15.35402 0.02761 
 2454778.000168 15.33790 0.02792 
 2454778.947653 15.37476 0.02618 
 2454778.957450 15.38196 0.02553 
 2454778.967268 15.37805 0.02612 
 2454778.977072 15.36687 0.02666 
 2454778.998702 15.38086 0.02645 
 2454779.017953 15.36459 0.02630 
 2454779.939244 15.50137 0.02747 
 2454779.949041 15.43430 0.02771 
 2454779.958866 15.45066 0.02818 
 2454779.978478 15.43496 0.02921 
 2454779.990489 15.45230 0.02835 
 2454789.909302 15.40861 0.03214 
 2454789.916223 15.39102 0.03087 
 2454789.920765 15.41081 0.03076 
 2454789.925300 15.41609 0.03084 
 2454789.929835 15.40699 0.03091 
 2454789.934377 15.38226 0.03095 
 2454789.938917 15.38632 0.03122 
 2454789.943458 15.37554 0.03153 
 2454789.948002 15.41501 0.03068 
 2454789.952539 15.36889 0.03099 
 2454789.957083 15.36513 0.03091 
 2454789.961621 15.40799 0.03075 
 2454789.966163 15.35266 0.03007 
 2454789.970707 15.38007 0.03059 
 2454789.975242 15.43658 0.03081 
 2454789.979788 15.40026 0.03095 
 2454789.988870 15.43128 0.03188 
 2454789.995518 15.35236 0.03175 
 2454789.997625 15.35893 0.03181 
 2454789.999731 15.38803 0.03157 
 2454790.001843 15.39029 0.03266 
 2454790.003953 15.42876 0.03316 
 2454790.006062 15.41787 0.03264 
 2454790.008176 15.38812 0.03214 
 2454790.010287 15.40620 0.03326 
 2454790.012402 15.38905 0.03216 
 2454790.014515 15.40075 0.03189 
 2454790.016624 15.35895 0.03184 
 2454790.018735 15.38608 0.03275 
 2454790.020849 15.35658 0.03254 
 2454790.022956 15.36173 0.03232 
 2454790.905857 15.40131 0.02614 
 2454790.912781 15.36542 0.02548 
 2454790.917318 15.38241 0.02576 
 2454790.921863 15.39335 0.02629 
 2454790.926403 15.39695 0.02611 
 2454790.930930 15.38981 0.02572 
 2454790.935473 15.41559 0.02578 
 2454790.940011 15.38062 0.02630 
 2454790.944543 15.34808 0.02657 
 2454790.949088 15.40575 0.02651 
 2454790.953628 15.38525 0.02599 
 2454790.958167 15.38510 0.02624 
 2454790.962717 15.39362 0.02618 
 2454790.967256 15.41878 0.02673 
 2454790.971808 15.39400 0.02723 
 2454790.976349 15.37689 0.02722 
 2454790.980873 15.40253 0.02720 
 2454790.985422 15.39061 0.02780 
 2454790.992071 15.41889 0.02754 
 2454790.994171 15.38537 0.02785 
 2454790.996285 15.39776 0.02761 
 2454790.998381 15.39682 0.02758 
 2454791.000503 15.39015 0.02770 
 2454791.002599 15.39459 0.02755 
 2454791.004718 15.40107 0.02747 
 2454791.006811 15.38368 0.02798 
 2454791.008929 15.36630 0.02792 
 2454791.011031 15.35306 0.02790 
 2454791.013151 15.39107 0.02766 
 2454791.019470 15.35570 0.02827 
 2454791.021585 15.36005 0.02877 
 2454791.023679 15.38704 0.02838 
 2454791.025796 15.38233 0.02829 
 2454791.908886 15.40655 0.02539 
 2454791.931835 15.36977 0.02625 
 2454791.947125 15.37951 0.02639 
 2454791.954756 15.40405 0.02583 
 2454791.959283 15.36860 0.02654 
 2454791.968354 15.37723 0.02671 
 2454791.972886 15.38574 0.02689 
 2454791.977443 15.36167 0.02705 
 2454791.981983 15.38403 0.02697 
 2454791.993445 15.34878 0.02741 
 2454791.997977 15.34881 0.02823 
 2454792.002496 15.36793 0.02825 
 2454792.007043 15.39217 0.02730 
 2454792.011578 15.41919 0.02754 
 2454792.016103 15.32799 0.02818 
 2454792.020647 15.33905 0.02770 
 2454792.025189 15.36884 0.02789 
 2454792.032440 15.39378 0.02912 
 2454792.039675 15.44052 0.03847 
 2454792.909264 15.37871 0.02510 
 2454792.928856 15.42509 0.02354 
 2454792.938652 15.35990 0.02406 
 2454793.966179 15.43912 0.02518 
 2454793.988672 15.45502 0.02527 
 2454794.003964 15.46605 0.02409 
 2454794.011592 15.51366 0.02473 
 2454794.026868 15.49234 0.02527 
 2454794.031396 15.48374 0.02492 
 2454794.035945 15.47175 0.02570 
 2454794.040486 15.51121 0.02921 
 2454794.913391 15.36870 0.02392 
 2454794.923196 15.39754 0.02402 
 2454794.933000 15.39572 0.02459 
 2454794.993484 15.39680 0.02783 
