\OBJNAME = '1SWASP J013412.76+595625.4'
\OBSSTART = '2008-07-19T04:36:57'
\OBSSTOP = '2008-07-23T05:30:38'
\TSTART = 143526898
\TSTOP = 143875741
\JD_REF = 2453005.5
\RA_OBJ = '23.553183'
\DEC_OBJ = '59.940411'
\WASP_MAG = 12.8225
\HJD_START = 2454666.690949
\HJD_STOP = 2454670.728484
\fixlen = T
\NUMRECORDS = 49
\
\ This file was produced by the NASA Exoplanet Archive  http://exoplanetarchive.ipac.caltech.edu 
\ Fri Sep 13, 01:32:30 2013
\ Documentation for the SuperWASP dataset can be found at http://exoplanetarchive.ipac.caltech.edu/docs/SuperWASPMission.html
\
|TMID      |FLUX2         |FLUX2_ERR     |TAMFLUX2      |TAMFLUX2_ERR  |IMAGEID           |CCDX      |CCDY      |FLAG |           HJD|         MAG2|     MAG2_ERR|      TAMMAG2|  TAMMAG2_ERR|
|int       |float         |float         |float         |float         |char              |int       |int       |int  |        double|        float|        float|        float|        float|
|sec       |micro Vega    |micro Vega    |micro Vega    |micro Vega    |                  |1/16 pixel|1/16 pixel|     |           day|          mag|          mag|          mag|          mag|
|null      |null          |null          |null          |null          |null              |null      |null      |null |          null|         null|         null|         null|         null|
  143526898   7.744262e+00   3.244042e-01   7.744262e+00   3.244042e-01 145200807190436570      21320      16025     0 2454666.690949  1.277755e+01  4.548123e-02  1.277755e+01  4.548123e-02 
  143529393   7.641961e+00   3.065518e-01   7.641961e+00   3.065518e-01 145200807190518320      21238      15821     0 2454666.719826  1.279199e+01  4.355368e-02  1.279199e+01  4.355368e-02 
  143529433   7.905890e+00   3.085288e-01   7.905890e+00   3.085288e-01 145200807190519110      21235      15819     0 2454666.720289  1.275512e+01  4.237119e-02  1.275512e+01  4.237119e-02 
  143698712   7.755606e+00   5.550566e-01   7.755606e+00   5.550566e-01 145200807210420210      21353      16063     0 2454668.679537  1.277596e+01  7.770471e-02  1.277596e+01  7.770471e-02 
  143698750   7.940100e+00   5.484444e-01   7.940100e+00   5.484444e-01 145200807210420590      21350      16060     0 2454668.679977  1.275043e+01  7.499503e-02  1.275043e+01  7.499503e-02 
  143699212   7.777246e+00   4.793665e-01   7.777246e+00   4.793665e-01 145200807210428400      21328      16013     0 2454668.685324  1.277293e+01  6.692180e-02  1.277293e+01  6.692180e-02 
  143699444   7.091333e+00   4.117835e-01   7.091333e+00   4.117835e-01 148200807210432330      22909      13756     0 2454668.688009  1.287318e+01  6.304736e-02  1.287318e+01  6.304736e-02 
  143699484   7.261751e+00   4.104851e-01   7.261751e+00   4.104851e-01 148200807210433120      22909      13762     0 2454668.688472  1.284740e+01  6.137363e-02  1.284740e+01  6.137363e-02 
  143699998   7.379795e+00   4.527263e-01   7.379795e+00   4.527263e-01 145200807210441470      21308      15943     0 2454668.694421  1.282989e+01  6.660660e-02  1.282989e+01  6.660660e-02 
  143700038   7.901144e+00   4.538966e-01   7.901144e+00   4.538966e-01 145200807210442260      21305      15940     0 2454668.694884  1.275578e+01  6.237244e-02  1.275578e+01  6.237244e-02 
  143700739   6.851187e+00   4.075555e-01   6.851187e+00   4.075555e-01 148200807210454070      22890      13935     0 2454668.702998  1.291059e+01  6.458725e-02  1.291059e+01  6.458725e-02 
  143700777   7.804085e+00   4.111216e-01   7.804085e+00   4.111216e-01 148200807210454460      22889      13939     0 2454668.703438  1.276919e+01  5.719711e-02  1.276919e+01  5.719711e-02 
  143701295   7.119740e+00   4.448086e-01   7.119740e+00   4.448086e-01 145200807210503220      21247      15844     0 2454668.709433  1.286884e+01  6.783205e-02  1.286884e+01  6.783205e-02 
  143701333   6.987671e+00   4.446333e-01   6.987671e+00   4.446333e-01 145200807210504010      21245      15842     0 2454668.709873  1.288917e+01  6.908684e-02  1.288917e+01  6.908684e-02 
  143701386   6.661944e+00   4.034118e-01   6.661944e+00   4.034118e-01 148200807210504540      22877      14025     0 2454668.710486  1.294100e+01  6.574663e-02  1.294100e+01  6.574663e-02 
  143701426   6.744338e+00   3.987190e-01   6.744338e+00   3.987190e-01 148200807210505330      22877      14030     0 2454668.710949  1.292765e+01  6.418794e-02  1.292765e+01  6.418794e-02 
  143702045   7.210894e+00   4.645919e-01   7.210894e+00   4.645919e-01 145200807210515530      21212      15802     0 2454668.718113  1.285503e+01  6.995333e-02  1.285503e+01  6.995333e-02 
  143702085   7.539880e+00   4.675539e-01   7.539880e+00   4.675539e-01 145200807210516320      21209      15801     0 2454668.718576  1.280659e+01  6.732759e-02  1.280659e+01  6.732759e-02 
  143702137   6.939476e+00   4.380920e-01   6.939476e+00   4.380920e-01 148200807210517250      22873      14117     0 2454668.719178  1.289668e+01  6.854322e-02  1.289668e+01  6.854322e-02 
  143702174   8.119299e+00   4.475638e-01   8.119299e+00   4.475638e-01 148200807210518020      22873      14121     0 2454668.719606  1.272620e+01  5.984974e-02  1.272620e+01  5.984974e-02 
  143785924   7.258853e+00   4.015928e-01   7.258853e+00   4.015928e-01 145200807220433460      21300      15783     0 2454669.688935  1.284783e+01  6.006807e-02  1.284783e+01  6.006807e-02 
  143785962   7.544072e+00   3.946520e-01   7.544072e+00   3.946520e-01 145200807220434240      21298      15780     0 2454669.689375  1.280599e+01  5.679816e-02  1.280599e+01  5.679816e-02 
  143786250   7.103738e+00   3.358915e-01   7.103738e+00   3.358915e-01 148200807220439130      22884      13851     0 2454669.692708  1.287128e+01  5.133788e-02  1.287128e+01  5.133788e-02 
  143787398   8.032506e+00   3.635029e-01   8.032506e+00   3.635029e-01 145200807220458210      21238      15665     0 2454669.705995  1.273787e+01  4.913406e-02  1.273787e+01  4.913406e-02 
  143787438   8.086855e+00   3.596367e-01   8.086855e+00   3.596367e-01 145200807220459000      21234      15663     0 2454669.706458  1.273055e+01  4.828477e-02  1.273055e+01  4.828477e-02 
  143787579   6.645514e+00   3.301945e-01   6.645514e+00   3.301945e-01 148200807220501210      22867      14031     0 2454669.708090  1.294368e+01  5.394698e-02  1.294368e+01  5.394698e-02 
  143787950   7.493511e+00   3.615253e-01   7.493511e+00   3.615253e-01 145200807220507320      21205      15631     0 2454669.712384  1.281329e+01  5.238165e-02  1.281329e+01  5.238165e-02 
  143787988   7.499641e+00   3.601834e-01   7.499641e+00   3.601834e-01 145200807220508110      21202      15630     0 2454669.712824  1.281240e+01  5.214456e-02  1.281240e+01  5.214456e-02 
  143788264   7.034657e+00   3.365901e-01   7.034657e+00   3.365901e-01 148200807220512470      22861      14116     0 2454669.716019  1.288189e+01  5.194985e-02  1.288189e+01  5.194985e-02 
  143788803   7.759312e+00   3.928057e-01   7.759312e+00   3.928057e-01 145200807220521460      21170      15607     0 2454669.722257  1.277544e+01  5.496427e-02  1.277544e+01  5.496427e-02 
  143788842   7.300471e+00   3.950367e-01   7.300471e+00   3.950367e-01 145200807220522240      21166      15606     0 2454669.722708  1.284162e+01  5.875061e-02  1.284162e+01  5.875061e-02 
  143789077   6.727530e+00   3.934260e-01   6.727530e+00   3.934260e-01 148200807220526190      22847      14211     0 2454669.725428  1.293036e+01  6.349409e-02  1.293036e+01  6.349409e-02 
  143789116   6.617749e+00   4.035276e-01   6.617749e+00   4.035276e-01 148200807220526580      22847      14214     0 2454669.725880  1.294822e+01  6.620470e-02  1.294822e+01  6.620470e-02 
  143872342   7.760312e+00   2.850191e-01   7.760312e+00   2.850191e-01 145200807230433590      21294      15755     0 2454670.689144  1.277530e+01  3.987683e-02  1.277530e+01  3.987683e-02 
  143872435   7.787701e+00   2.458895e-01   7.787701e+00   2.458895e-01 148200807230435310      22875      13852     0 2454670.690220  1.277148e+01  3.428125e-02  1.277148e+01  3.428125e-02 
  143872473   7.923182e+00   2.445739e-01   7.923182e+00   2.445739e-01 148200807230436100      22876      13856     0 2454670.690660  1.275275e+01  3.351478e-02  1.275275e+01  3.351478e-02 
  143873627   7.653474e+00   2.547832e-01   7.653474e+00   2.547832e-01 145200807230455230      21226      15663     0 2454670.704016  1.279035e+01  3.614415e-02  1.279035e+01  3.614415e-02 
  143873665   7.084787e+00   2.547879e-01   7.084787e+00   2.547879e-01 145200807230456020      21224      15662     0 2454670.704456  1.287418e+01  3.904612e-02  1.287418e+01  3.904612e-02 
  143873718   7.835704e+00   2.394776e-01   7.835704e+00   2.394776e-01 148200807230456550      22869      14024     0 2454670.705069  1.276480e+01  3.318278e-02  1.276480e+01  3.318278e-02 
  143873758   7.776371e+00   2.390102e-01   7.776371e+00   2.390102e-01 148200807230457340      22869      14029     0 2454670.705532  1.277306e+01  3.337070e-02  1.277306e+01  3.337070e-02 
  143874378   7.433447e+00   2.415181e-01   7.433447e+00   2.415181e-01 148200807230507550      22871      14110     0 2454670.712708  1.282202e+01  3.527648e-02  1.282202e+01  3.527648e-02 
  143874418   7.325245e+00   2.429927e-01   7.325245e+00   2.429927e-01 148200807230508340      22872      14113     0 2454670.713171  1.283794e+01  3.601611e-02  1.283794e+01  3.601611e-02 
  143875047   7.410810e+00   2.757525e-01   7.410810e+00   2.757525e-01 145200807230519030      21157      15607     0 2454670.720451  1.282534e+01  4.039984e-02  1.282534e+01  4.039984e-02 
  143875085   7.264019e+00   2.781602e-01   7.264019e+00   2.781602e-01 145200807230519420      21153      15606     0 2454670.720891  1.284706e+01  4.157611e-02  1.284706e+01  4.157611e-02 
  143875138   7.075229e+00   2.643602e-01   7.075229e+00   2.643602e-01 148200807230520350      22854      14200     0 2454670.721505  1.287565e+01  4.056780e-02  1.287565e+01  4.056780e-02 
  143875178   7.274542e+00   2.679166e-01   7.274542e+00   2.679166e-01 148200807230521140      22855      14204     0 2454670.721968  1.284549e+01  3.998709e-02  1.284549e+01  3.998709e-02 
  143875649   7.491577e+00   3.471420e-01   7.491577e+00   3.471420e-01 145200807230529060      21133      15578     0 2454670.727419  1.281357e+01  5.031063e-02  1.281357e+01  5.031063e-02 
  143875703   7.943790e+00   3.431293e-01   7.943790e+00   3.431293e-01 148200807230530000      22847      14255     0 2454670.728044  1.274993e+01  4.689816e-02  1.274993e+01  4.689816e-02 
  143875741   7.556349e+00   3.564629e-01   7.556349e+00   3.564629e-01 148200807230530380      22847      14258     0 2454670.728484  1.280422e+01  5.121865e-02  1.280422e+01  5.121865e-02 
