\OBJNAME = '1SWASP J013409.06+595614.7'
\OBSSTART = '2008-07-19T04:36:57'
\OBSSTOP = '2008-07-23T05:30:38'
\TSTART = 143526898
\TSTOP = 143875741
\JD_REF = 2453005.5
\RA_OBJ = '23.537764'
\DEC_OBJ = '59.937428'
\WASP_MAG = 12.708
\HJD_START = 2454666.690949
\HJD_STOP = 2454670.728484
\fixlen = T
\NUMRECORDS = 47
\
\ This file was produced by the NASA Exoplanet Archive  http://exoplanetarchive.ipac.caltech.edu 
\ Thu Sep 12, 05:10:36 2013
\ Documentation for the SuperWASP dataset can be found at http://exoplanetarchive.ipac.caltech.edu/docs/SuperWASPMission.html
\
|TMID      |FLUX2         |FLUX2_ERR     |TAMFLUX2      |TAMFLUX2_ERR  |IMAGEID           |CCDX      |CCDY      |FLAG |           HJD|         MAG2|     MAG2_ERR|      TAMMAG2|  TAMMAG2_ERR|
|int       |float         |float         |float         |float         |char              |int       |int       |int  |        double|        float|        float|        float|        float|
|sec       |micro Vega    |micro Vega    |micro Vega    |micro Vega    |                  |1/16 pixel|1/16 pixel|     |           day|          mag|          mag|          mag|          mag|
|null      |null          |null          |null          |null          |null              |null      |null      |null |          null|         null|         null|         null|         null|
  143526898   8.652734e+00   3.240946e-01   8.652734e+00   3.240946e-01 145200807190436570      21304      16054     0 2454666.690949  1.265712e+01  4.066720e-02  1.265712e+01  4.066720e-02 
  143526936   8.979030e+00   3.203455e-01   8.979030e+00   3.203455e-01 145200807190437360      21303      16051     0 2454666.691389  1.261693e+01  3.873603e-02  1.261693e+01  3.873603e-02 
  143528185   9.341400e+00   2.970054e-01   9.341400e+00   2.970054e-01 145200807190458240      21275      15932     0 2454666.705845  1.257397e+01  3.452059e-02  1.257397e+01  3.452059e-02 
  143529393   8.422115e+00   3.069583e-01   8.422115e+00   3.069583e-01 145200807190518320      21222      15850     0 2454666.719826  1.268645e+01  3.957165e-02  1.268645e+01  3.957165e-02 
  143529433   8.944804e+00   3.095320e-01   8.944804e+00   3.095320e-01 145200807190519110      21220      15849     0 2454666.720289  1.262107e+01  3.757167e-02  1.262107e+01  3.757167e-02 
  143698712   9.028426e+00   5.560469e-01   9.028426e+00   5.560469e-01 145200807210420210      21337      16093     0 2454668.679537  1.261097e+01  6.686906e-02  1.261097e+01  6.686906e-02 
  143698750   8.200243e+00   5.465530e-01   8.200243e+00   5.465530e-01 145200807210420590      21335      16089     0 2454668.679977  1.271543e+01  7.236546e-02  1.271543e+01  7.236546e-02 
  143699212   8.284374e+00   4.822490e-01   8.284374e+00   4.822490e-01 145200807210428400      21312      16043     0 2454668.685324  1.270435e+01  6.320297e-02  1.270435e+01  6.320297e-02 
  143699444   8.221361e+00   4.159724e-01   8.221361e+00   4.159724e-01 148200807210432330      22918      13724     0 2454668.688009  1.271264e+01  5.493468e-02  1.271264e+01  5.493468e-02 
  143699998   8.465361e+00   4.501241e-01   8.465361e+00   4.501241e-01 145200807210441470      21292      15972     0 2454668.694421  1.268089e+01  5.773148e-02  1.268089e+01  5.773148e-02 
  143700038   8.846256e+00   4.516084e-01   8.846256e+00   4.516084e-01 145200807210442260      21290      15969     0 2454668.694884  1.263310e+01  5.542789e-02  1.263310e+01  5.542789e-02 
  143700687   8.582463e+00   4.511370e-01   8.582463e+00   4.511370e-01 145200807210453140      21263      15932     0 2454668.702396  1.266597e+01  5.707191e-02  1.266597e+01  5.707191e-02 
  143700740   7.697691e+00   4.049880e-01   7.697691e+00   4.049880e-01 148200807210454070      22899      13903     0 2454668.703009  1.278410e+01  5.712254e-02  1.278410e+01  5.712254e-02 
  143701295   8.259345e+00   4.409980e-01   8.259345e+00   4.409980e-01 145200807210503220      21232      15873     0 2454668.709433  1.270764e+01  5.797181e-02  1.270764e+01  5.797181e-02 
  143701333   8.196997e+00   4.417845e-01   8.196997e+00   4.417845e-01 145200807210504010      21229      15871     0 2454668.709873  1.271586e+01  5.851694e-02  1.271586e+01  5.851694e-02 
  143701386   7.383835e+00   4.030809e-01   7.383835e+00   4.030809e-01 148200807210504540      22887      13993     0 2454668.710486  1.282930e+01  5.927015e-02  1.282930e+01  5.927015e-02 
  143701426   7.968567e+00   4.049948e-01   7.968567e+00   4.049948e-01 148200807210505330      22887      13998     0 2454668.710949  1.274655e+01  5.518169e-02  1.274655e+01  5.518169e-02 
  143702045   8.223277e+00   4.653355e-01   8.223277e+00   4.653355e-01 145200807210515530      21196      15832     0 2454668.718113  1.271239e+01  6.143942e-02  1.271239e+01  6.143942e-02 
  143702085   8.693106e+00   4.675791e-01   8.693106e+00   4.675791e-01 145200807210516320      21193      15831     0 2454668.718576  1.265206e+01  5.839908e-02  1.265206e+01  5.839908e-02 
  143702137   7.219245e+00   4.340123e-01   7.219245e+00   4.340123e-01 148200807210517250      22882      14085     0 2454668.719178  1.285377e+01  6.527337e-02  1.285377e+01  6.527337e-02 
  143785924   8.528819e+00   4.001032e-01   8.528819e+00   4.001032e-01 145200807220433460      21285      15813     0 2454669.688935  1.267278e+01  5.093413e-02  1.267278e+01  5.093413e-02 
  143785962   8.306716e+00   3.911791e-01   8.306716e+00   3.911791e-01 145200807220434240      21282      15809     0 2454669.689375  1.270143e+01  5.112957e-02  1.270143e+01  5.112957e-02 
  143787579   7.102871e+00   3.278028e-01   7.102871e+00   3.278028e-01 148200807220501210      22877      13999     0 2454669.708090  1.287142e+01  5.010771e-02  1.287142e+01  5.010771e-02 
  143787988   8.648472e+00   3.621804e-01   8.648472e+00   3.621804e-01 145200807220508110      21187      15659     0 2454669.712824  1.265765e+01  4.546858e-02  1.265765e+01  4.546858e-02 
  143788227   7.696019e+00   3.361586e-01   7.696019e+00   3.361586e-01 148200807220512090      22870      14081     0 2454669.715590  1.278433e+01  4.742463e-02  1.278433e+01  4.742463e-02 
  143788264   7.470108e+00   3.377989e-01   7.470108e+00   3.377989e-01 148200807220512470      22870      14084     0 2454669.716019  1.281668e+01  4.909725e-02  1.281668e+01  4.909725e-02 
  143788803   8.095626e+00   3.901897e-01   8.095626e+00   3.901897e-01 145200807220521460      21154      15637     0 2454669.722257  1.272937e+01  5.233006e-02  1.272937e+01  5.233006e-02 
  143788842   8.245714e+00   3.918442e-01   8.245714e+00   3.918442e-01 145200807220522240      21150      15635     0 2454669.722708  1.270943e+01  5.159540e-02  1.270943e+01  5.159540e-02 
  143789077   7.382367e+00   3.974508e-01   7.382367e+00   3.974508e-01 148200807220526190      22856      14179     0 2454669.725428  1.282951e+01  5.845391e-02  1.282951e+01  5.845391e-02 
  143789116   7.352153e+00   4.038529e-01   7.352153e+00   4.038529e-01 148200807220526580      22857      14182     0 2454669.725880  1.283396e+01  5.963957e-02  1.283396e+01  5.963957e-02 
  143872342   8.569366e+00   2.869981e-01   8.569366e+00   2.869981e-01 145200807230433590      21278      15784     0 2454670.689144  1.266763e+01  3.636270e-02  1.266763e+01  3.636270e-02 
  143872382   8.736114e+00   2.845198e-01   8.736114e+00   2.845198e-01 145200807230434380      21276      15782     0 2454670.689606  1.264670e+01  3.536063e-02  1.264670e+01  3.536063e-02 
  143872435   8.601791e+00   2.461943e-01   8.601791e+00   2.461943e-01 148200807230435310      22884      13820     0 2454670.690220  1.266353e+01  3.107527e-02  1.266353e+01  3.107527e-02 
  143872473   8.269148e+00   2.459522e-01   8.269148e+00   2.459522e-01 148200807230436100      22886      13824     0 2454670.690660  1.270635e+01  3.229355e-02  1.270635e+01  3.229355e-02 
  143873627   8.142612e+00   2.547224e-01   8.142612e+00   2.547224e-01 145200807230455230      21211      15693     0 2454670.704016  1.272309e+01  3.396481e-02  1.272309e+01  3.396481e-02 
  143873665   8.135184e+00   2.554060e-01   8.135184e+00   2.554060e-01 145200807230456020      21208      15691     0 2454670.704456  1.272408e+01  3.408705e-02  1.272408e+01  3.408705e-02 
  143873718   8.393134e+00   2.387405e-01   8.393134e+00   2.387405e-01 148200807230456550      22878      13992     0 2454670.705069  1.269019e+01  3.088358e-02  1.269019e+01  3.088358e-02 
  143873758   8.072712e+00   2.356722e-01   8.072712e+00   2.356722e-01 148200807230457340      22879      13997     0 2454670.705532  1.273245e+01  3.169674e-02  1.273245e+01  3.169674e-02 
  143874378   8.335177e+00   2.381196e-01   8.335177e+00   2.381196e-01 148200807230507550      22880      14078     0 2454670.712708  1.269771e+01  3.101745e-02  1.269771e+01  3.101745e-02 
  143874418   8.230785e+00   2.393092e-01   8.230785e+00   2.393092e-01 148200807230508340      22881      14081     0 2454670.713171  1.271140e+01  3.156777e-02  1.271140e+01  3.156777e-02 
  143875047   8.348872e+00   2.753463e-01   8.348872e+00   2.753463e-01 145200807230519030      21142      15637     0 2454670.720451  1.269593e+01  3.580778e-02  1.269593e+01  3.580778e-02 
  143875138   7.629795e+00   2.638541e-01   7.629795e+00   2.638541e-01 148200807230520350      22864      14168     0 2454670.721505  1.279372e+01  3.754714e-02  1.279372e+01  3.754714e-02 
  143875178   8.241481e+00   2.649842e-01   8.241481e+00   2.649842e-01 148200807230521140      22865      14172     0 2454670.721968  1.270999e+01  3.490925e-02  1.270999e+01  3.490925e-02 
  143875612   8.560539e+00   3.390409e-01   8.560539e+00   3.390409e-01 145200807230528280      21121      15608     0 2454670.726991  1.266875e+01  4.300083e-02  1.266875e+01  4.300083e-02 
  143875649   8.404913e+00   3.480431e-01   8.404913e+00   3.480431e-01 145200807230529060      21117      15607     0 2454670.727419  1.268867e+01  4.495993e-02  1.268867e+01  4.495993e-02 
  143875703   8.592147e+00   3.493402e-01   8.592147e+00   3.493402e-01 148200807230530000      22857      14223     0 2454670.728044  1.266475e+01  4.414410e-02  1.266475e+01  4.414410e-02 
  143875741   8.354324e+00   3.612428e-01   8.354324e+00   3.612428e-01 148200807230530380      22856      14226     0 2454670.728484  1.269522e+01  4.694763e-02  1.269522e+01  4.694763e-02 
